r(8,0,2,0,0)
r(3,0,2,0,1)
r(1,0,2,0,2)
r(1,0,2,0,3)
r(2,0,2,0,4)
r(9,0,2,0,5)
w(1,401,2,0,6)
w(2,402,2,0,7)
w(4,403,2,0,8)
w(7,404,2,0,9)
r(0,0,2,1,10)
r(2,402,2,1,11)
r(0,0,2,1,12)
r(8,0,2,1,13)
r(3,0,2,1,14)
r(0,0,2,1,15)
r(3,0,2,1,16)
r(9,0,2,1,17)
r(0,0,2,1,18)
r(1,401,2,1,19)
r(7,404,2,2,20)
r(0,0,2,2,21)
r(2,402,2,2,22)
r(3,0,2,2,23)
r(2,402,2,2,24)
r(4,403,2,2,25)
r(7,404,2,2,26)
r(2,402,2,2,27)
r(1,401,2,2,28)
r(8,0,2,2,29)
r(4,403,2,3,30)
r(0,0,2,3,31)
r(5,0,2,3,32)
r(8,0,2,3,33)
r(3,0,2,3,34)
r(2,402,2,3,35)
r(1,401,2,3,36)
r(9,0,2,3,37)
r(5,0,2,3,38)
r(9,0,2,3,39)
r(9,0,2,4,40)
r(7,404,2,4,41)
r(3,0,2,4,42)
r(5,0,2,4,43)
r(2,402,2,4,44)
r(6,0,2,4,45)
w(2,405,2,4,46)
w(5,406,2,4,47)
w(9,407,2,4,48)
w(5,408,2,4,49)
w(5,417,2,6,60)
w(7,418,2,6,61)
w(0,419,2,6,62)
w(1,420,2,6,63)
w(3,421,2,6,64)
w(6,422,2,6,65)
w(5,423,2,6,66)
w(7,424,2,6,67)
w(3,425,2,6,68)
w(1,426,2,6,69)
r(5,233,2,11,110)
r(9,244,2,11,111)
r(4,242,2,11,112)
r(7,239,2,11,113)
r(8,238,2,11,114)
r(2,246,2,11,115)
r(3,245,2,11,116)
r(5,233,2,11,117)
w(7,449,2,11,118)
w(5,450,2,11,119)
w(3,451,2,12,120)
w(8,452,2,12,121)
w(1,453,2,12,122)
w(4,454,2,12,123)
w(7,455,2,12,124)
w(2,456,2,12,125)
w(3,457,2,12,126)
w(2,458,2,12,127)
w(2,459,2,12,128)
w(5,460,2,12,129)
w(6,461,2,13,130)
w(6,462,2,13,131)
w(3,463,2,13,132)
w(6,464,2,13,133)
w(5,465,2,13,134)
w(5,466,2,13,135)
w(2,467,2,13,136)
w(2,468,2,13,137)
w(6,469,2,13,138)
w(6,470,2,13,139)
