r(51,0,6,1,20)
r(56,0,6,1,21)
r(38,0,6,1,22)
r(41,0,6,1,23)
r(68,0,6,1,24)
r(70,4810,6,1,25)
r(85,4806,6,1,26)
r(41,0,6,1,27)
r(60,4817,6,1,28)
r(89,0,6,1,29)
r(76,0,6,1,30)
r(84,0,6,1,31)
r(88,0,6,1,32)
r(46,4820,6,1,33)
r(95,0,6,1,34)
r(43,0,6,1,35)
r(4,4812,6,1,36)
r(96,0,6,1,37)
r(19,0,6,1,38)
r(48,0,6,1,39)
r(68,0,6,2,40)
r(20,0,6,2,41)
r(11,0,6,2,42)
r(79,0,6,2,43)
r(63,0,6,2,44)
r(72,0,6,2,45)
r(41,0,6,2,46)
r(38,0,6,2,47)
r(43,0,6,2,48)
r(38,0,6,2,49)
r(56,0,6,2,50)
r(89,0,6,2,51)
w(94,3612,6,2,52)
w(66,3613,6,2,53)
w(40,3614,6,2,54)
w(33,3615,6,2,55)
w(60,3616,6,2,56)
w(85,3617,6,2,57)
w(4,3618,6,2,58)
w(8,3619,6,2,59)
r(34,0,6,3,60)
r(85,3617,6,3,61)
r(30,0,6,3,62)
r(10,0,6,3,63)
r(95,0,6,3,64)
r(74,4813,6,3,65)
r(72,4824,6,3,66)
r(48,0,6,3,67)
r(55,4804,6,3,68)
r(77,0,6,3,69)
r(75,4811,6,3,70)
r(90,0,6,3,71)
r(33,3615,6,3,72)
r(92,0,6,3,73)
r(23,0,6,3,74)
r(3,0,6,3,75)
r(38,4822,6,3,76)
r(23,0,6,3,77)
r(98,0,6,3,78)
r(3,0,6,3,79)
r(0,4825,6,6,120)
r(28,0,6,6,121)
r(53,0,6,6,122)
r(98,4212,6,6,123)
r(38,4822,6,6,124)
r(7,0,6,6,125)
r(27,4814,6,6,126)
r(75,4222,6,6,127)
r(26,0,6,6,128)
r(39,4224,6,6,129)
r(70,4810,6,6,130)
r(39,4224,6,6,131)
r(77,0,6,6,132)
w(13,3639,6,6,133)
w(4,3640,6,6,134)
w(57,3641,6,6,135)
w(9,3642,6,6,136)
w(15,3643,6,6,137)
w(75,3644,6,6,138)
w(19,3645,6,6,139)
r(18,4803,6,7,140)
r(81,4214,6,7,141)
r(52,4815,6,7,142)
r(7,0,6,7,143)
r(65,4202,6,7,144)
r(20,4238,6,7,145)
r(71,0,6,7,146)
r(55,4213,6,7,147)
w(69,3646,6,7,148)
w(12,3647,6,7,149)
w(93,3648,6,7,150)
w(65,3649,6,7,151)
w(8,3650,6,7,152)
w(21,3651,6,7,153)
w(73,3652,6,7,154)
w(35,3653,6,7,155)
w(40,3654,6,7,156)
w(20,3655,6,7,157)
w(92,3656,6,7,158)
w(38,3657,6,7,159)
w(89,3658,6,8,160)
w(27,3659,6,8,161)
w(45,3660,6,8,162)
w(46,3661,6,8,163)
w(96,3662,6,8,164)
w(1,3663,6,8,165)
w(38,3664,6,8,166)
w(74,3665,6,8,167)
w(24,3666,6,8,168)
w(51,3667,6,8,169)
w(54,3668,6,8,170)
w(96,3669,6,8,171)
w(0,3670,6,8,172)
w(49,3671,6,8,173)
w(8,3672,6,8,174)
w(55,3673,6,8,175)
w(56,3674,6,8,176)
w(93,3675,6,8,177)
w(16,3676,6,8,178)
w(91,3677,6,8,179)
r(51,4365,6,11,220)
r(66,4286,6,11,221)
r(96,3669,6,11,222)
r(71,4305,6,11,223)
r(97,0,6,11,224)
r(2,4307,6,11,225)
r(67,0,6,11,226)
r(44,4255,6,11,227)
r(68,4306,6,11,228)
r(53,4361,6,11,229)
r(80,4336,6,11,230)
r(0,4279,6,11,231)
r(41,4342,6,11,232)
r(44,4255,6,11,233)
r(8,4312,6,11,234)
r(34,4225,6,11,235)
r(59,4228,6,11,236)
r(37,4239,6,11,237)
r(13,3639,6,11,238)
r(78,4246,6,11,239)
r(3,4252,6,13,260)
r(65,3649,6,13,261)
r(87,4370,6,13,262)
r(41,4342,6,13,263)
r(31,2421,6,13,264)
r(70,4319,6,13,265)
r(11,4359,6,13,266)
r(4,4320,6,13,267)
r(98,4335,6,13,268)
r(71,2414,6,13,269)
r(18,4803,6,13,270)
r(84,2417,6,13,271)
w(76,3705,6,13,272)
w(59,3706,6,13,273)
w(42,3707,6,13,274)
w(52,3708,6,13,275)
w(55,3709,6,13,276)
w(69,3710,6,13,277)
w(87,3711,6,13,278)
w(2,3712,6,13,279)
r(25,4341,6,14,280)
r(2,3712,6,14,281)
r(81,2419,6,14,282)
r(0,2425,6,14,283)
r(3,2428,6,14,284)
r(71,2414,6,14,285)
r(24,3012,6,14,286)
r(46,4299,6,14,287)
r(47,4204,6,14,288)
r(90,0,6,14,289)
r(41,4342,6,14,290)
w(29,3713,6,14,291)
w(87,3714,6,14,292)
w(55,3715,6,14,293)
w(85,3716,6,14,294)
w(29,3717,6,14,295)
w(6,3718,6,14,296)
w(62,3719,6,14,297)
w(87,3720,6,14,298)
w(60,3721,6,14,299)
r(68,4306,6,16,320)
r(0,2425,6,16,321)
r(49,2434,6,16,322)
r(47,4204,6,16,323)
r(2,3712,6,16,324)
r(58,0,6,16,325)
r(45,2435,6,16,326)
r(33,4904,6,16,327)
r(13,3639,6,16,328)
r(64,2441,6,16,329)
r(47,4204,6,16,330)
r(14,3016,6,16,331)
r(80,4336,6,16,332)
r(78,4246,6,16,333)
r(79,4366,6,16,334)
r(37,4239,6,16,335)
r(85,3716,6,16,336)
r(23,2430,6,16,337)
r(63,0,6,16,338)
r(22,3014,6,16,339)
r(50,4819,6,17,340)
r(98,4335,6,17,341)
r(37,4239,6,17,342)
r(33,4904,6,17,343)
r(34,2420,6,17,344)
r(7,4945,6,17,345)
r(38,4946,6,17,346)
r(62,3719,6,17,347)
r(24,4942,6,17,348)
r(3,2439,6,17,349)
r(21,3651,6,17,350)
r(59,2436,6,17,351)
w(96,3730,6,17,352)
w(78,3731,6,17,353)
w(73,3732,6,17,354)
w(70,3733,6,17,355)
w(54,3734,6,17,356)
w(93,3735,6,17,357)
w(26,3736,6,17,358)
w(50,3737,6,17,359)
r(67,0,6,18,360)
r(84,2417,6,18,361)
r(49,2434,6,18,362)
r(75,4295,6,18,363)
r(52,3708,6,18,364)
r(57,4944,6,18,365)
r(21,2448,6,18,366)
r(32,4897,6,18,367)
r(64,2441,6,18,368)
r(32,4897,6,18,369)
r(29,3717,6,18,370)
r(48,4294,6,18,371)
r(47,2451,6,18,372)
r(34,2420,6,18,373)
r(85,3716,6,18,374)
r(83,4309,6,18,375)
r(30,4304,6,18,376)
r(33,4904,6,18,377)
r(49,2434,6,18,378)
r(95,4954,6,18,379)
r(53,4361,6,19,380)
r(49,2434,6,19,381)
r(74,3665,6,19,382)
r(21,2448,6,19,383)
r(54,3734,6,19,384)
r(43,2449,6,19,385)
r(68,4952,6,19,386)
r(80,4336,6,19,387)
r(17,0,6,19,388)
r(12,4941,6,19,389)
r(64,2441,6,19,390)
r(83,4309,6,19,391)
w(52,3738,6,19,392)
w(43,3739,6,19,393)
w(50,3740,6,19,394)
w(85,3741,6,19,395)
w(18,3742,6,19,396)
w(21,3743,6,19,397)
w(70,3744,6,19,398)
w(59,3745,6,19,399)
r(86,4325,6,20,400)
r(29,1864,6,20,401)
r(2,3712,6,20,402)
r(8,4312,6,20,403)
r(16,3676,6,20,404)
r(75,4295,6,20,405)
r(97,2446,6,20,406)
r(13,3639,6,20,407)
r(39,2418,6,20,408)
r(9,4277,6,20,409)
r(52,3738,6,20,410)
r(43,3739,6,20,411)
r(96,3730,6,20,412)
r(75,4295,6,20,413)
r(18,3742,6,20,414)
r(33,4904,6,20,415)
r(29,1864,6,20,416)
r(40,2437,6,20,417)
r(9,4277,6,20,418)
r(46,4959,6,20,419)
r(37,2445,6,22,440)
r(58,1878,6,22,441)
r(47,2451,6,22,442)
r(13,3639,6,22,443)
r(94,4256,6,22,444)
r(39,3074,6,22,445)
r(92,3656,6,22,446)
r(55,3068,6,22,447)
r(98,3073,6,22,448)
r(32,4897,6,22,449)
r(59,4972,6,22,450)
r(45,2435,6,22,451)
r(91,3677,6,22,452)
r(70,3744,6,22,453)
r(99,2426,6,22,454)
r(29,1864,6,22,455)
r(47,2451,6,22,456)
r(52,3738,6,22,457)
r(80,2472,6,22,458)
r(4,4320,6,22,459)
r(68,2539,6,27,540)
r(68,2539,6,27,541)
r(4,1968,6,27,542)
r(55,5021,6,27,543)
r(80,2519,6,27,544)
r(51,2551,6,27,545)
r(9,1238,6,27,546)
r(73,2550,6,27,547)
r(34,1961,6,27,548)
r(78,1243,6,27,549)
r(60,1969,6,27,550)
r(7,5017,6,27,551)
r(8,1945,6,27,552)
r(54,1250,6,27,553)
r(35,3132,6,27,554)
r(90,2515,6,27,555)
r(28,1971,6,27,556)
r(22,1962,6,27,557)
r(50,1972,6,27,558)
r(22,1962,6,27,559)
w(38,3675,6,36,720)
w(96,3676,6,36,721)
w(23,3677,6,36,722)
w(91,3678,6,36,723)
w(82,3679,6,36,724)
w(48,3680,6,36,725)
w(44,3681,6,36,726)
w(14,3682,6,36,727)
w(2,3683,6,36,728)
w(36,3684,6,36,729)
w(12,3685,6,36,730)
w(46,3686,6,36,731)
w(65,3687,6,36,732)
w(12,3688,6,36,733)
w(5,3689,6,36,734)
w(42,3690,6,36,735)
w(95,3691,6,36,736)
w(86,3692,6,36,737)
w(37,3693,6,36,738)
w(36,3694,6,36,739)
w(91,3695,6,37,740)
w(31,3696,6,37,741)
w(20,3697,6,37,742)
w(56,3698,6,37,743)
w(15,3699,6,37,744)
w(61,3700,6,37,745)
w(50,3701,6,37,746)
w(82,3702,6,37,747)
w(35,3703,6,37,748)
w(67,3704,6,37,749)
w(81,3705,6,37,750)
w(26,3706,6,37,751)
w(98,3707,6,37,752)
w(67,3708,6,37,753)
w(91,3709,6,37,754)
w(2,3710,6,37,755)
w(45,3711,6,37,756)
w(46,3712,6,37,757)
w(35,3713,6,37,758)
w(70,3714,6,37,759)
r(48,3680,6,39,780)
r(95,3691,6,39,781)
r(25,4303,6,39,782)
r(56,3698,6,39,783)
r(34,4300,6,39,784)
r(73,288,6,39,785)
r(13,791,6,39,786)
r(59,4282,6,39,787)
w(3,3725,6,39,788)
w(71,3726,6,39,789)
w(57,3727,6,39,790)
w(98,3728,6,39,791)
w(8,3729,6,39,792)
w(99,3730,6,39,793)
w(55,3731,6,39,794)
w(43,3732,6,39,795)
w(64,3733,6,39,796)
w(38,3734,6,39,797)
w(82,3735,6,39,798)
w(92,3736,6,39,799)
r(5,3689,6,40,800)
r(77,58,6,40,801)
r(87,48,6,40,802)
r(85,4318,6,40,803)
r(33,222,6,40,804)
r(58,322,6,40,805)
r(89,4310,6,40,806)
r(98,3728,6,40,807)
r(34,4308,6,40,808)
r(44,3681,6,40,809)
r(4,57,6,40,810)
w(5,3737,6,40,811)
w(11,3738,6,40,812)
w(45,3739,6,40,813)
w(42,3740,6,40,814)
w(88,3741,6,40,815)
w(76,3742,6,40,816)
w(68,3743,6,40,817)
w(51,3744,6,40,818)
w(41,3745,6,40,819)
r(15,3699,6,41,820)
r(12,4315,6,41,821)
r(43,3732,6,41,822)
r(48,3680,6,41,823)
r(28,4321,6,41,824)
r(41,3745,6,41,825)
r(87,48,6,41,826)
r(25,834,6,41,827)
r(81,833,6,41,828)
r(28,4321,6,41,829)
r(60,4306,6,41,830)
w(59,3746,6,41,831)
w(96,3747,6,41,832)
w(10,3748,6,41,833)
w(3,3749,6,41,834)
w(85,3750,6,41,835)
w(97,3751,6,41,836)
w(23,3752,6,41,837)
w(94,3753,6,41,838)
w(96,3754,6,41,839)
r(9,808,6,42,840)
r(74,73,6,42,841)
r(55,3731,6,42,842)
r(2,838,6,42,843)
r(57,3727,6,42,844)
r(0,819,6,42,845)
r(68,3743,6,42,846)
r(31,3696,6,42,847)
r(40,269,6,42,848)
r(87,48,6,42,849)
r(9,808,6,42,850)
w(86,3755,6,42,851)
w(53,3756,6,42,852)
w(72,3757,6,42,853)
w(2,3758,6,42,854)
w(70,3759,6,42,855)
w(12,3760,6,42,856)
w(67,3761,6,42,857)
w(7,3762,6,42,858)
w(44,3763,6,42,859)
r(90,852,6,43,860)
r(76,846,6,43,861)
r(87,859,6,43,862)
r(63,4277,6,43,863)
r(12,3760,6,43,864)
r(14,3682,6,43,865)
r(97,3751,6,43,866)
r(11,847,6,43,867)
r(59,3746,6,43,868)
w(46,3764,6,43,869)
w(71,3765,6,43,870)
w(10,3766,6,43,871)
w(59,3767,6,43,872)
w(38,3768,6,43,873)
w(73,3769,6,43,874)
w(10,3770,6,43,875)
w(6,3771,6,43,876)
w(87,3772,6,43,877)
w(70,3773,6,43,878)
w(15,3774,6,43,879)
w(59,3601,6,44,880)
w(58,3602,6,44,881)
w(15,3603,6,44,882)
w(0,3604,6,44,883)
w(72,3605,6,44,884)
w(76,3606,6,44,885)
w(15,3607,6,44,886)
w(49,3608,6,44,887)
w(75,3609,6,44,888)
w(43,3610,6,44,889)
w(41,3611,6,44,890)
w(38,3612,6,44,891)
w(34,3613,6,44,892)
w(14,3614,6,44,893)
w(51,3615,6,44,894)
w(69,3616,6,44,895)
w(6,3617,6,44,896)
w(28,3618,6,44,897)
w(73,3619,6,44,898)
w(39,3620,6,44,899)
r(53,602,6,45,900)
r(93,604,6,45,901)
r(66,244,6,45,902)
r(42,4337,6,45,903)
r(27,798,6,45,904)
r(4,831,6,45,905)
r(7,3762,6,45,906)
r(86,3755,6,45,907)
r(32,112,6,45,908)
w(20,3621,6,45,909)
w(84,3622,6,45,910)
w(27,3623,6,45,911)
w(98,3624,6,45,912)
w(43,3625,6,45,913)
w(71,3626,6,45,914)
w(38,3627,6,45,915)
w(90,3628,6,45,916)
w(45,3629,6,45,917)
w(93,3630,6,45,918)
w(22,3631,6,45,919)
r(13,836,6,46,920)
r(68,3743,6,46,921)
r(61,3700,6,46,922)
r(34,3613,6,46,923)
r(2,3758,6,46,924)
r(84,3622,6,46,925)
r(79,607,6,46,926)
r(6,3617,6,46,927)
r(82,4323,6,46,928)
r(75,3609,6,46,929)
r(4,831,6,46,930)
r(7,3762,6,46,931)
r(89,4334,6,46,932)
r(86,3755,6,46,933)
r(44,3763,6,46,934)
r(10,3770,6,46,935)
r(50,3701,6,46,936)
r(8,3729,6,46,937)
r(79,607,6,46,938)
r(45,3629,6,46,939)
r(71,3626,6,48,960)
r(38,3627,6,48,961)
r(32,112,6,48,962)
r(45,3629,6,48,963)
r(45,3629,6,48,964)
r(83,851,6,48,965)
r(68,3743,6,48,966)
r(80,853,6,48,967)
r(81,833,6,48,968)
r(65,857,6,48,969)
r(52,4319,6,48,970)
r(75,3609,6,48,971)
w(63,3652,6,48,972)
w(62,3653,6,48,973)
w(34,3654,6,48,974)
w(66,3655,6,48,975)
w(16,3656,6,48,976)
w(85,3657,6,48,977)
w(59,3658,6,48,978)
w(10,3659,6,48,979)
r(38,3627,6,49,980)
r(6,3617,6,49,981)
r(3,4241,6,49,982)
r(0,3604,6,49,983)
r(31,4247,6,49,984)
r(98,3624,6,49,985)
r(9,808,6,49,986)
r(59,3658,6,49,987)
r(86,3755,6,49,988)
r(89,4242,6,49,989)
w(30,3660,6,49,990)
w(47,3661,6,49,991)
w(20,3662,6,49,992)
w(90,3663,6,49,993)
w(84,3664,6,49,994)
w(72,3665,6,49,995)
w(43,3666,6,49,996)
w(52,3667,6,49,997)
w(71,3668,6,49,998)
w(49,3669,6,49,999)
