w(92,2001,1,0,0)
w(75,2002,1,0,1)
w(24,2003,1,0,2)
w(78,2004,1,0,3)
w(24,2005,1,0,4)
w(28,2006,1,0,5)
w(85,2007,1,0,6)
w(82,2008,1,0,7)
w(77,2009,1,0,8)
w(73,2010,1,0,9)
w(72,2011,1,0,10)
w(63,2012,1,0,11)
w(98,2013,1,0,12)
w(83,2014,1,0,13)
w(59,2015,1,0,14)
w(22,2016,1,0,15)
w(14,2017,1,0,16)
w(51,2018,1,0,17)
w(17,2019,1,0,18)
w(59,2020,1,0,19)
r(27,0,1,1,20)
r(4,0,1,1,21)
r(8,0,1,1,22)
r(73,2010,1,1,23)
r(36,0,1,1,24)
r(65,0,1,1,25)
r(79,0,1,1,26)
r(66,0,1,1,27)
r(30,0,1,1,28)
r(77,2009,1,1,29)
r(74,0,1,1,30)
r(26,0,1,1,31)
r(56,0,1,1,32)
r(44,0,1,1,33)
r(36,0,1,1,34)
w(72,2021,1,1,35)
w(34,2022,1,1,36)
w(64,2023,1,1,37)
w(55,2024,1,1,38)
w(91,2025,1,1,39)
r(21,6011,1,2,40)
r(66,6008,1,2,41)
r(66,6008,1,2,42)
r(61,0,1,2,43)
r(49,0,1,2,44)
r(28,4010,1,2,45)
r(88,0,1,2,46)
r(68,4017,1,2,47)
r(9,0,1,2,48)
r(91,2025,1,2,49)
r(30,0,1,2,50)
w(65,2026,1,2,51)
w(24,2027,1,2,52)
w(15,2028,1,2,53)
w(34,2029,1,2,54)
w(7,2030,1,2,55)
w(15,2031,1,2,56)
w(63,2032,1,2,57)
w(36,2033,1,2,58)
w(50,2034,1,2,59)
r(66,6029,1,3,60)
r(36,2033,1,3,61)
r(53,0,1,3,62)
r(66,6029,1,3,63)
r(3,6010,1,3,64)
r(91,2025,1,3,65)
r(59,2020,1,3,66)
r(56,0,1,3,67)
r(99,4012,1,3,68)
r(40,0,1,3,69)
r(84,0,1,3,70)
r(43,0,1,3,71)
r(23,10013,1,3,72)
r(51,10007,1,3,73)
r(15,2031,1,3,74)
r(91,2025,1,3,75)
r(80,6030,1,3,76)
r(39,0,1,3,77)
r(10,0,1,3,78)
r(96,10010,1,3,79)
r(85,2007,1,4,80)
r(23,10013,1,4,81)
r(9,0,1,4,82)
r(74,0,1,4,83)
r(79,10006,1,4,84)
r(67,6025,1,4,85)
r(3,6010,1,4,86)
r(0,0,1,4,87)
w(3,2035,1,4,88)
w(29,2036,1,4,89)
w(24,2037,1,4,90)
w(52,2038,1,4,91)
w(5,2039,1,4,92)
w(55,2040,1,4,93)
w(47,2041,1,4,94)
w(55,2042,1,4,95)
w(36,2043,1,4,96)
w(7,2044,1,4,97)
w(99,2045,1,4,98)
w(15,2046,1,4,99)
w(29,2047,1,5,100)
w(64,2048,1,5,101)
w(5,2049,1,5,102)
w(48,2050,1,5,103)
w(66,2051,1,5,104)
w(6,2052,1,5,105)
w(96,2053,1,5,106)
w(62,2054,1,5,107)
w(19,2055,1,5,108)
w(90,2056,1,5,109)
w(53,2057,1,5,110)
w(99,2058,1,5,111)
w(92,2059,1,5,112)
w(53,2060,1,5,113)
w(1,2061,1,5,114)
w(1,2062,1,5,115)
w(85,2063,1,5,116)
w(39,2064,1,5,117)
w(84,2065,1,5,118)
w(35,2066,1,5,119)
r(37,10055,1,6,120)
r(83,6059,1,6,121)
r(4,8016,1,6,122)
r(24,2037,1,6,123)
r(89,4035,1,6,124)
r(85,2063,1,6,125)
r(81,6002,1,6,126)
r(57,10017,1,6,127)
r(81,6002,1,6,128)
r(53,2060,1,6,129)
w(79,2067,1,6,130)
w(60,2068,1,6,131)
w(63,2069,1,6,132)
w(68,2070,1,6,133)
w(30,2071,1,6,134)
w(99,2072,1,6,135)
w(6,2073,1,6,136)
w(89,2074,1,6,137)
w(57,2075,1,6,138)
w(35,2076,1,6,139)
r(39,2064,1,7,140)
r(89,2074,1,7,141)
r(16,6075,1,7,142)
r(19,10024,1,7,143)
r(70,0,1,7,144)
r(64,10051,1,7,145)
r(63,2069,1,7,146)
w(82,2077,1,7,147)
w(90,2078,1,7,148)
w(96,2079,1,7,149)
w(81,2080,1,7,150)
w(0,2081,1,7,151)
w(49,2082,1,7,152)
w(19,2083,1,7,153)
w(83,2084,1,7,154)
w(85,2085,1,7,155)
w(68,2086,1,7,156)
w(26,2087,1,7,157)
w(50,2088,1,7,158)
w(80,2089,1,7,159)
r(39,2064,1,8,160)
r(79,4052,1,8,161)
r(67,4074,1,8,162)
r(99,8062,1,8,163)
r(3,8067,1,8,164)
r(39,2064,1,8,165)
r(70,6084,1,8,166)
r(26,2087,1,8,167)
r(19,2083,1,8,168)
r(68,2086,1,8,169)
r(80,4077,1,8,170)
r(14,8070,1,8,171)
r(82,2077,1,8,172)
r(19,2083,1,8,173)
r(60,8068,1,8,174)
r(6,2073,1,8,175)
r(82,2077,1,8,176)
r(83,10075,1,8,177)
r(19,2083,1,8,178)
r(96,2079,1,8,179)
r(22,4032,1,9,180)
r(59,4069,1,9,181)
r(46,4076,1,9,182)
r(93,10061,1,9,183)
r(71,6069,1,9,184)
r(11,4002,1,9,185)
r(37,4070,1,9,186)
r(29,4034,1,9,187)
r(94,10066,1,9,188)
w(82,2090,1,9,189)
w(62,2091,1,9,190)
w(78,2092,1,9,191)
w(74,2093,1,9,192)
w(24,2094,1,9,193)
w(48,2095,1,9,194)
w(16,2096,1,9,195)
w(96,2097,1,9,196)
w(49,2098,1,9,197)
w(8,2099,1,9,198)
w(46,2100,1,9,199)
r(14,8070,1,10,200)
r(80,4077,1,10,201)
r(14,8070,1,10,202)
r(76,6085,1,10,203)
r(49,2098,1,10,204)
r(92,4082,1,10,205)
r(98,4072,1,10,206)
r(30,10074,1,10,207)
w(99,2101,1,10,208)
w(19,2102,1,10,209)
w(55,2103,1,10,210)
w(22,2104,1,10,211)
w(48,2105,1,10,212)
w(27,2106,1,10,213)
w(88,2107,1,10,214)
w(84,2108,1,10,215)
w(78,2109,1,10,216)
w(4,2110,1,10,217)
w(30,2111,1,10,218)
w(42,2112,1,10,219)
r(4,2110,1,11,220)
r(19,2102,1,11,221)
r(92,4082,1,11,222)
r(16,8083,1,11,223)
r(87,10009,1,11,224)
r(38,10091,1,11,225)
r(2,10089,1,11,226)
r(45,10072,1,11,227)
r(6,10088,1,11,228)
r(0,8087,1,11,229)
r(12,6076,1,11,230)
r(71,4090,1,11,231)
r(24,4087,1,11,232)
r(84,2108,1,11,233)
r(12,6076,1,11,234)
r(5,4094,1,11,235)
r(99,2101,1,11,236)
r(87,10009,1,11,237)
r(43,4093,1,11,238)
r(73,4103,1,11,239)
r(74,2093,1,12,240)
r(67,10095,1,12,241)
r(97,6098,1,12,242)
r(80,6103,1,12,243)
r(77,6070,1,12,244)
r(60,4106,1,12,245)
r(18,10090,1,12,246)
r(34,10099,1,12,247)
r(83,4098,1,12,248)
r(32,4092,1,12,249)
r(43,4093,1,12,250)
r(92,4082,1,12,251)
r(5,4094,1,12,252)
r(42,2112,1,12,253)
r(83,4098,1,12,254)
r(27,6100,1,12,255)
r(21,8015,1,12,256)
r(91,8073,1,12,257)
r(95,8074,1,12,258)
r(68,2086,1,12,259)
r(87,10009,1,13,260)
r(31,6079,1,13,261)
r(0,8087,1,13,262)
r(37,4107,1,13,263)
r(87,10009,1,13,264)
r(71,4090,1,13,265)
r(61,4108,1,13,266)
r(74,2093,1,13,267)
r(82,6096,1,13,268)
r(85,10077,1,13,269)
r(19,2102,1,13,270)
r(63,8085,1,13,271)
r(14,8070,1,13,272)
r(47,6099,1,13,273)
r(75,4109,1,13,274)
r(6,10088,1,13,275)
r(75,4109,1,13,276)
r(72,4068,1,13,277)
r(73,4103,1,13,278)
r(52,8042,1,13,279)
r(3,10097,1,14,280)
r(76,10098,1,14,281)
r(92,4082,1,14,282)
r(95,8074,1,14,283)
r(86,10078,1,14,284)
r(52,8042,1,14,285)
r(28,4062,1,14,286)
r(36,10096,1,14,287)
r(55,8084,1,14,288)
w(38,2113,1,14,289)
w(79,2114,1,14,290)
w(83,2115,1,14,291)
w(35,2116,1,14,292)
w(74,2117,1,14,293)
w(86,2118,1,14,294)
w(45,2119,1,14,295)
w(77,2120,1,14,296)
w(37,2121,1,14,297)
w(65,2122,1,14,298)
w(2,2123,1,14,299)
r(80,6103,1,15,300)
r(79,4052,1,15,301)
r(14,8070,1,15,302)
r(69,0,1,15,303)
r(42,24033,1,15,304)
r(86,2118,1,15,305)
r(3,24011,1,15,306)
r(12,4114,1,15,307)
r(39,4101,1,15,308)
w(31,2124,1,15,309)
w(4,2125,1,15,310)
w(49,2126,1,15,311)
w(81,2127,1,15,312)
w(29,2128,1,15,313)
w(0,2129,1,15,314)
w(39,2130,1,15,315)
w(15,2131,1,15,316)
w(78,2132,1,15,317)
w(25,2133,1,15,318)
w(17,2134,1,15,319)
r(97,10108,1,16,320)
r(34,34016,1,16,321)
r(40,24029,1,16,322)
r(47,24008,1,16,323)
r(99,2101,1,16,324)
r(56,6104,1,16,325)
r(7,4137,1,16,326)
r(69,0,1,16,327)
r(33,22021,1,16,328)
r(95,8074,1,16,329)
r(62,4091,1,16,330)
r(78,2132,1,16,331)
r(26,4129,1,16,332)
w(34,2135,1,16,333)
w(50,2136,1,16,334)
w(81,2137,1,16,335)
w(61,2138,1,16,336)
w(36,2139,1,16,337)
w(97,2140,1,16,338)
w(29,2141,1,16,339)
r(29,2141,1,17,340)
r(69,6117,1,17,341)
r(15,2131,1,17,342)
r(14,8070,1,17,343)
r(86,26029,1,17,344)
r(35,22020,1,17,345)
r(96,24015,1,17,346)
r(16,6120,1,17,347)
w(21,2142,1,17,348)
w(75,2143,1,17,349)
w(62,2144,1,17,350)
w(60,2145,1,17,351)
w(27,2146,1,17,352)
w(52,2147,1,17,353)
w(95,2148,1,17,354)
w(25,2149,1,17,355)
w(36,2150,1,17,356)
w(91,2151,1,17,357)
w(2,2152,1,17,358)
w(43,2153,1,17,359)
r(44,34056,1,18,360)
r(82,20040,1,18,361)
r(79,22037,1,18,362)
r(51,6064,1,18,363)
r(44,34056,1,18,364)
r(89,20037,1,18,365)
r(64,22042,1,18,366)
r(65,4152,1,18,367)
w(59,2154,1,18,368)
w(55,2155,1,18,369)
w(71,2156,1,18,370)
w(49,2157,1,18,371)
w(60,2158,1,18,372)
w(98,2159,1,18,373)
w(77,2160,1,18,374)
w(29,2161,1,18,375)
w(53,2162,1,18,376)
w(1,2163,1,18,377)
w(39,2164,1,18,378)
w(47,2165,1,18,379)
r(84,48014,1,19,380)
r(64,22055,1,19,381)
r(75,34082,1,19,382)
r(58,6157,1,19,383)
r(58,6157,1,19,384)
r(75,34082,1,19,385)
r(97,4166,1,19,386)
r(93,34019,1,19,387)
r(65,6167,1,19,388)
r(46,4171,1,19,389)
w(3,2166,1,19,390)
w(69,2167,1,19,391)
w(74,2168,1,19,392)
w(57,2169,1,19,393)
w(59,2170,1,19,394)
w(15,2171,1,19,395)
w(0,2172,1,19,396)
w(65,2173,1,19,397)
w(83,2174,1,19,398)
w(0,2175,1,19,399)
r(72,4149,1,20,400)
r(0,2175,1,20,401)
r(84,54011,1,20,402)
r(74,22036,1,20,403)
r(42,6177,1,20,404)
r(27,6166,1,20,405)
r(58,6157,1,20,406)
r(4,26056,1,20,407)
r(10,4187,1,20,408)
w(41,2176,1,20,409)
w(87,2177,1,20,410)
w(61,2178,1,20,411)
w(60,2179,1,20,412)
w(51,2180,1,20,413)
w(26,2181,1,20,414)
w(45,2182,1,20,415)
w(2,2183,1,20,416)
w(85,2184,1,20,417)
w(80,2185,1,20,418)
w(10,2186,1,20,419)
r(25,34102,1,21,420)
r(0,2175,1,21,421)
r(16,6188,1,21,422)
r(46,26071,1,21,423)
r(39,4184,1,21,424)
r(40,4183,1,21,425)
r(84,54011,1,21,426)
r(34,48040,1,21,427)
r(4,48048,1,21,428)
r(37,26045,1,21,429)
r(53,48038,1,21,430)
r(81,26054,1,21,431)
r(76,22064,1,21,432)
r(15,2171,1,21,433)
r(43,20081,1,21,434)
w(48,2187,1,21,435)
w(72,2188,1,21,436)
w(87,2189,1,21,437)
w(66,2190,1,21,438)
w(44,2191,1,21,439)
r(49,24092,1,22,440)
r(25,34102,1,22,441)
r(84,4194,1,22,442)
r(21,26096,1,22,443)
r(21,26096,1,22,444)
r(91,26088,1,22,445)
r(11,4178,1,22,446)
r(55,26077,1,22,447)
r(25,34102,1,22,448)
r(62,22082,1,22,449)
r(11,4178,1,22,450)
r(54,6179,1,22,451)
r(96,20059,1,22,452)
r(17,20067,1,22,453)
r(2,2183,1,22,454)
r(78,4196,1,22,455)
r(91,26088,1,22,456)
r(91,26088,1,22,457)
r(5,22086,1,22,458)
r(51,2180,1,22,459)
r(5,22086,1,23,460)
r(90,20071,1,23,461)
r(27,6166,1,23,462)
r(25,34102,1,23,463)
r(94,34099,1,23,464)
r(43,20081,1,23,465)
r(73,10159,1,23,466)
r(95,26095,1,23,467)
r(51,2180,1,23,468)
r(8,4205,1,23,469)
w(2,2192,1,23,470)
w(4,2193,1,23,471)
w(5,2194,1,23,472)
w(33,2195,1,23,473)
w(93,2196,1,23,474)
w(39,2197,1,23,475)
w(52,2198,1,23,476)
w(57,2199,1,23,477)
w(9,2200,1,23,478)
w(30,2201,1,23,479)
r(11,54043,1,24,480)
r(15,10170,1,24,481)
r(67,4146,1,24,482)
r(27,6166,1,24,483)
r(44,2191,1,24,484)
r(7,34106,1,24,485)
r(8,4205,1,24,486)
r(7,34106,1,24,487)
r(36,4203,1,24,488)
r(78,10161,1,24,489)
r(6,54050,1,24,490)
r(17,20067,1,24,491)
r(89,10164,1,24,492)
r(85,2184,1,24,493)
r(3,54044,1,24,494)
r(84,4194,1,24,495)
r(78,10161,1,24,496)
r(70,10167,1,24,497)
r(98,24090,1,24,498)
r(96,20059,1,24,499)
r(36,4203,1,25,500)
r(70,10167,1,25,501)
r(45,2182,1,25,502)
r(60,54033,1,25,503)
r(97,54032,1,25,504)
r(62,54037,1,25,505)
r(24,26093,1,25,506)
r(86,4206,1,25,507)
r(39,2197,1,25,508)
w(15,2202,1,25,509)
w(43,2203,1,25,510)
w(34,2204,1,25,511)
w(3,2205,1,25,512)
w(14,2206,1,25,513)
w(75,2207,1,25,514)
w(6,2208,1,25,515)
w(67,2209,1,25,516)
w(84,2210,1,25,517)
w(63,2211,1,25,518)
w(37,2212,1,25,519)
r(10,34149,1,26,520)
r(47,34154,1,26,521)
r(29,6220,1,26,522)
r(54,4223,1,26,523)
r(62,54037,1,26,524)
r(97,20104,1,26,525)
r(50,26117,1,26,526)
r(16,22108,1,26,527)
w(64,2213,1,26,528)
w(26,2214,1,26,529)
w(83,2215,1,26,530)
w(88,2216,1,26,531)
w(82,2217,1,26,532)
w(93,2218,1,26,533)
w(42,2219,1,26,534)
w(55,2220,1,26,535)
w(54,2221,1,26,536)
w(66,2222,1,26,537)
w(57,2223,1,26,538)
w(87,2224,1,26,539)
r(51,22121,1,27,540)
r(32,10175,1,27,541)
r(55,2220,1,27,542)
r(21,4260,1,27,543)
r(50,20127,1,27,544)
r(63,34169,1,27,545)
r(28,4256,1,27,546)
r(7,4258,1,27,547)
r(96,22113,1,27,548)
w(68,2225,1,27,549)
w(87,2226,1,27,550)
w(47,2227,1,27,551)
w(13,2228,1,27,552)
w(91,2229,1,27,553)
w(81,2230,1,27,554)
w(13,2231,1,27,555)
w(58,2232,1,27,556)
w(85,2233,1,27,557)
w(68,2234,1,27,558)
w(34,2235,1,27,559)
r(66,2222,1,28,560)
r(59,34176,1,28,561)
r(42,2219,1,28,562)
r(81,2230,1,28,563)
r(9,2200,1,28,564)
r(1,34179,1,28,565)
r(79,34160,1,28,566)
r(35,6240,1,28,567)
r(53,20121,1,28,568)
r(91,2229,1,28,569)
r(86,22120,1,28,570)
w(16,2236,1,28,571)
w(95,2237,1,28,572)
w(6,2238,1,28,573)
w(74,2239,1,28,574)
w(26,2240,1,28,575)
w(49,2241,1,28,576)
w(6,2242,1,28,577)
w(10,2243,1,28,578)
w(97,2244,1,28,579)
r(28,54119,1,29,580)
r(48,54115,1,29,581)
r(0,10180,1,29,582)
r(14,2206,1,29,583)
r(68,2234,1,29,584)
r(87,22134,1,29,585)
r(62,24124,1,29,586)
r(57,26167,1,29,587)
r(77,48092,1,29,588)
w(82,2245,1,29,589)
w(89,2246,1,29,590)
w(88,2247,1,29,591)
w(43,2248,1,29,592)
w(19,2249,1,29,593)
w(42,2250,1,29,594)
w(21,2251,1,29,595)
w(17,2252,1,29,596)
w(0,2253,1,29,597)
w(30,2254,1,29,598)
w(10,2255,1,29,599)
r(97,22155,1,30,600)
r(29,34202,1,30,601)
r(18,26174,1,30,602)
r(25,24150,1,30,603)
r(43,2248,1,30,604)
r(64,24154,1,30,605)
r(75,6260,1,30,606)
r(17,2252,1,30,607)
r(99,10218,1,30,608)
w(20,2256,1,30,609)
w(24,2257,1,30,610)
w(98,2258,1,30,611)
w(38,2259,1,30,612)
w(60,2260,1,30,613)
w(3,2261,1,30,614)
w(93,2262,1,30,615)
w(58,2263,1,30,616)
w(62,2264,1,30,617)
w(74,2265,1,30,618)
w(50,2266,1,30,619)
r(67,24179,1,31,620)
r(76,48110,1,31,621)
r(99,4291,1,31,622)
r(22,34206,1,31,623)
r(47,24169,1,31,624)
r(33,26164,1,31,625)
r(41,34213,1,31,626)
r(56,48118,1,31,627)
r(5,24160,1,31,628)
r(56,48118,1,31,629)
w(9,2267,1,31,630)
w(21,2268,1,31,631)
w(7,2269,1,31,632)
w(76,2270,1,31,633)
w(3,2271,1,31,634)
w(71,2272,1,31,635)
w(66,2273,1,31,636)
w(75,2274,1,31,637)
w(98,2275,1,31,638)
w(1,2276,1,31,639)
r(42,34245,1,32,640)
r(87,22134,1,32,641)
r(82,34247,1,32,642)
r(37,8290,1,32,643)
r(88,24203,1,32,644)
r(52,20167,1,32,645)
r(54,4299,1,32,646)
r(62,10226,1,32,647)
r(22,26198,1,32,648)
r(29,48146,1,32,649)
r(60,34238,1,32,650)
w(63,2277,1,32,651)
w(70,2278,1,32,652)
w(51,2279,1,32,653)
w(1,2280,1,32,654)
w(28,2281,1,32,655)
w(46,2282,1,32,656)
w(88,2283,1,32,657)
w(4,2284,1,32,658)
w(74,2285,1,32,659)
w(19,2286,1,33,660)
w(91,2287,1,33,661)
w(18,2288,1,33,662)
w(58,2289,1,33,663)
w(32,2290,1,33,664)
w(29,2291,1,33,665)
w(36,2292,1,33,666)
w(61,2293,1,33,667)
w(81,2294,1,33,668)
w(18,2295,1,33,669)
w(91,2296,1,33,670)
w(2,2297,1,33,671)
w(24,2298,1,33,672)
w(97,2299,1,33,673)
w(70,2300,1,33,674)
w(75,2301,1,33,675)
w(22,2302,1,33,676)
w(70,2303,1,33,677)
w(68,2304,1,33,678)
w(22,2305,1,33,679)
w(4,2306,1,34,680)
w(46,2307,1,34,681)
w(14,2308,1,34,682)
w(93,2309,1,34,683)
w(17,2310,1,34,684)
w(80,2311,1,34,685)
w(36,2312,1,34,686)
w(15,2313,1,34,687)
w(28,2314,1,34,688)
w(89,2315,1,34,689)
w(19,2316,1,34,690)
w(30,2317,1,34,691)
w(7,2318,1,34,692)
w(26,2319,1,34,693)
w(45,2320,1,34,694)
w(85,2321,1,34,695)
w(36,2322,1,34,696)
w(45,2323,1,34,697)
w(59,2324,1,34,698)
w(28,2325,1,34,699)
r(27,26245,1,35,700)
r(80,8352,1,35,701)
r(35,20220,1,35,702)
r(42,6359,1,35,703)
r(54,54187,1,35,704)
r(0,56188,1,35,705)
r(41,6367,1,35,706)
r(96,8336,1,35,707)
w(10,2326,1,35,708)
w(85,2327,1,35,709)
w(2,2328,1,35,710)
w(9,2329,1,35,711)
w(44,2330,1,35,712)
w(67,2331,1,35,713)
w(82,2332,1,35,714)
w(30,2333,1,35,715)
w(6,2334,1,35,716)
w(98,2335,1,35,717)
w(28,2336,1,35,718)
w(32,2337,1,35,719)
r(19,26246,1,36,720)
r(67,2331,1,36,721)
r(7,26254,1,36,722)
r(94,24271,1,36,723)
r(15,24263,1,36,724)
r(8,26243,1,36,725)
r(75,48204,1,36,726)
r(52,20199,1,36,727)
r(75,48204,1,36,728)
r(28,2336,1,36,729)
r(61,20253,1,36,730)
r(12,34302,1,36,731)
r(68,48216,1,36,732)
r(4,24265,1,36,733)
r(81,8338,1,36,734)
r(99,26258,1,36,735)
r(36,48227,1,36,736)
r(97,48219,1,36,737)
r(68,48216,1,36,738)
r(10,24277,1,36,739)
r(54,24272,1,37,740)
r(3,54233,1,37,741)
r(82,2332,1,37,742)
r(20,54222,1,37,743)
r(98,2335,1,37,744)
r(96,8336,1,37,745)
r(65,6387,1,37,746)
r(82,2332,1,37,747)
r(19,26246,1,37,748)
r(13,26259,1,37,749)
r(20,54222,1,37,750)
r(93,24270,1,37,751)
w(89,2338,1,37,752)
w(49,2339,1,37,753)
w(41,2340,1,37,754)
w(31,2341,1,37,755)
w(41,2342,1,37,756)
w(15,2343,1,37,757)
w(71,2344,1,37,758)
w(82,2345,1,37,759)
r(82,2345,1,38,760)
r(15,2343,1,38,761)
r(33,54223,1,38,762)
r(8,26243,1,38,763)
r(87,26256,1,38,764)
r(83,48222,1,38,765)
r(1,24274,1,38,766)
r(52,20199,1,38,767)
r(74,48225,1,38,768)
r(21,54232,1,38,769)
r(78,22218,1,38,770)
r(61,20253,1,38,771)
r(39,54183,1,38,772)
r(54,26264,1,38,773)
r(55,54207,1,38,774)
r(38,10307,1,38,775)
r(59,2324,1,38,776)
r(17,34298,1,38,777)
r(43,4336,1,38,778)
r(63,8357,1,38,779)
r(41,2342,1,39,780)
r(3,54233,1,39,781)
r(26,48202,1,39,782)
r(47,54220,1,39,783)
r(66,26241,1,39,784)
r(45,2323,1,39,785)
r(19,26246,1,39,786)
r(21,54232,1,39,787)
r(60,6342,1,39,788)
r(68,48216,1,39,789)
r(99,26258,1,39,790)
r(83,48222,1,39,791)
w(48,2346,1,39,792)
w(67,2347,1,39,793)
w(53,2348,1,39,794)
w(29,2349,1,39,795)
w(11,2350,1,39,796)
w(55,2351,1,39,797)
w(43,2352,1,39,798)
w(97,2353,1,39,799)
w(90,2354,1,40,800)
w(38,2355,1,40,801)
w(19,2356,1,40,802)
w(76,2357,1,40,803)
w(33,2358,1,40,804)
w(50,2359,1,40,805)
w(68,2360,1,40,806)
w(38,2361,1,40,807)
w(45,2362,1,40,808)
w(61,2363,1,40,809)
w(21,2364,1,40,810)
w(45,2365,1,40,811)
w(72,2366,1,40,812)
w(70,2367,1,40,813)
w(89,2368,1,40,814)
w(22,2369,1,40,815)
w(35,2370,1,40,816)
w(67,2371,1,40,817)
w(79,2372,1,40,818)
w(31,2373,1,40,819)
r(8,48265,1,41,820)
r(0,22256,1,41,821)
r(45,2365,1,41,822)
r(21,2364,1,41,823)
r(49,10333,1,41,824)
r(73,10353,1,41,825)
r(40,26278,1,41,826)
r(78,10334,1,41,827)
r(34,20284,1,41,828)
w(9,2374,1,41,829)
w(17,2375,1,41,830)
w(71,2376,1,41,831)
w(18,2377,1,41,832)
w(26,2378,1,41,833)
w(6,2379,1,41,834)
w(86,2380,1,41,835)
w(11,2381,1,41,836)
w(11,2382,1,41,837)
w(88,2383,1,41,838)
w(72,2384,1,41,839)
r(94,4374,1,42,840)
r(77,10372,1,42,841)
r(10,10366,1,42,842)
r(83,6410,1,42,843)
r(57,20294,1,42,844)
r(73,10353,1,42,845)
r(16,54269,1,42,846)
r(10,10366,1,42,847)
r(95,48292,1,42,848)
r(45,2365,1,42,849)
w(84,2385,1,42,850)
w(48,2386,1,42,851)
w(10,2387,1,42,852)
w(14,2388,1,42,853)
w(11,2389,1,42,854)
w(57,2390,1,42,855)
w(26,2391,1,42,856)
w(85,2392,1,42,857)
w(73,2393,1,42,858)
w(53,2394,1,42,859)
w(22,2395,1,43,860)
w(55,2396,1,43,861)
w(59,2397,1,43,862)
w(5,2398,1,43,863)
w(86,2399,1,43,864)
w(31,2400,1,43,865)
w(27,2401,1,43,866)
w(45,2402,1,43,867)
w(87,2403,1,43,868)
w(25,2404,1,43,869)
w(12,2405,1,43,870)
w(14,2406,1,43,871)
w(97,2407,1,43,872)
w(53,2408,1,43,873)
w(62,2409,1,43,874)
w(33,2410,1,43,875)
w(21,2411,1,43,876)
w(41,2412,1,43,877)
w(32,2413,1,43,878)
w(54,2414,1,43,879)
w(66,2415,1,44,880)
w(57,2416,1,44,881)
w(64,2417,1,44,882)
w(71,2418,1,44,883)
w(81,2419,1,44,884)
w(24,2420,1,44,885)
w(71,2421,1,44,886)
w(38,2422,1,44,887)
w(42,2423,1,44,888)
w(5,2424,1,44,889)
w(20,2425,1,44,890)
w(58,2426,1,44,891)
w(52,2427,1,44,892)
w(47,2428,1,44,893)
w(72,2429,1,44,894)
w(6,2430,1,44,895)
w(83,2431,1,44,896)
w(63,2432,1,44,897)
w(74,2433,1,44,898)
w(55,2434,1,44,899)
r(95,4424,1,45,900)
r(44,22250,1,45,901)
r(20,4423,1,45,902)
r(1,34365,1,45,903)
r(93,20341,1,45,904)
r(42,20350,1,45,905)
r(81,34382,1,45,906)
r(48,10407,1,45,907)
r(32,2413,1,45,908)
r(12,6478,1,45,909)
r(61,20342,1,45,910)
r(99,20344,1,45,911)
r(0,34389,1,45,912)
r(42,20350,1,45,913)
r(45,6477,1,45,914)
r(71,22292,1,45,915)
r(50,34353,1,45,916)
r(80,6472,1,45,917)
r(29,6467,1,45,918)
r(47,2428,1,45,919)
r(35,20351,1,46,920)
r(85,10409,1,46,921)
r(10,2387,1,46,922)
r(36,24325,1,46,923)
r(3,6435,1,46,924)
r(25,20349,1,46,925)
r(86,20340,1,46,926)
r(81,34382,1,46,927)
r(33,8451,1,46,928)
r(23,6473,1,46,929)
r(77,4420,1,46,930)
r(82,24343,1,46,931)
r(65,48312,1,46,932)
r(42,20350,1,46,933)
r(58,6476,1,46,934)
r(43,6480,1,46,935)
w(10,2435,1,46,936)
w(27,2436,1,46,937)
w(16,2437,1,46,938)
w(42,2438,1,46,939)
r(89,6496,1,47,940)
r(28,48337,1,47,941)
r(17,6500,1,47,942)
r(12,6478,1,47,943)
r(52,54326,1,47,944)
r(4,54290,1,47,945)
r(72,2429,1,47,946)
r(32,2413,1,47,947)
r(6,2430,1,47,948)
r(0,34389,1,47,949)
r(77,4420,1,47,950)
r(79,20338,1,47,951)
r(98,34387,1,47,952)
r(97,2407,1,47,953)
w(22,2439,1,47,954)
w(15,2440,1,47,955)
w(51,2441,1,47,956)
w(57,2442,1,47,957)
w(4,2443,1,47,958)
w(80,2444,1,47,959)
r(69,4454,1,48,960)
r(29,6467,1,48,961)
r(51,6488,1,48,962)
r(75,8452,1,48,963)
r(58,6476,1,48,964)
r(74,8471,1,48,965)
r(19,34385,1,48,966)
r(66,4444,1,48,967)
r(52,54326,1,48,968)
r(44,22250,1,48,969)
r(84,34386,1,48,970)
r(98,4452,1,48,971)
r(56,6458,1,48,972)
r(85,8466,1,48,973)
r(17,6500,1,48,974)
r(90,4453,1,48,975)
r(20,8470,1,48,976)
r(43,6487,1,48,977)
r(43,6487,1,48,978)
r(4,20358,1,48,979)
w(14,2445,1,49,980)
w(21,2446,1,49,981)
w(99,2447,1,49,982)
w(73,2448,1,49,983)
w(2,2449,1,49,984)
w(23,2450,1,49,985)
w(45,2451,1,49,986)
w(33,2452,1,49,987)
w(65,2453,1,49,988)
w(44,2454,1,49,989)
w(19,2455,1,49,990)
w(84,2456,1,49,991)
w(96,2457,1,49,992)
w(65,2458,1,49,993)
w(13,2459,1,49,994)
w(11,2460,1,49,995)
w(65,2461,1,49,996)
w(60,2462,1,49,997)
w(97,2463,1,49,998)
w(78,2464,1,49,999)
w(89,2465,1,50,1000)
w(9,2466,1,50,1001)
w(52,2467,1,50,1002)
w(10,2468,1,50,1003)
w(42,2469,1,50,1004)
w(33,2470,1,50,1005)
w(35,2471,1,50,1006)
w(99,2472,1,50,1007)
w(81,2473,1,50,1008)
w(33,2474,1,50,1009)
w(15,2475,1,50,1010)
w(39,2476,1,50,1011)
w(63,2477,1,50,1012)
w(72,2478,1,50,1013)
w(30,2479,1,50,1014)
w(31,2480,1,50,1015)
w(65,2481,1,50,1016)
w(1,2482,1,50,1017)
w(40,2483,1,50,1018)
w(55,2484,1,50,1019)
r(45,6547,1,51,1020)
r(65,2481,1,51,1021)
r(39,26380,1,51,1022)
r(24,24407,1,51,1023)
r(88,6546,1,51,1024)
r(42,24410,1,51,1025)
r(89,24411,1,51,1026)
r(12,4478,1,51,1027)
r(32,26405,1,51,1028)
r(6,6569,1,51,1029)
w(86,2485,1,51,1030)
w(14,2486,1,51,1031)
w(56,2487,1,51,1032)
w(26,2488,1,51,1033)
w(1,2489,1,51,1034)
w(79,2490,1,51,1035)
w(13,2491,1,51,1036)
w(91,2492,1,51,1037)
w(7,2493,1,51,1038)
w(19,2494,1,51,1039)
r(91,2492,1,52,1040)
r(94,6540,1,52,1041)
r(27,34442,1,52,1042)
r(7,2493,1,52,1043)
r(47,10444,1,52,1044)
r(21,48362,1,52,1045)
r(68,54388,1,52,1046)
w(7,2495,1,52,1047)
w(24,2496,1,52,1048)
w(14,2497,1,52,1049)
w(26,2498,1,52,1050)
w(52,2499,1,52,1051)
w(28,2500,1,52,1052)
w(5,2501,1,52,1053)
w(62,2502,1,52,1054)
w(82,2503,1,52,1055)
w(39,2504,1,52,1056)
w(26,2505,1,52,1057)
w(72,2506,1,52,1058)
w(0,2507,1,52,1059)
r(60,48375,1,53,1060)
r(30,34451,1,53,1061)
r(28,34471,1,53,1062)
r(85,34467,1,53,1063)
r(23,26425,1,53,1064)
r(37,4518,1,53,1065)
r(98,10454,1,53,1066)
r(29,4509,1,53,1067)
r(89,34472,1,53,1068)
w(20,2508,1,53,1069)
w(57,2509,1,53,1070)
w(54,2510,1,53,1071)
w(39,2511,1,53,1072)
w(1,2512,1,53,1073)
w(83,2513,1,53,1074)
w(98,2514,1,53,1075)
w(55,2515,1,53,1076)
w(66,2516,1,53,1077)
w(87,2517,1,53,1078)
w(92,2518,1,53,1079)
w(94,2519,1,54,1080)
w(54,2520,1,54,1081)
w(24,2521,1,54,1082)
w(34,2522,1,54,1083)
w(13,2523,1,54,1084)
w(55,2524,1,54,1085)
w(30,2525,1,54,1086)
w(1,2526,1,54,1087)
w(59,2527,1,54,1088)
w(51,2528,1,54,1089)
w(42,2529,1,54,1090)
w(30,2530,1,54,1091)
w(86,2531,1,54,1092)
w(18,2532,1,54,1093)
w(7,2533,1,54,1094)
w(97,2534,1,54,1095)
w(58,2535,1,54,1096)
w(95,2536,1,54,1097)
w(40,2537,1,54,1098)
w(24,2538,1,54,1099)
r(27,8600,1,55,1100)
r(90,22380,1,55,1101)
r(89,22385,1,55,1102)
r(26,54449,1,55,1103)
r(55,2515,1,55,1104)
r(77,26484,1,55,1105)
r(49,22383,1,55,1106)
r(25,54452,1,55,1107)
r(74,26489,1,55,1108)
r(12,22398,1,55,1109)
r(38,26485,1,55,1110)
r(68,8597,1,55,1111)
r(56,22379,1,55,1112)
r(99,10505,1,55,1113)
r(29,4509,1,55,1114)
r(78,48416,1,55,1115)
r(66,4548,1,55,1116)
r(93,22393,1,55,1117)
r(17,48392,1,55,1118)
r(40,2537,1,55,1119)
w(12,2539,1,56,1120)
w(76,2540,1,56,1121)
w(69,2541,1,56,1122)
w(51,2542,1,56,1123)
w(91,2543,1,56,1124)
w(74,2544,1,56,1125)
w(71,2545,1,56,1126)
w(77,2546,1,56,1127)
w(78,2547,1,56,1128)
w(86,2548,1,56,1129)
w(22,2549,1,56,1130)
w(25,2550,1,56,1131)
w(6,2551,1,56,1132)
w(97,2552,1,56,1133)
w(24,2553,1,56,1134)
w(86,2554,1,56,1135)
w(94,2555,1,56,1136)
w(34,2556,1,56,1137)
w(50,2557,1,56,1138)
w(69,2558,1,56,1139)
r(34,2556,1,57,1140)
r(44,54479,1,57,1141)
r(77,54472,1,57,1142)
r(16,48446,1,57,1143)
r(72,26514,1,57,1144)
r(94,2555,1,57,1145)
r(80,54473,1,57,1146)
r(18,8627,1,57,1147)
r(54,20498,1,57,1148)
r(24,2553,1,57,1149)
r(33,22431,1,57,1150)
r(67,48430,1,57,1151)
r(49,20487,1,57,1152)
r(9,6655,1,57,1153)
r(89,24506,1,57,1154)
r(9,6655,1,57,1155)
r(77,54472,1,57,1156)
r(6,4604,1,57,1157)
r(45,4557,1,57,1158)
r(81,4605,1,57,1159)
r(72,26514,1,58,1160)
r(1,4578,1,58,1161)
r(41,34546,1,58,1162)
r(90,54477,1,58,1163)
r(46,22433,1,58,1164)
r(45,4557,1,58,1165)
r(61,48433,1,58,1166)
r(14,34543,1,58,1167)
r(61,48433,1,58,1168)
r(44,54479,1,58,1169)
r(30,20496,1,58,1170)
r(60,6654,1,58,1171)
r(36,26516,1,58,1172)
r(96,48437,1,58,1173)
w(2,2559,1,58,1174)
w(70,2560,1,58,1175)
w(19,2561,1,58,1176)
w(32,2562,1,58,1177)
w(87,2563,1,58,1178)
w(71,2564,1,58,1179)
r(13,26522,1,59,1180)
r(17,22452,1,59,1181)
r(54,20498,1,59,1182)
r(77,8639,1,59,1183)
r(60,6654,1,59,1184)
r(14,34543,1,59,1185)
r(26,6675,1,59,1186)
r(2,2559,1,59,1187)
r(62,24499,1,59,1188)
r(97,22424,1,59,1189)
r(5,20497,1,59,1190)
r(61,10541,1,59,1191)
r(8,10547,1,59,1192)
r(24,24521,1,59,1193)
r(44,54479,1,59,1194)
r(60,6654,1,59,1195)
r(67,20509,1,59,1196)
r(79,8623,1,59,1197)
r(90,54477,1,59,1198)
r(89,24506,1,59,1199)
r(74,4615,1,60,1200)
r(64,10528,1,60,1201)
r(62,24499,1,60,1202)
r(68,34540,1,60,1203)
r(74,4615,1,60,1204)
r(41,34546,1,60,1205)
r(18,8629,1,60,1206)
r(66,10555,1,60,1207)
r(55,24524,1,60,1208)
r(22,4608,1,60,1209)
r(28,34544,1,60,1210)
r(90,54477,1,60,1211)
r(14,34543,1,60,1212)
r(1,10550,1,60,1213)
r(98,54476,1,60,1214)
w(9,2565,1,60,1215)
w(8,2566,1,60,1216)
w(96,2567,1,60,1217)
w(16,2568,1,60,1218)
w(64,2569,1,60,1219)
r(64,2569,1,61,1220)
r(40,20526,1,61,1221)
r(47,6695,1,61,1222)
r(84,34573,1,61,1223)
r(15,24551,1,61,1224)
r(8,2566,1,61,1225)
r(57,34572,1,61,1226)
r(45,24547,1,61,1227)
r(23,8643,1,61,1228)
r(68,34540,1,61,1229)
r(65,24497,1,61,1230)
r(83,10571,1,61,1231)
r(52,10552,1,61,1232)
r(87,20513,1,61,1233)
r(66,10555,1,61,1234)
r(25,20520,1,61,1235)
r(68,34540,1,61,1236)
r(86,48459,1,61,1237)
r(59,24549,1,61,1238)
r(58,20524,1,61,1239)
w(53,2570,1,62,1240)
w(90,2571,1,62,1241)
w(87,2572,1,62,1242)
w(85,2573,1,62,1243)
w(19,2574,1,62,1244)
w(67,2575,1,62,1245)
w(55,2576,1,62,1246)
w(96,2577,1,62,1247)
w(41,2578,1,62,1248)
w(14,2579,1,62,1249)
w(66,2580,1,62,1250)
w(97,2581,1,62,1251)
w(79,2582,1,62,1252)
w(23,2583,1,62,1253)
w(96,2584,1,62,1254)
w(21,2585,1,62,1255)
w(67,2586,1,62,1256)
w(16,2587,1,62,1257)
w(49,2588,1,62,1258)
w(16,2589,1,62,1259)
r(21,2585,1,63,1260)
r(47,6695,1,63,1261)
r(50,26534,1,63,1262)
r(67,2586,1,63,1263)
r(49,2588,1,63,1264)
r(23,2583,1,63,1265)
r(22,48491,1,63,1266)
r(63,4632,1,63,1267)
w(51,2590,1,63,1268)
w(56,2591,1,63,1269)
w(41,2592,1,63,1270)
w(88,2593,1,63,1271)
w(73,2594,1,63,1272)
w(12,2595,1,63,1273)
w(16,2596,1,63,1274)
w(20,2597,1,63,1275)
w(28,2598,1,63,1276)
w(39,2599,1,63,1277)
w(28,2600,1,63,1278)
w(89,2601,1,63,1279)
w(90,2602,1,64,1280)
w(63,2603,1,64,1281)
w(38,2604,1,64,1282)
w(77,2605,1,64,1283)
w(5,2606,1,64,1284)
w(82,2607,1,64,1285)
w(3,2608,1,64,1286)
w(74,2609,1,64,1287)
w(31,2610,1,64,1288)
w(32,2611,1,64,1289)
w(17,2612,1,64,1290)
w(3,2613,1,64,1291)
w(39,2614,1,64,1292)
w(84,2615,1,64,1293)
w(0,2616,1,64,1294)
w(23,2617,1,64,1295)
w(86,2618,1,64,1296)
w(32,2619,1,64,1297)
w(79,2620,1,64,1298)
w(94,2621,1,64,1299)
w(82,2622,1,65,1300)
w(64,2623,1,65,1301)
w(47,2624,1,65,1302)
w(10,2625,1,65,1303)
w(98,2626,1,65,1304)
w(29,2627,1,65,1305)
w(94,2628,1,65,1306)
w(54,2629,1,65,1307)
w(38,2630,1,65,1308)
w(62,2631,1,65,1309)
w(90,2632,1,65,1310)
w(96,2633,1,65,1311)
w(84,2634,1,65,1312)
w(69,2635,1,65,1313)
w(63,2636,1,65,1314)
w(51,2637,1,65,1315)
w(50,2638,1,65,1316)
w(3,2639,1,65,1317)
w(18,2640,1,65,1318)
w(20,2641,1,65,1319)
r(50,2638,1,66,1320)
r(85,8701,1,66,1321)
r(84,2634,1,66,1322)
r(74,26600,1,66,1323)
r(78,10632,1,66,1324)
r(0,4702,1,66,1325)
r(68,8717,1,66,1326)
r(31,26595,1,66,1327)
r(85,8701,1,66,1328)
r(61,8697,1,66,1329)
r(72,6744,1,66,1330)
w(48,2642,1,66,1331)
w(49,2643,1,66,1332)
w(72,2644,1,66,1333)
w(24,2645,1,66,1334)
w(21,2646,1,66,1335)
w(21,2647,1,66,1336)
w(6,2648,1,66,1337)
w(56,2649,1,66,1338)
w(50,2650,1,66,1339)
r(23,48527,1,67,1340)
r(75,26601,1,67,1341)
r(97,4697,1,67,1342)
r(11,26597,1,67,1343)
r(17,26604,1,67,1344)
r(20,2641,1,67,1345)
r(30,10613,1,67,1346)
r(56,2649,1,67,1347)
r(66,34602,1,67,1348)
r(43,8712,1,67,1349)
w(70,2651,1,67,1350)
w(78,2652,1,67,1351)
w(54,2653,1,67,1352)
w(55,2654,1,67,1353)
w(45,2655,1,67,1354)
w(74,2656,1,67,1355)
w(17,2657,1,67,1356)
w(18,2658,1,67,1357)
w(54,2659,1,67,1358)
w(21,2660,1,67,1359)
r(71,54556,1,68,1360)
r(66,22545,1,68,1361)
r(73,4698,1,68,1362)
r(87,22532,1,68,1363)
r(97,54566,1,68,1364)
r(48,2642,1,68,1365)
r(55,2654,1,68,1366)
r(97,54566,1,68,1367)
w(59,2661,1,68,1368)
w(27,2662,1,68,1369)
w(42,2663,1,68,1370)
w(54,2664,1,68,1371)
w(84,2665,1,68,1372)
w(7,2666,1,68,1373)
w(36,2667,1,68,1374)
w(98,2668,1,68,1375)
w(40,2669,1,68,1376)
w(61,2670,1,68,1377)
w(49,2671,1,68,1378)
w(1,2672,1,68,1379)
r(95,6759,1,69,1380)
r(17,48549,1,69,1381)
r(37,26629,1,69,1382)
r(67,10649,1,69,1383)
r(29,2627,1,69,1384)
r(85,48544,1,69,1385)
r(29,2627,1,69,1386)
r(32,8743,1,69,1387)
w(73,2673,1,69,1388)
w(11,2674,1,69,1389)
w(29,2675,1,69,1390)
w(71,2676,1,69,1391)
w(62,2677,1,69,1392)
w(34,2678,1,69,1393)
w(22,2679,1,69,1394)
w(53,2680,1,69,1395)
w(99,2681,1,69,1396)
w(28,2682,1,69,1397)
w(6,2683,1,69,1398)
w(96,2684,1,69,1399)
r(60,22547,1,70,1400)
r(8,6786,1,70,1401)
r(93,6781,1,70,1402)
r(14,8751,1,70,1403)
r(90,22539,1,70,1404)
r(91,48564,1,70,1405)
r(76,4731,1,70,1406)
r(20,6782,1,70,1407)
r(64,8767,1,70,1408)
r(57,8762,1,70,1409)
r(11,34652,1,70,1410)
r(38,4748,1,70,1411)
r(44,6789,1,70,1412)
r(50,4730,1,70,1413)
r(30,48548,1,70,1414)
r(8,6786,1,70,1415)
r(46,22536,1,70,1416)
r(44,6789,1,70,1417)
r(37,4720,1,70,1418)
r(38,4748,1,70,1419)
r(68,8766,1,71,1420)
r(21,2660,1,71,1421)
r(21,2660,1,71,1422)
r(9,6765,1,71,1423)
r(37,4720,1,71,1424)
r(21,2660,1,71,1425)
r(58,6768,1,71,1426)
r(64,8767,1,71,1427)
r(14,8751,1,71,1428)
r(53,48545,1,71,1429)
r(17,54586,1,71,1430)
r(86,54587,1,71,1431)
r(41,4750,1,71,1432)
r(38,4748,1,71,1433)
r(30,48548,1,71,1434)
r(7,4749,1,71,1435)
r(60,22547,1,71,1436)
r(8,6786,1,71,1437)
r(11,34652,1,71,1438)
r(77,8759,1,71,1439)
r(86,54587,1,72,1440)
r(26,26609,1,72,1441)
r(87,34651,1,72,1442)
r(79,6795,1,72,1443)
r(54,54576,1,72,1444)
r(84,22567,1,72,1445)
r(15,4743,1,72,1446)
r(11,34652,1,72,1447)
w(25,2685,1,72,1448)
w(71,2686,1,72,1449)
w(45,2687,1,72,1450)
w(24,2688,1,72,1451)
w(12,2689,1,72,1452)
w(87,2690,1,72,1453)
w(57,2691,1,72,1454)
w(80,2692,1,72,1455)
w(46,2693,1,72,1456)
w(79,2694,1,72,1457)
w(92,2695,1,72,1458)
w(19,2696,1,72,1459)
r(92,2695,1,73,1460)
r(70,6801,1,73,1461)
r(94,8775,1,73,1462)
r(42,2663,1,73,1463)
r(40,26647,1,73,1464)
r(17,10694,1,73,1465)
r(20,20665,1,73,1466)
r(4,54600,1,73,1467)
r(47,4745,1,73,1468)
w(29,2697,1,73,1469)
w(56,2698,1,73,1470)
w(71,2699,1,73,1471)
w(94,2700,1,73,1472)
w(60,2701,1,73,1473)
w(42,2702,1,73,1474)
w(20,2703,1,73,1475)
w(82,2704,1,73,1476)
w(24,2705,1,73,1477)
w(96,2706,1,73,1478)
w(42,2707,1,73,1479)
w(67,2708,1,74,1480)
w(25,2709,1,74,1481)
w(99,2710,1,74,1482)
w(82,2711,1,74,1483)
w(54,2712,1,74,1484)
w(58,2713,1,74,1485)
w(51,2714,1,74,1486)
w(43,2715,1,74,1487)
w(60,2716,1,74,1488)
w(81,2717,1,74,1489)
w(75,2718,1,74,1490)
w(44,2719,1,74,1491)
w(45,2720,1,74,1492)
w(6,2721,1,74,1493)
w(19,2722,1,74,1494)
w(50,2723,1,74,1495)
w(10,2724,1,74,1496)
w(33,2725,1,74,1497)
w(88,2726,1,74,1498)
w(18,2727,1,74,1499)
r(88,2726,1,75,1500)
r(29,20702,1,75,1501)
r(13,26687,1,75,1502)
r(49,22608,1,75,1503)
r(65,34677,1,75,1504)
r(17,10694,1,75,1505)
r(69,26696,1,75,1506)
r(90,24659,1,75,1507)
r(80,26702,1,75,1508)
r(51,2714,1,75,1509)
r(54,2712,1,75,1510)
r(96,34676,1,75,1511)
r(66,26672,1,75,1512)
r(56,4782,1,75,1513)
r(93,26704,1,75,1514)
r(5,26691,1,75,1515)
r(49,22608,1,75,1516)
r(43,2715,1,75,1517)
r(30,48598,1,75,1518)
r(90,24659,1,75,1519)
w(73,2728,1,76,1520)
w(6,2729,1,76,1521)
w(1,2730,1,76,1522)
w(65,2731,1,76,1523)
w(43,2732,1,76,1524)
w(92,2733,1,76,1525)
w(11,2734,1,76,1526)
w(84,2735,1,76,1527)
w(10,2736,1,76,1528)
w(2,2737,1,76,1529)
w(16,2738,1,76,1530)
w(95,2739,1,76,1531)
w(84,2740,1,76,1532)
w(96,2741,1,76,1533)
w(54,2742,1,76,1534)
w(90,2743,1,76,1535)
w(88,2744,1,76,1536)
w(43,2745,1,76,1537)
w(5,2746,1,76,1538)
w(88,2747,1,76,1539)
r(9,34695,1,77,1540)
r(62,10756,1,77,1541)
r(20,8820,1,77,1542)
r(23,4791,1,77,1543)
r(63,20691,1,77,1544)
r(48,22595,1,77,1545)
r(28,26724,1,77,1546)
r(68,4797,1,77,1547)
r(1,2730,1,77,1548)
w(98,2748,1,77,1549)
w(92,2749,1,77,1550)
w(73,2750,1,77,1551)
w(90,2751,1,77,1552)
w(87,2752,1,77,1553)
w(73,2753,1,77,1554)
w(29,2754,1,77,1555)
w(48,2755,1,77,1556)
w(83,2756,1,77,1557)
w(4,2757,1,77,1558)
w(37,2758,1,77,1559)
r(86,48626,1,78,1560)
r(2,2737,1,78,1561)
r(34,48608,1,78,1562)
r(98,20720,1,78,1563)
r(49,22608,1,78,1564)
r(79,8834,1,78,1565)
r(31,8840,1,78,1566)
r(28,26724,1,78,1567)
r(98,20720,1,78,1568)
r(6,2721,1,78,1569)
w(53,2759,1,78,1570)
w(91,2760,1,78,1571)
w(26,2761,1,78,1572)
w(75,2762,1,78,1573)
w(19,2763,1,78,1574)
w(24,2764,1,78,1575)
w(40,2765,1,78,1576)
w(2,2766,1,78,1577)
w(42,2767,1,78,1578)
w(38,2768,1,78,1579)
r(50,20723,1,79,1580)
r(98,20720,1,79,1581)
r(67,48615,1,79,1582)
r(33,24686,1,79,1583)
r(40,2765,1,79,1584)
r(43,54655,1,79,1585)
r(25,8852,1,79,1586)
r(64,48602,1,79,1587)
r(1,2730,1,79,1588)
r(89,22634,1,79,1589)
r(35,20726,1,79,1590)
r(81,54656,1,79,1591)
r(41,26723,1,79,1592)
r(6,24696,1,79,1593)
r(59,8849,1,79,1594)
r(62,6851,1,79,1595)
r(37,4829,1,79,1596)
w(55,2769,1,79,1597)
w(63,2770,1,79,1598)
w(25,2771,1,79,1599)
r(45,24707,1,80,1600)
r(3,24701,1,80,1601)
r(16,48633,1,80,1602)
r(58,20729,1,80,1603)
r(33,34719,1,80,1604)
r(3,24701,1,80,1605)
r(60,24706,1,80,1606)
r(93,6862,1,80,1607)
r(86,48626,1,80,1608)
w(91,2772,1,80,1609)
w(87,2773,1,80,1610)
w(9,2774,1,80,1611)
w(80,2775,1,80,1612)
w(73,2776,1,80,1613)
w(84,2777,1,80,1614)
w(98,2778,1,80,1615)
w(64,2779,1,80,1616)
w(11,2780,1,80,1617)
w(93,2781,1,80,1618)
w(61,2782,1,80,1619)
r(32,26730,1,81,1620)
r(91,2772,1,81,1621)
r(34,48608,1,81,1622)
r(79,20743,1,81,1623)
r(79,20743,1,81,1624)
r(4,24699,1,81,1625)
r(64,2779,1,81,1626)
r(56,24698,1,81,1627)
r(64,2779,1,81,1628)
r(40,2765,1,81,1629)
r(77,8839,1,81,1630)
r(77,8839,1,81,1631)
r(88,34726,1,81,1632)
r(48,22595,1,81,1633)
r(96,54687,1,81,1634)
r(44,20731,1,81,1635)
r(64,2779,1,81,1636)
r(74,10764,1,81,1637)
r(3,8870,1,81,1638)
r(24,26731,1,81,1639)
r(82,24731,1,82,1640)
r(0,6874,1,82,1641)
r(56,24698,1,82,1642)
r(61,2782,1,82,1643)
r(49,22608,1,82,1644)
r(2,22679,1,82,1645)
r(21,20744,1,82,1646)
r(24,26731,1,82,1647)
r(35,54686,1,82,1648)
r(89,22634,1,82,1649)
r(69,24716,1,82,1650)
r(12,48635,1,82,1651)
w(68,2783,1,82,1652)
w(75,2784,1,82,1653)
w(46,2785,1,82,1654)
w(70,2786,1,82,1655)
w(6,2787,1,82,1656)
w(21,2788,1,82,1657)
w(65,2789,1,82,1658)
w(81,2790,1,82,1659)
r(44,8904,1,83,1660)
r(37,20734,1,83,1661)
r(19,8888,1,83,1662)
r(5,22669,1,83,1663)
r(62,54694,1,83,1664)
r(91,26747,1,83,1665)
r(55,26729,1,83,1666)
r(60,22671,1,83,1667)
r(31,22668,1,83,1668)
r(62,54694,1,83,1669)
r(54,8866,1,83,1670)
r(13,8881,1,83,1671)
r(48,8892,1,83,1672)
r(90,22664,1,83,1673)
r(63,26748,1,83,1674)
r(21,2788,1,83,1675)
r(7,8874,1,83,1676)
r(29,20730,1,83,1677)
r(48,8892,1,83,1678)
r(99,8885,1,83,1679)
r(40,2765,1,84,1680)
r(98,34738,1,84,1681)
r(63,26748,1,84,1682)
r(98,34738,1,84,1683)
r(17,34733,1,84,1684)
r(28,10765,1,84,1685)
r(70,2786,1,84,1686)
r(46,2785,1,84,1687)
r(11,8899,1,84,1688)
r(72,54690,1,84,1689)
r(97,8907,1,84,1690)
r(90,22664,1,84,1691)
r(29,20730,1,84,1692)
r(70,2786,1,84,1693)
r(12,8903,1,84,1694)
r(35,54686,1,84,1695)
r(88,34739,1,84,1696)
r(93,4850,1,84,1697)
r(64,2779,1,84,1698)
r(52,26732,1,84,1699)
w(18,2791,1,85,1700)
w(70,2792,1,85,1701)
w(25,2793,1,85,1702)
w(43,2794,1,85,1703)
w(87,2795,1,85,1704)
w(45,2796,1,85,1705)
w(85,2797,1,85,1706)
w(44,2798,1,85,1707)
w(0,2799,1,85,1708)
w(60,2800,1,85,1709)
w(37,2801,1,85,1710)
w(87,2802,1,85,1711)
w(6,2803,1,85,1712)
w(19,2804,1,85,1713)
w(57,2805,1,85,1714)
w(78,2806,1,85,1715)
w(55,2807,1,85,1716)
w(15,2808,1,85,1717)
w(10,2809,1,85,1718)
w(4,2810,1,85,1719)
r(17,34774,1,86,1720)
r(12,34776,1,86,1721)
r(99,26770,1,86,1722)
r(57,20791,1,86,1723)
r(3,26776,1,86,1724)
r(80,4872,1,86,1725)
r(15,22706,1,86,1726)
r(89,10771,1,86,1727)
r(79,54731,1,86,1728)
r(98,26767,1,86,1729)
w(59,2811,1,86,1730)
w(59,2812,1,86,1731)
w(83,2813,1,86,1732)
w(48,2814,1,86,1733)
w(62,2815,1,86,1734)
w(16,2816,1,86,1735)
w(97,2817,1,86,1736)
w(44,2818,1,86,1737)
w(87,2819,1,86,1738)
w(29,2820,1,86,1739)
r(61,20808,1,87,1740)
r(12,10849,1,87,1741)
r(20,26782,1,87,1742)
r(43,10850,1,87,1743)
r(82,24797,1,87,1744)
r(77,54764,1,87,1745)
r(98,24804,1,87,1746)
r(77,54764,1,87,1747)
r(6,8941,1,87,1748)
r(81,20809,1,87,1749)
r(98,24804,1,87,1750)
r(90,24770,1,87,1751)
r(19,24794,1,87,1752)
r(86,54745,1,87,1753)
r(68,24806,1,87,1754)
r(55,54753,1,87,1755)
r(8,24795,1,87,1756)
r(19,24794,1,87,1757)
r(41,24809,1,87,1758)
r(49,8940,1,87,1759)
r(68,24806,1,88,1760)
r(51,26774,1,88,1761)
r(24,10854,1,88,1762)
r(12,10849,1,88,1763)
r(93,48685,1,88,1764)
r(25,54747,1,88,1765)
r(96,22687,1,88,1766)
r(98,24804,1,88,1767)
r(35,24810,1,88,1768)
r(30,20814,1,88,1769)
r(11,4866,1,88,1770)
r(94,54744,1,88,1771)
r(79,54760,1,88,1772)
r(88,24793,1,88,1773)
r(22,54766,1,88,1774)
w(67,2821,1,88,1775)
w(56,2822,1,88,1776)
w(22,2823,1,88,1777)
w(12,2824,1,88,1778)
w(8,2825,1,88,1779)
r(9,8950,1,89,1780)
r(8,2825,1,89,1781)
r(66,24817,1,89,1782)
r(79,54760,1,89,1783)
r(11,4866,1,89,1784)
r(92,6991,1,89,1785)
r(3,6976,1,89,1786)
r(65,24814,1,89,1787)
r(96,6992,1,89,1788)
r(69,8953,1,89,1789)
r(82,8958,1,89,1790)
r(14,10848,1,89,1791)
r(28,22727,1,89,1792)
r(53,6993,1,89,1793)
r(75,24822,1,89,1794)
r(99,20845,1,89,1795)
r(41,48703,1,89,1796)
r(56,2822,1,89,1797)
r(2,54737,1,89,1798)
r(11,4866,1,89,1799)
r(51,54776,1,90,1800)
r(36,6984,1,90,1801)
r(55,20835,1,90,1802)
r(48,48712,1,90,1803)
r(39,10863,1,90,1804)
r(47,6988,1,90,1805)
r(9,8950,1,90,1806)
r(2,54737,1,90,1807)
r(21,10858,1,90,1808)
r(69,8953,1,90,1809)
r(44,54781,1,90,1810)
r(58,6983,1,90,1811)
r(62,10862,1,90,1812)
r(79,54760,1,90,1813)
r(23,22734,1,90,1814)
r(63,8961,1,90,1815)
r(96,6992,1,90,1816)
r(48,48712,1,90,1817)
r(38,10853,1,90,1818)
r(21,10858,1,90,1819)
r(29,6977,1,91,1820)
r(53,6993,1,91,1821)
r(12,2824,1,91,1822)
r(84,20812,1,91,1823)
r(90,20847,1,91,1824)
r(24,22739,1,91,1825)
r(9,8950,1,91,1826)
r(82,8958,1,91,1827)
r(64,48710,1,91,1828)
w(75,2826,1,91,1829)
w(56,2827,1,91,1830)
w(14,2828,1,91,1831)
w(68,2829,1,91,1832)
w(39,2830,1,91,1833)
w(1,2831,1,91,1834)
w(59,2832,1,91,1835)
w(94,2833,1,91,1836)
w(71,2834,1,91,1837)
w(38,2835,1,91,1838)
w(96,2836,1,91,1839)
r(18,4913,1,92,1840)
r(24,34818,1,92,1841)
r(57,48711,1,92,1842)
r(24,34818,1,92,1843)
r(13,26816,1,92,1844)
r(72,8942,1,92,1845)
r(0,48722,1,92,1846)
r(78,8979,1,92,1847)
r(89,22741,1,92,1848)
r(31,54784,1,92,1849)
r(24,34818,1,92,1850)
w(49,2837,1,92,1851)
w(18,2838,1,92,1852)
w(64,2839,1,92,1853)
w(71,2840,1,92,1854)
w(8,2841,1,92,1855)
w(70,2842,1,92,1856)
w(89,2843,1,92,1857)
w(31,2844,1,92,1858)
w(37,2845,1,92,1859)
r(40,34852,1,93,1860)
r(72,20848,1,93,1861)
r(68,4945,1,93,1862)
r(31,2844,1,93,1863)
r(11,4948,1,93,1864)
r(50,34846,1,93,1865)
r(59,8989,1,93,1866)
r(10,10861,1,93,1867)
r(71,2840,1,93,1868)
r(73,8980,1,93,1869)
w(8,2846,1,93,1870)
w(58,2847,1,93,1871)
w(54,2848,1,93,1872)
w(99,2849,1,93,1873)
w(3,2850,1,93,1874)
w(64,2851,1,93,1875)
w(91,2852,1,93,1876)
w(80,2853,1,93,1877)
w(9,2854,1,93,1878)
w(53,2855,1,93,1879)
r(71,9007,1,94,1880)
r(65,26820,1,94,1881)
r(31,9001,1,94,1882)
r(69,4957,1,94,1883)
r(72,20848,1,94,1884)
r(36,8994,1,94,1885)
w(93,2856,1,94,1886)
w(25,2857,1,94,1887)
w(99,2858,1,94,1888)
w(58,2859,1,94,1889)
w(10,2860,1,94,1890)
w(80,2861,1,94,1891)
w(85,2862,1,94,1892)
w(8,2863,1,94,1893)
w(89,2864,1,94,1894)
w(2,2865,1,94,1895)
w(29,2866,1,94,1896)
w(35,2867,1,94,1897)
w(68,2868,1,94,1898)
w(31,2869,1,94,1899)
r(69,4957,1,95,1900)
r(20,26839,1,95,1901)
r(63,8998,1,95,1902)
r(53,26831,1,95,1903)
r(28,48750,1,95,1904)
r(70,2842,1,95,1905)
r(39,9011,1,95,1906)
r(8,2863,1,95,1907)
r(13,26835,1,95,1908)
r(12,22786,1,95,1909)
r(37,54816,1,95,1910)
w(45,2870,1,95,1911)
w(54,2871,1,95,1912)
w(39,2872,1,95,1913)
w(75,2873,1,95,1914)
w(19,2874,1,95,1915)
w(27,2875,1,95,1916)
w(58,2876,1,95,1917)
w(77,2877,1,95,1918)
w(20,2878,1,95,1919)
r(79,20884,1,96,1920)
r(33,20919,1,96,1921)
r(28,20917,1,96,1922)
r(72,36009,1,96,1923)
r(43,34910,1,96,1924)
r(88,36005,1,96,1925)
r(8,2863,1,96,1926)
r(98,26851,1,96,1927)
w(36,2879,1,96,1928)
w(94,2880,1,96,1929)
w(68,2881,1,96,1930)
w(25,2882,1,96,1931)
w(83,2883,1,96,1932)
w(20,2884,1,96,1933)
w(65,2885,1,96,1934)
w(31,2886,1,96,1935)
w(30,2887,1,96,1936)
w(48,2888,1,96,1937)
w(10,2889,1,96,1938)
w(54,2890,1,96,1939)
w(65,2891,1,97,1940)
w(18,2892,1,97,1941)
w(77,2893,1,97,1942)
w(67,2894,1,97,1943)
w(6,2895,1,97,1944)
w(45,2896,1,97,1945)
w(24,2897,1,97,1946)
w(9,2898,1,97,1947)
w(0,2899,1,97,1948)
w(64,2900,1,97,1949)
w(40,2901,1,97,1950)
w(2,2902,1,97,1951)
w(71,2903,1,97,1952)
w(71,2904,1,97,1953)
w(26,2905,1,97,1954)
w(93,2906,1,97,1955)
w(21,2907,1,97,1956)
w(85,2908,1,97,1957)
w(18,2909,1,97,1958)
w(54,2910,1,97,1959)
w(4,2911,1,98,1960)
w(33,2912,1,98,1961)
w(78,2913,1,98,1962)
w(65,2914,1,98,1963)
w(87,2915,1,98,1964)
w(52,2916,1,98,1965)
w(61,2917,1,98,1966)
w(96,2918,1,98,1967)
w(68,2919,1,98,1968)
w(71,2920,1,98,1969)
w(38,2921,1,98,1970)
w(23,2922,1,98,1971)
w(23,2923,1,98,1972)
w(64,2924,1,98,1973)
w(96,2925,1,98,1974)
w(74,2926,1,98,1975)
w(9,2927,1,98,1976)
w(85,2928,1,98,1977)
w(93,2929,1,98,1978)
w(22,2930,1,98,1979)
r(97,48885,1,99,1980)
r(95,34951,1,99,1981)
r(90,20974,1,99,1982)
r(19,54889,1,99,1983)
r(28,48860,1,99,1984)
r(50,36061,1,99,1985)
r(54,2910,1,99,1986)
r(71,44006,1,99,1987)
r(34,22866,1,99,1988)
r(60,20945,1,99,1989)
w(8,2931,1,99,1990)
w(33,2932,1,99,1991)
w(66,2933,1,99,1992)
w(83,2934,1,99,1993)
w(85,2935,1,99,1994)
w(62,2936,1,99,1995)
w(60,2937,1,99,1996)
w(77,2938,1,99,1997)
w(6,2939,1,99,1998)
w(17,2940,1,99,1999)
r(62,4010,1,100,2000)
r(2,2902,1,100,2001)
r(72,24925,1,100,2002)
r(99,4002,1,100,2003)
r(18,44009,1,100,2004)
r(4,5032,1,100,2005)
r(5,48863,1,100,2006)
r(87,24901,1,100,2007)
r(56,4007,1,100,2008)
r(97,26876,1,100,2009)
r(73,36066,1,100,2010)
r(56,4007,1,100,2011)
r(70,34950,1,100,2012)
r(74,48869,1,100,2013)
r(93,36059,1,100,2014)
r(76,34948,1,100,2015)
r(1,34952,1,100,2016)
r(99,4002,1,100,2017)
r(53,48833,1,100,2018)
r(89,4011,1,100,2019)
r(39,4017,1,101,2020)
r(98,22864,1,101,2021)
r(41,34947,1,101,2022)
r(7,4006,1,101,2023)
r(71,44006,1,101,2024)
r(77,22861,1,101,2025)
r(31,48867,1,101,2026)
r(6,2895,1,101,2027)
r(55,36040,1,101,2028)
r(50,36061,1,101,2029)
r(56,48884,1,101,2030)
r(47,48879,1,101,2031)
w(98,2001,1,101,2032)
w(4,2002,1,101,2033)
w(55,2003,1,101,2034)
w(30,2004,1,101,2035)
w(75,2005,1,101,2036)
w(78,2006,1,101,2037)
w(90,2007,1,101,2038)
w(89,2008,1,101,2039)
r(66,2933,1,102,2040)
r(99,54894,1,102,2041)
r(89,36085,1,102,2042)
r(58,22871,1,102,2043)
r(79,22872,1,102,2044)
r(40,36081,1,102,2045)
r(47,26912,1,102,2046)
r(69,36065,1,102,2047)
r(32,44004,1,102,2048)
r(6,2939,1,102,2049)
w(62,2009,1,102,2050)
w(52,2010,1,102,2051)
w(60,2011,1,102,2052)
w(13,2012,1,102,2053)
w(18,2013,1,102,2054)
w(95,2014,1,102,2055)
w(48,2015,1,102,2056)
w(32,2016,1,102,2057)
w(21,2017,1,102,2058)
w(96,2018,1,102,2059)
r(77,26923,1,103,2060)
r(61,24015,1,103,2061)
r(66,36103,1,103,2062)
r(52,48909,1,103,2063)
r(89,22899,1,103,2064)
r(12,34991,1,103,2065)
r(52,48909,1,103,2066)
r(27,4040,1,103,2067)
w(51,2019,1,103,2068)
w(72,2020,1,103,2069)
w(95,2021,1,103,2070)
w(34,2022,1,103,2071)
w(81,2023,1,103,2072)
w(58,2024,1,103,2073)
w(34,2025,1,103,2074)
w(52,2026,1,103,2075)
w(14,2027,1,103,2076)
w(68,2028,1,103,2077)
w(63,2029,1,103,2078)
w(25,2030,1,103,2079)
r(27,4066,1,104,2080)
r(52,44040,1,104,2081)
r(93,17,1,104,2082)
r(59,24001,1,104,2083)
r(29,36108,1,104,2084)
r(91,4058,1,104,2085)
r(73,26922,1,104,2086)
r(3,44043,1,104,2087)
r(92,48922,1,104,2088)
r(95,34996,1,104,2089)
r(59,24001,1,104,2090)
r(50,4053,1,104,2091)
r(26,26936,1,104,2092)
w(63,2031,1,104,2093)
w(94,2032,1,104,2094)
w(57,2033,1,104,2095)
w(59,2034,1,104,2096)
w(70,2035,1,104,2097)
w(59,2036,1,104,2098)
w(16,2037,1,104,2099)
r(48,26946,1,105,2100)
r(7,28017,1,105,2101)
r(93,28027,1,105,2102)
r(50,44056,1,105,2103)
r(60,48929,1,105,2104)
r(77,48,1,105,2105)
r(83,22939,1,105,2106)
r(67,28026,1,105,2107)
r(11,38015,1,105,2108)
r(44,28008,1,105,2109)
r(58,24054,1,105,2110)
r(89,24036,1,105,2111)
w(53,2038,1,105,2112)
w(43,2039,1,105,2113)
w(81,2040,1,105,2114)
w(32,2041,1,105,2115)
w(41,2042,1,105,2116)
w(27,2043,1,105,2117)
w(45,2044,1,105,2118)
w(57,2045,1,105,2119)
r(37,54950,1,106,2120)
r(34,63,1,106,2121)
r(78,4093,1,106,2122)
r(11,38015,1,106,2123)
r(38,22926,1,106,2124)
r(71,24052,1,106,2125)
r(4,46,1,106,2126)
r(31,62,1,106,2127)
r(11,38015,1,106,2128)
r(38,22926,1,106,2129)
w(62,2046,1,106,2130)
w(84,2047,1,106,2131)
w(21,2048,1,106,2132)
w(19,2049,1,106,2133)
w(18,2050,1,106,2134)
w(77,2051,1,106,2135)
w(82,2052,1,106,2136)
w(88,2053,1,106,2137)
w(35,2054,1,106,2138)
w(85,2055,1,106,2139)
r(5,75,1,107,2140)
r(58,22973,1,107,2141)
r(56,22966,1,107,2142)
r(87,38061,1,107,2143)
r(28,35055,1,107,2144)
r(69,38043,1,107,2145)
r(54,70,1,107,2146)
r(85,22972,1,107,2147)
r(94,22971,1,107,2148)
r(6,38054,1,107,2149)
w(20,2056,1,107,2150)
w(27,2057,1,107,2151)
w(32,2058,1,107,2152)
w(19,2059,1,107,2153)
w(54,2060,1,107,2154)
w(49,2061,1,107,2155)
w(85,2062,1,107,2156)
w(93,2063,1,107,2157)
w(41,2064,1,107,2158)
w(78,2065,1,107,2159)
r(19,4138,1,108,2160)
r(72,54969,1,108,2161)
r(37,24085,1,108,2162)
r(46,24089,1,108,2163)
r(5,75,1,108,2164)
r(83,22987,1,108,2165)
r(41,4139,1,108,2166)
r(55,4099,1,108,2167)
r(34,4105,1,108,2168)
r(9,35025,1,108,2169)
w(20,2066,1,108,2170)
w(53,2067,1,108,2171)
w(15,2068,1,108,2172)
w(55,2069,1,108,2173)
w(31,2070,1,108,2174)
w(7,2071,1,108,2175)
w(38,2072,1,108,2176)
w(61,2073,1,108,2177)
w(54,2074,1,108,2178)
w(99,2075,1,108,2179)
r(36,24110,1,109,2180)
r(61,44105,1,109,2181)
r(90,24105,1,109,2182)
r(18,38101,1,109,2183)
r(94,22995,1,109,2184)
r(20,38121,1,109,2185)
r(15,49016,1,109,2186)
r(6,48999,1,109,2187)
r(48,27002,1,109,2188)
r(12,38126,1,109,2189)
r(94,22995,1,109,2190)
r(35,24106,1,109,2191)
r(95,38124,1,109,2192)
w(78,2076,1,109,2193)
w(24,2077,1,109,2194)
w(35,2078,1,109,2195)
w(10,2079,1,109,2196)
w(13,2080,1,109,2197)
w(67,2081,1,109,2198)
w(33,2082,1,109,2199)
r(7,4166,1,110,2200)
r(32,38128,1,110,2201)
r(22,24095,1,110,2202)
r(15,4150,1,110,2203)
r(93,105,1,110,2204)
r(57,38104,1,110,2205)
r(83,49010,1,110,2206)
r(57,38104,1,110,2207)
r(8,36172,1,110,2208)
r(54,36176,1,110,2209)
r(90,49031,1,110,2210)
r(56,28067,1,110,2211)
w(42,2083,1,110,2212)
w(25,2084,1,110,2213)
w(16,2085,1,110,2214)
w(21,2086,1,110,2215)
w(29,2087,1,110,2216)
w(90,2088,1,110,2217)
w(92,2089,1,110,2218)
w(54,2090,1,110,2219)
r(22,120,1,111,2220)
r(47,113,1,111,2221)
r(95,125,1,111,2222)
r(32,26007,1,111,2223)
r(90,49031,1,111,2224)
r(47,113,1,111,2225)
r(68,16016,1,111,2226)
r(55,123,1,111,2227)
r(16,55020,1,111,2228)
r(59,54001,1,111,2229)
r(92,36214,1,111,2230)
r(41,36195,1,111,2231)
r(76,16012,1,111,2232)
w(34,2091,1,111,2233)
w(79,2092,1,111,2234)
w(89,2093,1,111,2235)
w(86,2094,1,111,2236)
w(78,2095,1,111,2237)
w(65,2096,1,111,2238)
w(27,2097,1,111,2239)
r(36,36199,1,112,2240)
r(30,26006,1,112,2241)
r(80,24155,1,112,2242)
r(69,24154,1,112,2243)
r(72,44108,1,112,2244)
r(57,24144,1,112,2245)
r(35,110,1,112,2246)
r(58,54005,1,112,2247)
w(47,2098,1,112,2248)
w(64,2099,1,112,2249)
w(57,2100,1,112,2250)
w(61,2101,1,112,2251)
w(59,2102,1,112,2252)
w(61,2103,1,112,2253)
w(74,2104,1,112,2254)
w(56,2105,1,112,2255)
w(16,2106,1,112,2256)
w(8,2107,1,112,2257)
w(47,2108,1,112,2258)
w(48,2109,1,112,2259)
w(55,2110,1,113,2260)
w(42,2111,1,113,2261)
w(25,2112,1,113,2262)
w(73,2113,1,113,2263)
w(11,2114,1,113,2264)
w(25,2115,1,113,2265)
w(88,2116,1,113,2266)
w(63,2117,1,113,2267)
w(0,2118,1,113,2268)
w(63,2119,1,113,2269)
w(31,2120,1,113,2270)
w(89,2121,1,113,2271)
w(63,2122,1,113,2272)
w(34,2123,1,113,2273)
w(91,2124,1,113,2274)
w(48,2125,1,113,2275)
w(8,2126,1,113,2276)
w(41,2127,1,113,2277)
w(7,2128,1,113,2278)
w(44,2129,1,113,2279)
r(16,172,1,114,2280)
r(57,54037,1,114,2281)
r(27,26044,1,114,2282)
r(91,36243,1,114,2283)
r(72,44197,1,114,2284)
r(43,44173,1,114,2285)
r(29,4230,1,114,2286)
r(76,4213,1,114,2287)
r(74,188,1,114,2288)
r(96,44162,1,114,2289)
r(68,24178,1,114,2290)
w(22,2130,1,114,2291)
w(42,2131,1,114,2292)
w(31,2132,1,114,2293)
w(45,2133,1,114,2294)
w(95,2134,1,114,2295)
w(14,2135,1,114,2296)
w(97,2136,1,114,2297)
w(90,2137,1,114,2298)
w(41,2138,1,114,2299)
r(26,4235,1,115,2300)
r(86,24167,1,115,2301)
r(74,188,1,115,2302)
r(94,26064,1,115,2303)
r(39,26074,1,115,2304)
r(27,26044,1,115,2305)
r(99,4238,1,115,2306)
r(17,182,1,115,2307)
r(56,186,1,115,2308)
r(62,189,1,115,2309)
r(85,38178,1,115,2310)
r(28,38187,1,115,2311)
w(40,2139,1,115,2312)
w(89,2140,1,115,2313)
w(84,2141,1,115,2314)
w(7,2142,1,115,2315)
w(38,2143,1,115,2316)
w(10,2144,1,115,2317)
w(18,2145,1,115,2318)
w(98,2146,1,115,2319)
r(33,224,1,116,2320)
r(21,26059,1,116,2321)
r(77,217,1,116,2322)
r(77,217,1,116,2323)
r(68,26081,1,116,2324)
r(32,213,1,116,2325)
r(42,38202,1,116,2326)
r(56,26089,1,116,2327)
r(5,4233,1,116,2328)
r(17,52004,1,116,2329)
r(95,26071,1,116,2330)
r(14,54059,1,116,2331)
r(65,28165,1,116,2332)
r(51,16057,1,116,2333)
r(23,26084,1,116,2334)
r(79,28163,1,116,2335)
r(41,26088,1,116,2336)
r(57,26090,1,116,2337)
r(93,26069,1,116,2338)
r(98,26079,1,116,2339)
r(48,52015,1,117,2340)
r(14,54059,1,117,2341)
r(40,218,1,117,2342)
r(83,221,1,117,2343)
r(24,225,1,117,2344)
r(53,4216,1,117,2345)
r(60,192,1,117,2346)
r(19,195,1,117,2347)
r(79,28163,1,117,2348)
r(88,44189,1,117,2349)
r(49,26067,1,117,2350)
r(85,38178,1,117,2351)
w(61,2147,1,117,2352)
w(72,2148,1,117,2353)
w(99,2149,1,117,2354)
w(31,2150,1,117,2355)
w(99,2151,1,117,2356)
w(82,2152,1,117,2357)
w(20,2153,1,117,2358)
w(62,2154,1,117,2359)
r(17,52004,1,118,2360)
r(20,4255,1,118,2361)
r(0,52023,1,118,2362)
r(68,28192,1,118,2363)
r(85,38231,1,118,2364)
r(49,26067,1,118,2365)
r(66,4248,1,118,2366)
r(16,16071,1,118,2367)
r(84,24195,1,118,2368)
r(26,219,1,118,2369)
r(1,36272,1,118,2370)
w(19,2155,1,118,2371)
w(69,2156,1,118,2372)
w(54,2157,1,118,2373)
w(14,2158,1,118,2374)
w(87,2159,1,118,2375)
w(85,2160,1,118,2376)
w(48,2161,1,118,2377)
w(25,2162,1,118,2378)
w(59,2163,1,118,2379)
r(93,28212,1,119,2380)
r(61,28203,1,119,2381)
r(49,28204,1,119,2382)
r(69,4275,1,119,2383)
r(20,4255,1,119,2384)
r(56,26089,1,119,2385)
r(64,4247,1,119,2386)
r(19,16081,1,119,2387)
r(70,54087,1,119,2388)
w(12,2164,1,119,2389)
w(26,2165,1,119,2390)
w(28,2166,1,119,2391)
w(0,2167,1,119,2392)
w(28,2168,1,119,2393)
w(15,2169,1,119,2394)
w(43,2170,1,119,2395)
w(18,2171,1,119,2396)
w(97,2172,1,119,2397)
w(66,2173,1,119,2398)
w(77,2174,1,119,2399)
r(24,54078,1,120,2400)
r(39,16069,1,120,2401)
r(80,54084,1,120,2402)
r(2,24227,1,120,2403)
r(65,38217,1,120,2404)
r(35,24198,1,120,2405)
w(50,2175,1,120,2406)
w(44,2176,1,120,2407)
w(23,2177,1,120,2408)
w(49,2178,1,120,2409)
w(88,2179,1,120,2410)
w(20,2180,1,120,2411)
w(41,2181,1,120,2412)
w(94,2182,1,120,2413)
w(40,2183,1,120,2414)
w(70,2184,1,120,2415)
w(74,2185,1,120,2416)
w(93,2186,1,120,2417)
w(46,2187,1,120,2418)
w(97,2188,1,120,2419)
r(10,38246,1,121,2420)
r(3,44229,1,121,2421)
r(95,28210,1,121,2422)
r(7,24193,1,121,2423)
r(77,28229,1,121,2424)
r(87,24231,1,121,2425)
r(39,16069,1,121,2426)
r(53,44220,1,121,2427)
r(58,28232,1,121,2428)
r(4,38255,1,121,2429)
r(88,38224,1,121,2430)
w(50,2189,1,121,2431)
w(56,2190,1,121,2432)
w(29,2191,1,121,2433)
w(91,2192,1,121,2434)
w(15,2193,1,121,2435)
w(94,2194,1,121,2436)
w(79,2195,1,121,2437)
w(1,2196,1,121,2438)
w(62,2197,1,121,2439)
r(3,44229,1,122,2440)
r(8,4273,1,122,2441)
r(3,44229,1,122,2442)
r(22,52049,1,122,2443)
r(29,24212,1,122,2444)
r(60,28230,1,122,2445)
r(53,44220,1,122,2446)
r(34,28221,1,122,2447)
r(41,26127,1,122,2448)
w(44,2198,1,122,2449)
w(90,2199,1,122,2450)
w(78,2200,1,122,2451)
w(38,2201,1,122,2452)
w(53,2202,1,122,2453)
w(89,2203,1,122,2454)
w(78,2204,1,122,2455)
w(55,2205,1,122,2456)
w(82,2206,1,122,2457)
w(85,2207,1,122,2458)
w(98,2208,1,122,2459)
r(57,38249,1,123,2460)
r(12,26131,1,123,2461)
r(78,26140,1,123,2462)
r(39,269,1,123,2463)
r(35,24198,1,123,2464)
r(27,24224,1,123,2465)
r(40,38256,1,123,2466)
r(78,26140,1,123,2467)
r(40,38256,1,123,2468)
w(24,2209,1,123,2469)
w(45,2210,1,123,2470)
w(67,2211,1,123,2471)
w(16,2212,1,123,2472)
w(37,2213,1,123,2473)
w(20,2214,1,123,2474)
w(71,2215,1,123,2475)
w(87,2216,1,123,2476)
w(69,2217,1,123,2477)
w(63,2218,1,123,2478)
w(43,2219,1,123,2479)
r(78,24256,1,124,2480)
r(86,24254,1,124,2481)
r(14,26108,1,124,2482)
r(1,24248,1,124,2483)
r(73,16110,1,124,2484)
r(86,24254,1,124,2485)
r(58,28232,1,124,2486)
r(5,52044,1,124,2487)
r(74,24225,1,124,2488)
r(75,20367,1,124,2489)
r(8,24263,1,124,2490)
r(17,24245,1,124,2491)
r(41,26127,1,124,2492)
w(54,2220,1,124,2493)
w(8,2221,1,124,2494)
w(46,2222,1,124,2495)
w(10,2223,1,124,2496)
w(32,2224,1,124,2497)
w(35,2225,1,124,2498)
w(29,2226,1,124,2499)
r(24,26145,1,125,2500)
r(81,26113,1,125,2501)
r(2,48197,1,125,2502)
r(1,52060,1,125,2503)
r(53,38261,1,125,2504)
r(66,44243,1,125,2505)
r(11,24268,1,125,2506)
r(96,52069,1,125,2507)
r(60,36321,1,125,2508)
r(96,52069,1,125,2509)
r(39,36308,1,125,2510)
r(12,26131,1,125,2511)
r(32,52058,1,125,2512)
r(63,280,1,125,2513)
w(58,2227,1,125,2514)
w(60,2228,1,125,2515)
w(92,2229,1,125,2516)
w(4,2230,1,125,2517)
w(13,2231,1,125,2518)
w(3,2232,1,125,2519)
r(15,50272,1,126,2520)
r(94,44231,1,126,2521)
r(29,52062,1,126,2522)
r(84,26147,1,126,2523)
r(47,16117,1,126,2524)
r(22,50275,1,126,2525)
r(92,2229,1,126,2526)
r(7,24234,1,126,2527)
r(99,52068,1,126,2528)
r(89,50277,1,126,2529)
r(13,2231,1,126,2530)
r(84,26147,1,126,2531)
r(80,36313,1,126,2532)
r(13,2231,1,126,2533)
r(41,26127,1,126,2534)
r(60,2228,1,126,2535)
w(90,2233,1,126,2536)
w(5,2234,1,126,2537)
w(80,2235,1,126,2538)
w(18,2236,1,126,2539)
r(34,24241,1,127,2540)
r(49,26162,1,127,2541)
r(55,52059,1,127,2542)
r(85,26150,1,127,2543)
r(6,20003,1,127,2544)
r(40,20010,1,127,2545)
r(71,52061,1,127,2546)
r(34,24241,1,127,2547)
r(47,16117,1,127,2548)
r(17,24245,1,127,2549)
r(43,26133,1,127,2550)
w(67,2237,1,127,2551)
w(17,2238,1,127,2552)
w(43,2239,1,127,2553)
w(84,2240,1,127,2554)
w(84,2241,1,127,2555)
w(66,2242,1,127,2556)
w(20,2243,1,127,2557)
w(64,2244,1,127,2558)
w(36,2245,1,127,2559)
r(95,261,1,128,2560)
r(91,52050,1,128,2561)
r(21,44215,1,128,2562)
r(43,2239,1,128,2563)
r(75,48232,1,128,2564)
r(34,48235,1,128,2565)
r(63,50280,1,128,2566)
r(32,54134,1,128,2567)
r(22,50275,1,128,2568)
r(19,16115,1,128,2569)
r(0,48236,1,128,2570)
r(9,20020,1,128,2571)
r(31,50273,1,128,2572)
r(55,50286,1,128,2573)
r(19,16115,1,128,2574)
r(23,52065,1,128,2575)
r(39,297,1,128,2576)
r(29,52062,1,128,2577)
r(3,50285,1,128,2578)
r(81,26113,1,128,2579)
r(39,297,1,129,2580)
r(80,2235,1,129,2581)
r(48,36306,1,129,2582)
r(91,52050,1,129,2583)
r(93,36309,1,129,2584)
r(2,50284,1,129,2585)
r(30,48234,1,129,2586)
r(72,50290,1,129,2587)
r(65,44264,1,129,2588)
r(45,38260,1,129,2589)
r(79,36305,1,129,2590)
r(59,24259,1,129,2591)
r(19,16115,1,129,2592)
r(71,52061,1,129,2593)
r(16,44226,1,129,2594)
r(49,26162,1,129,2595)
r(44,36316,1,129,2596)
r(17,2238,1,129,2597)
r(97,48228,1,129,2598)
r(32,54134,1,129,2599)
r(24,48231,1,130,2600)
r(2,50284,1,130,2601)
r(77,50279,1,130,2602)
r(13,2231,1,130,2603)
r(31,50273,1,130,2604)
r(66,2242,1,130,2605)
r(15,50272,1,130,2606)
r(83,54135,1,130,2607)
r(93,36309,1,130,2608)
r(26,50287,1,130,2609)
r(46,26142,1,130,2610)
r(85,26150,1,130,2611)
r(41,26127,1,130,2612)
r(47,16117,1,130,2613)
r(34,48235,1,130,2614)
r(5,2234,1,130,2615)
r(68,16118,1,130,2616)
r(85,26150,1,130,2617)
r(44,36316,1,130,2618)
r(72,50290,1,130,2619)
r(32,54134,1,131,2620)
r(28,237,1,131,2621)
r(84,2241,1,131,2622)
r(27,24224,1,131,2623)
r(29,52062,1,131,2624)
r(5,2234,1,131,2625)
r(18,2236,1,131,2626)
r(26,50287,1,131,2627)
r(68,16118,1,131,2628)
w(72,2246,1,131,2629)
w(87,2247,1,131,2630)
w(84,2248,1,131,2631)
w(37,2249,1,131,2632)
w(54,2250,1,131,2633)
w(72,2251,1,131,2634)
w(54,2252,1,131,2635)
w(20,2253,1,131,2636)
w(57,2254,1,131,2637)
w(16,2255,1,131,2638)
w(94,2256,1,131,2639)
r(73,48247,1,132,2640)
r(20,2243,1,132,2641)
r(68,50317,1,132,2642)
r(95,261,1,132,2643)
r(42,48250,1,132,2644)
r(12,50306,1,132,2645)
r(5,2234,1,132,2646)
r(43,2239,1,132,2647)
r(85,26150,1,132,2648)
r(12,50306,1,132,2649)
r(16,44226,1,132,2650)
r(19,50307,1,132,2651)
r(87,20009,1,132,2652)
r(1,24301,1,132,2653)
r(11,48230,1,132,2654)
r(73,48247,1,132,2655)
r(28,24294,1,132,2656)
r(97,50308,1,132,2657)
r(63,48241,1,132,2658)
r(14,20016,1,132,2659)
r(28,24294,1,133,2660)
r(96,307,1,133,2661)
r(33,36320,1,133,2662)
r(68,50317,1,133,2663)
r(35,50276,1,133,2664)
r(50,24295,1,133,2665)
r(75,48244,1,133,2666)
r(92,50289,1,133,2667)
w(67,2257,1,133,2668)
w(3,2258,1,133,2669)
w(85,2259,1,133,2670)
w(17,2260,1,133,2671)
w(11,2261,1,133,2672)
w(99,2262,1,133,2673)
w(50,2263,1,133,2674)
w(21,2264,1,133,2675)
w(95,2265,1,133,2676)
w(98,2266,1,133,2677)
w(35,2267,1,133,2678)
w(3,2268,1,133,2679)
r(8,36355,1,134,2680)
r(40,4326,1,134,2681)
r(57,299,1,134,2682)
r(94,28274,1,134,2683)
r(46,331,1,134,2684)
r(66,2242,1,134,2685)
r(21,44215,1,134,2686)
w(40,2269,1,134,2687)
w(69,2270,1,134,2688)
w(27,2271,1,134,2689)
w(55,2272,1,134,2690)
w(22,2273,1,134,2691)
w(55,2274,1,134,2692)
w(49,2275,1,134,2693)
w(5,2276,1,134,2694)
w(86,2277,1,134,2695)
w(5,2278,1,134,2696)
w(46,2279,1,134,2697)
w(93,2280,1,134,2698)
w(26,2281,1,134,2699)
r(86,24254,1,135,2700)
r(6,50316,1,135,2701)
r(88,44263,1,135,2702)
r(75,330,1,135,2703)
r(88,44263,1,135,2704)
r(19,52106,1,135,2705)
r(2,50284,1,135,2706)
w(29,2282,1,135,2707)
w(57,2283,1,135,2708)
w(96,2284,1,135,2709)
w(70,2285,1,135,2710)
w(12,2286,1,135,2711)
w(10,2287,1,135,2712)
w(45,2288,1,135,2713)
w(45,2289,1,135,2714)
w(58,2290,1,135,2715)
w(75,2291,1,135,2716)
w(86,2292,1,135,2717)
w(1,2293,1,135,2718)
w(37,2294,1,135,2719)
r(96,18052,1,136,2720)
r(28,50344,1,136,2721)
r(72,20067,1,136,2722)
r(55,50286,1,136,2723)
r(16,328,1,136,2724)
r(41,26189,1,136,2725)
r(22,28286,1,136,2726)
r(22,28286,1,136,2727)
w(52,2295,1,136,2728)
w(84,2296,1,136,2729)
w(98,2297,1,136,2730)
w(64,2298,1,136,2731)
w(20,2299,1,136,2732)
w(77,2300,1,136,2733)
w(46,2301,1,136,2734)
w(84,2302,1,136,2735)
w(59,2303,1,136,2736)
w(51,2304,1,136,2737)
w(44,2305,1,136,2738)
w(4,2306,1,136,2739)
r(45,38260,1,137,2740)
r(96,18052,1,137,2741)
r(93,36369,1,137,2742)
r(4,2306,1,137,2743)
r(60,48300,1,137,2744)
r(26,50287,1,137,2745)
r(71,36356,1,137,2746)
r(20,2299,1,137,2747)
r(67,50341,1,137,2748)
r(45,38260,1,137,2749)
r(31,50273,1,137,2750)
r(58,2227,1,137,2751)
r(11,20088,1,137,2752)
r(43,24309,1,137,2753)
r(39,50346,1,137,2754)
r(85,48307,1,137,2755)
r(26,50287,1,137,2756)
r(87,26180,1,137,2757)
r(86,48305,1,137,2758)
r(60,48300,1,137,2759)
r(36,52109,1,138,2760)
r(18,36360,1,138,2761)
r(94,50339,1,138,2762)
r(39,50346,1,138,2763)
r(73,325,1,138,2764)
r(86,48305,1,138,2765)
w(96,2307,1,138,2766)
w(23,2308,1,138,2767)
w(65,2309,1,138,2768)
w(83,2310,1,138,2769)
w(58,2311,1,138,2770)
w(6,2312,1,138,2771)
w(4,2313,1,138,2772)
w(15,2314,1,138,2773)
w(21,2315,1,138,2774)
w(19,2316,1,138,2775)
w(12,2317,1,138,2776)
w(61,2318,1,138,2777)
w(67,2319,1,138,2778)
w(98,2320,1,138,2779)
r(10,20097,1,139,2780)
r(5,30034,1,139,2781)
r(19,2316,1,139,2782)
r(31,30033,1,139,2783)
r(8,18051,1,139,2784)
r(41,26189,1,139,2785)
r(12,2317,1,139,2786)
r(54,38277,1,139,2787)
r(4,2313,1,139,2788)
r(48,20104,1,139,2789)
r(62,36317,1,139,2790)
r(36,52109,1,139,2791)
r(51,2304,1,139,2792)
r(61,2318,1,139,2793)
r(94,50339,1,139,2794)
r(87,54182,1,139,2795)
r(97,48301,1,139,2796)
r(99,50382,1,139,2797)
r(63,50379,1,139,2798)
r(92,48310,1,139,2799)
w(34,2001,1,140,2800)
w(90,2002,1,140,2801)
w(20,2003,1,140,2802)
w(90,2004,1,140,2803)
w(41,2005,1,140,2804)
w(79,2006,1,140,2805)
w(52,2007,1,140,2806)
w(2,2008,1,140,2807)
w(96,2009,1,140,2808)
w(16,2010,1,140,2809)
w(73,2011,1,140,2810)
w(66,2012,1,140,2811)
w(83,2013,1,140,2812)
w(49,2014,1,140,2813)
w(95,2015,1,140,2814)
w(34,2016,1,140,2815)
w(8,2017,1,140,2816)
w(83,2018,1,140,2817)
w(12,2019,1,140,2818)
w(75,2020,1,140,2819)
r(48,20104,1,141,2820)
r(5,30034,1,141,2821)
r(97,48301,1,141,2822)
r(68,30036,1,141,2823)
r(48,20104,1,141,2824)
r(30,24310,1,141,2825)
r(54,38277,1,141,2826)
r(68,30036,1,141,2827)
w(18,2021,1,141,2828)
w(19,2022,1,141,2829)
w(71,2023,1,141,2830)
w(98,2024,1,141,2831)
w(92,2025,1,141,2832)
w(32,2026,1,141,2833)
w(47,2027,1,141,2834)
w(86,2028,1,141,2835)
w(87,2029,1,141,2836)
w(83,2030,1,141,2837)
w(26,2031,1,141,2838)
w(70,2032,1,141,2839)
r(26,2031,1,142,2840)
r(72,20114,1,142,2841)
r(77,2300,1,142,2842)
r(0,30035,1,142,2843)
r(24,50436,1,142,2844)
r(60,52138,1,142,2845)
r(77,2300,1,142,2846)
r(39,46022,1,142,2847)
w(51,2033,1,142,2848)
w(47,2034,1,142,2849)
w(57,2035,1,142,2850)
w(42,2036,1,142,2851)
w(73,2037,1,142,2852)
w(97,2038,1,142,2853)
w(48,2039,1,142,2854)
w(94,2040,1,142,2855)
w(70,2041,1,142,2856)
w(61,2042,1,142,2857)
w(61,2043,1,142,2858)
w(0,2044,1,142,2859)
r(75,2020,1,143,2860)
r(4,50422,1,143,2861)
r(47,2027,1,143,2862)
r(41,26189,1,143,2863)
r(5,46038,1,143,2864)
r(64,2298,1,143,2865)
r(49,50427,1,143,2866)
r(71,2023,1,143,2867)
r(51,30048,1,143,2868)
w(1,2045,1,143,2869)
w(50,2046,1,143,2870)
w(73,2047,1,143,2871)
w(64,2048,1,143,2872)
w(45,2049,1,143,2873)
w(26,2050,1,143,2874)
w(63,2051,1,143,2875)
w(50,2052,1,143,2876)
w(95,2053,1,143,2877)
w(15,2054,1,143,2878)
w(20,2055,1,143,2879)
w(45,2056,1,144,2880)
w(29,2057,1,144,2881)
w(60,2058,1,144,2882)
w(54,2059,1,144,2883)
w(67,2060,1,144,2884)
w(33,2061,1,144,2885)
w(94,2062,1,144,2886)
w(86,2063,1,144,2887)
w(94,2064,1,144,2888)
w(89,2065,1,144,2889)
w(60,2066,1,144,2890)
w(25,2067,1,144,2891)
w(18,2068,1,144,2892)
w(56,2069,1,144,2893)
w(25,2070,1,144,2894)
w(5,2071,1,144,2895)
w(69,2072,1,144,2896)
w(45,2073,1,144,2897)
w(46,2074,1,144,2898)
w(23,2075,1,144,2899)
r(46,46113,1,145,2900)
r(44,20158,1,145,2901)
r(80,48354,1,145,2902)
r(80,48354,1,145,2903)
r(55,6311,1,145,2904)
r(56,26207,1,145,2905)
r(71,46117,1,145,2906)
r(54,50425,1,145,2907)
r(18,4057,1,145,2908)
r(0,4071,1,145,2909)
r(28,46109,1,145,2910)
r(73,20145,1,145,2911)
r(50,46118,1,145,2912)
r(10,4079,1,145,2913)
r(41,26189,1,145,2914)
w(52,2076,1,145,2915)
w(76,2077,1,145,2916)
w(14,2078,1,145,2917)
w(8,2079,1,145,2918)
w(59,2080,1,145,2919)
r(39,52179,1,146,2920)
r(43,30087,1,146,2921)
r(95,50484,1,146,2922)
r(88,30031,1,146,2923)
r(22,52182,1,146,2924)
r(33,48292,1,146,2925)
r(63,46129,1,146,2926)
r(62,50485,1,146,2927)
r(14,44340,1,146,2928)
w(88,2081,1,146,2929)
w(48,2082,1,146,2930)
w(81,2083,1,146,2931)
w(75,2084,1,146,2932)
w(29,2085,1,146,2933)
w(29,2086,1,146,2934)
w(21,2087,1,146,2935)
w(8,2088,1,146,2936)
w(19,2089,1,146,2937)
w(23,2090,1,146,2938)
w(78,2091,1,146,2939)
r(32,44336,1,147,2940)
r(25,46104,1,147,2941)
r(85,4080,1,147,2942)
r(33,48292,1,147,2943)
r(91,46142,1,147,2944)
r(47,38386,1,147,2945)
r(95,50484,1,147,2946)
r(30,46105,1,147,2947)
w(18,2092,1,147,2948)
w(11,2093,1,147,2949)
w(8,2094,1,147,2950)
w(85,2095,1,147,2951)
w(13,2096,1,147,2952)
w(83,2097,1,147,2953)
w(25,2098,1,147,2954)
w(17,2099,1,147,2955)
w(29,2100,1,147,2956)
w(10,2101,1,147,2957)
w(62,2102,1,147,2958)
w(31,2103,1,147,2959)
w(34,2104,1,148,2960)
w(89,2105,1,148,2961)
w(19,2106,1,148,2962)
w(58,2107,1,148,2963)
w(82,2108,1,148,2964)
w(15,2109,1,148,2965)
w(83,2110,1,148,2966)
w(38,2111,1,148,2967)
w(22,2112,1,148,2968)
w(53,2113,1,148,2969)
w(62,2114,1,148,2970)
w(49,2115,1,148,2971)
w(24,2116,1,148,2972)
w(65,2117,1,148,2973)
w(6,2118,1,148,2974)
w(37,2119,1,148,2975)
w(63,2120,1,148,2976)
w(42,2121,1,148,2977)
w(47,2122,1,148,2978)
w(64,2123,1,148,2979)
r(74,46156,1,149,2980)
r(61,50523,1,149,2981)
r(93,36401,1,149,2982)
r(87,46155,1,149,2983)
r(37,2119,1,149,2984)
r(10,2101,1,149,2985)
r(82,2108,1,149,2986)
r(48,20152,1,149,2987)
r(53,2113,1,149,2988)
r(84,18155,1,149,2989)
r(69,50531,1,149,2990)
r(17,12020,1,149,2991)
r(66,50529,1,149,2992)
r(1,52189,1,149,2993)
r(13,36405,1,149,2994)
r(84,18155,1,149,2995)
r(3,46127,1,149,2996)
r(45,50535,1,149,2997)
r(34,2104,1,149,2998)
r(72,50533,1,149,2999)
r(71,52183,1,150,3000)
r(5,30086,1,150,3001)
r(7,30158,1,150,3002)
r(11,46162,1,150,3003)
r(5,30086,1,150,3004)
r(25,46104,1,150,3005)
r(24,2116,1,150,3006)
r(29,46151,1,150,3007)
r(1,52189,1,150,3008)
r(62,2114,1,150,3009)
r(91,50530,1,150,3010)
r(88,46149,1,150,3011)
r(27,46152,1,150,3012)
r(46,46113,1,150,3013)
r(53,2113,1,150,3014)
r(45,50535,1,150,3015)
r(72,50533,1,150,3016)
r(93,36401,1,150,3017)
r(51,54247,1,150,3018)
r(17,12020,1,150,3019)
r(88,46149,1,151,3020)
r(42,2121,1,151,3021)
r(94,30156,1,151,3022)
r(11,46162,1,151,3023)
r(45,50535,1,151,3024)
r(98,46157,1,151,3025)
r(34,2104,1,151,3026)
r(99,46037,1,151,3027)
r(9,16218,1,151,3028)
r(11,46162,1,151,3029)
r(91,50530,1,151,3030)
r(71,52183,1,151,3031)
r(50,30155,1,151,3032)
w(1,2124,1,151,3033)
w(93,2125,1,151,3034)
w(59,2126,1,151,3035)
w(9,2127,1,151,3036)
w(69,2128,1,151,3037)
w(25,2129,1,151,3038)
w(2,2130,1,151,3039)
r(81,46159,1,152,3040)
r(41,30169,1,152,3041)
r(10,50552,1,152,3042)
r(33,46175,1,152,3043)
r(63,30174,1,152,3044)
r(43,50547,1,152,3045)
r(33,46175,1,152,3046)
r(7,30158,1,152,3047)
r(62,46171,1,152,3048)
r(33,46175,1,152,3049)
w(14,2131,1,152,3050)
w(71,2132,1,152,3051)
w(65,2133,1,152,3052)
w(7,2134,1,152,3053)
w(49,2135,1,152,3054)
w(0,2136,1,152,3055)
w(2,2137,1,152,3056)
w(64,2138,1,152,3057)
w(0,2139,1,152,3058)
w(76,2140,1,152,3059)
r(8,30183,1,153,3060)
r(38,18187,1,153,3061)
r(99,56056,1,153,3062)
r(45,50535,1,153,3063)
r(19,2106,1,153,3064)
r(1,26252,1,153,3065)
r(9,46182,1,153,3066)
r(91,50558,1,153,3067)
r(49,2135,1,153,3068)
r(28,20204,1,153,3069)
r(33,46175,1,153,3070)
r(81,46159,1,153,3071)
w(20,2141,1,153,3072)
w(80,2142,1,153,3073)
w(5,2143,1,153,3074)
w(9,2144,1,153,3075)
w(92,2145,1,153,3076)
w(73,2146,1,153,3077)
w(98,2147,1,153,3078)
w(39,2148,1,153,3079)
r(14,2131,1,154,3080)
r(31,2103,1,154,3081)
r(7,2134,1,154,3082)
r(75,36443,1,154,3083)
r(1,26252,1,154,3084)
r(70,30202,1,154,3085)
r(66,50529,1,154,3086)
r(62,46171,1,154,3087)
r(99,48056,1,154,3088)
r(84,48057,1,154,3089)
r(85,4080,1,154,3090)
r(40,46130,1,154,3091)
r(38,18187,1,154,3092)
r(9,2144,1,154,3093)
r(99,48056,1,154,3094)
r(11,46162,1,154,3095)
r(20,2141,1,154,3096)
r(83,36446,1,154,3097)
r(91,30188,1,154,3098)
r(43,50547,1,154,3099)
r(18,46167,1,155,3100)
r(19,2106,1,155,3101)
r(2,30205,1,155,3102)
r(90,50543,1,155,3103)
r(59,28386,1,155,3104)
r(71,2132,1,155,3105)
r(64,30201,1,155,3106)
r(58,36445,1,155,3107)
r(37,50573,1,155,3108)
r(15,30179,1,155,3109)
r(5,2143,1,155,3110)
r(18,46167,1,155,3111)
r(57,36448,1,155,3112)
r(26,46145,1,155,3113)
r(1,26252,1,155,3114)
r(67,50572,1,155,3115)
r(83,36446,1,155,3116)
r(26,46145,1,155,3117)
r(33,46175,1,155,3118)
r(69,50550,1,155,3119)
r(16,50562,1,156,3120)
r(18,46167,1,156,3121)
r(21,36415,1,156,3122)
r(95,30203,1,156,3123)
r(33,46175,1,156,3124)
r(50,48055,1,156,3125)
r(9,2144,1,156,3126)
r(21,36415,1,156,3127)
r(55,30196,1,156,3128)
r(93,12051,1,156,3129)
r(64,30201,1,156,3130)
r(49,2135,1,156,3131)
r(34,48058,1,156,3132)
r(8,30183,1,156,3133)
r(43,50547,1,156,3134)
r(18,46167,1,156,3135)
r(79,50540,1,156,3136)
r(57,36448,1,156,3137)
r(63,30185,1,156,3138)
r(26,46145,1,156,3139)
r(10,50552,1,157,3140)
r(99,48056,1,157,3141)
r(53,30206,1,157,3142)
r(33,46175,1,157,3143)
r(50,48055,1,157,3144)
r(52,50565,1,157,3145)
r(28,20204,1,157,3146)
w(36,2149,1,157,3147)
w(78,2150,1,157,3148)
w(46,2151,1,157,3149)
w(67,2152,1,157,3150)
w(88,2153,1,157,3151)
w(3,2154,1,157,3152)
w(95,2155,1,157,3153)
w(27,2156,1,157,3154)
w(44,2157,1,157,3155)
w(70,2158,1,157,3156)
w(94,2159,1,157,3157)
w(5,2160,1,157,3158)
w(14,2161,1,157,3159)
r(67,50572,1,158,3160)
r(36,50595,1,158,3161)
r(30,30191,1,158,3162)
r(74,50563,1,158,3163)
r(15,30179,1,158,3164)
r(49,2135,1,158,3165)
r(15,30179,1,158,3166)
r(77,30221,1,158,3167)
r(8,30183,1,158,3168)
r(20,2141,1,158,3169)
r(8,30183,1,158,3170)
w(92,2162,1,158,3171)
w(16,2163,1,158,3172)
w(85,2164,1,158,3173)
w(28,2165,1,158,3174)
w(53,2166,1,158,3175)
w(12,2167,1,158,3176)
w(65,2168,1,158,3177)
w(41,2169,1,158,3178)
w(99,2170,1,158,3179)
r(71,30217,1,159,3180)
r(44,30190,1,159,3181)
r(40,4041,1,159,3182)
r(6,2118,1,159,3183)
r(82,4028,1,159,3184)
r(77,30221,1,159,3185)
r(9,12067,1,159,3186)
r(18,46167,1,159,3187)
r(69,30216,1,159,3188)
r(95,30203,1,159,3189)
r(9,12067,1,159,3190)
r(68,54286,1,159,3191)
r(48,4027,1,159,3192)
r(8,4033,1,159,3193)
r(43,50547,1,159,3194)
r(87,18170,1,159,3195)
r(66,50589,1,159,3196)
r(95,30203,1,159,3197)
r(82,4028,1,159,3198)
r(43,50547,1,159,3199)
w(7,2171,1,160,3200)
w(57,2172,1,160,3201)
w(18,2173,1,160,3202)
w(43,2174,1,160,3203)
w(47,2175,1,160,3204)
w(73,2176,1,160,3205)
w(69,2177,1,160,3206)
w(76,2178,1,160,3207)
w(47,2179,1,160,3208)
w(17,2180,1,160,3209)
w(58,2181,1,160,3210)
w(97,2182,1,160,3211)
w(55,2183,1,160,3212)
w(36,2184,1,160,3213)
w(71,2185,1,160,3214)
w(94,2186,1,160,3215)
w(49,2187,1,160,3216)
w(7,2188,1,160,3217)
w(2,2189,1,160,3218)
w(40,2190,1,160,3219)
w(97,2191,1,161,3220)
w(70,2192,1,161,3221)
w(8,2193,1,161,3222)
w(48,2194,1,161,3223)
w(96,2195,1,161,3224)
w(11,2196,1,161,3225)
w(43,2197,1,161,3226)
w(71,2198,1,161,3227)
w(33,2199,1,161,3228)
w(72,2200,1,161,3229)
w(13,2201,1,161,3230)
w(21,2202,1,161,3231)
w(97,2203,1,161,3232)
w(49,2204,1,161,3233)
w(10,2205,1,161,3234)
w(18,2206,1,161,3235)
w(95,2207,1,161,3236)
w(73,2208,1,161,3237)
w(68,2209,1,161,3238)
w(32,2210,1,161,3239)
r(50,30260,1,162,3240)
r(26,50614,1,162,3241)
r(31,50641,1,162,3242)
r(58,12082,1,162,3243)
r(6,2118,1,162,3244)
r(54,30256,1,162,3245)
r(81,12087,1,162,3246)
r(55,44393,1,162,3247)
w(67,2211,1,162,3248)
w(69,2212,1,162,3249)
w(1,2213,1,162,3250)
w(39,2214,1,162,3251)
w(85,2215,1,162,3252)
w(20,2216,1,162,3253)
w(32,2217,1,162,3254)
w(90,2218,1,162,3255)
w(56,2219,1,162,3256)
w(91,2220,1,162,3257)
w(46,2221,1,162,3258)
w(9,2222,1,162,3259)
r(33,2199,1,163,3260)
r(69,36489,1,163,3261)
r(67,58163,1,163,3262)
r(8,46266,1,163,3263)
r(57,30273,1,163,3264)
r(20,4025,1,163,3265)
r(32,2217,1,163,3266)
r(13,46270,1,163,3267)
r(1,8020,1,163,3268)
r(49,30275,1,163,3269)
r(3,4066,1,163,3270)
r(41,8011,1,163,3271)
r(66,46259,1,163,3272)
r(81,46269,1,163,3273)
r(31,50641,1,163,3274)
r(6,2118,1,163,3275)
r(59,50636,1,163,3276)
r(26,50614,1,163,3277)
r(95,30283,1,163,3278)
r(20,4025,1,163,3279)
r(8,46266,1,164,3280)
r(10,2205,1,164,3281)
r(14,56119,1,164,3282)
r(45,12069,1,164,3283)
r(80,28416,1,164,3284)
r(70,50663,1,164,3285)
r(2,30281,1,164,3286)
r(37,50573,1,164,3287)
r(76,12096,1,164,3288)
r(64,50661,1,164,3289)
w(61,2223,1,164,3290)
w(40,2224,1,164,3291)
w(17,2225,1,164,3292)
w(50,2226,1,164,3293)
w(13,2227,1,164,3294)
w(16,2228,1,164,3295)
w(52,2229,1,164,3296)
w(54,2230,1,164,3297)
w(64,2231,1,164,3298)
w(94,2232,1,164,3299)
r(18,44413,1,165,3300)
r(99,44392,1,165,3301)
r(92,20311,1,165,3302)
r(53,50684,1,165,3303)
r(54,56117,1,165,3304)
r(67,50676,1,165,3305)
r(96,2195,1,165,3306)
r(39,4070,1,165,3307)
r(22,30267,1,165,3308)
w(26,2233,1,165,3309)
w(68,2234,1,165,3310)
w(94,2235,1,165,3311)
w(8,2236,1,165,3312)
w(39,2237,1,165,3313)
w(77,2238,1,165,3314)
w(85,2239,1,165,3315)
w(12,2240,1,165,3316)
w(53,2241,1,165,3317)
w(21,2242,1,165,3318)
w(28,2243,1,165,3319)
r(49,50675,1,166,3320)
r(48,44411,1,166,3321)
r(96,2195,1,166,3322)
r(69,26329,1,166,3323)
r(40,20321,1,166,3324)
r(32,2217,1,166,3325)
r(53,2241,1,166,3326)
r(21,2242,1,166,3327)
w(56,2001,1,166,3328)
w(65,2002,1,166,3329)
w(36,2003,1,166,3330)
w(86,2004,1,166,3331)
w(65,2005,1,166,3332)
w(99,2006,1,166,3333)
w(21,2007,1,166,3334)
w(81,2008,1,166,3335)
w(79,2009,1,166,3336)
w(40,2010,1,166,3337)
w(7,2011,1,166,3338)
w(13,2012,1,166,3339)
w(21,2013,1,167,3340)
w(57,2014,1,167,3341)
w(52,2015,1,167,3342)
w(82,2016,1,167,3343)
w(20,2017,1,167,3344)
w(3,2018,1,167,3345)
w(64,2019,1,167,3346)
w(41,2020,1,167,3347)
w(85,2021,1,167,3348)
w(14,2022,1,167,3349)
w(92,2023,1,167,3350)
w(19,2024,1,167,3351)
w(95,2025,1,167,3352)
w(76,2026,1,167,3353)
w(53,2027,1,167,3354)
w(0,2028,1,167,3355)
w(23,2029,1,167,3356)
w(64,2030,1,167,3357)
w(11,2031,1,167,3358)
w(13,2032,1,167,3359)
r(72,30370,1,168,3360)
r(99,36552,1,168,3361)
r(6,50689,1,168,3362)
r(13,2032,1,168,3363)
r(39,2237,1,168,3364)
r(63,30351,1,168,3365)
r(31,50787,1,168,3366)
r(17,30387,1,168,3367)
r(97,50788,1,168,3368)
r(62,26021,1,168,3369)
r(43,44453,1,168,3370)
r(27,36548,1,168,3371)
r(10,58189,1,168,3372)
r(19,44440,1,168,3373)
r(37,46394,1,168,3374)
r(82,30293,1,168,3375)
r(36,36556,1,168,3376)
r(52,52291,1,168,3377)
r(26,46386,1,168,3378)
r(90,50786,1,168,3379)
r(1,26332,1,169,3380)
r(84,50783,1,169,3381)
r(7,26014,1,169,3382)
r(58,44436,1,169,3383)
r(37,46394,1,169,3384)
r(14,30368,1,169,3385)
r(9,18299,1,169,3386)
r(70,8025,1,169,3387)
r(5,50784,1,169,3388)
w(0,2033,1,169,3389)
w(34,2034,1,169,3390)
w(38,2035,1,169,3391)
w(64,2036,1,169,3392)
w(82,2037,1,169,3393)
w(24,2038,1,169,3394)
w(88,2039,1,169,3395)
w(67,2040,1,169,3396)
w(71,2041,1,169,3397)
w(13,2042,1,169,3398)
w(81,2043,1,169,3399)
r(58,24005,1,170,3400)
r(24,46341,1,170,3401)
r(26,46386,1,170,3402)
r(17,30387,1,170,3403)
r(72,30370,1,170,3404)
r(22,26018,1,170,3405)
r(96,30412,1,170,3406)
r(41,30393,1,170,3407)
r(98,12115,1,170,3408)
r(20,30415,1,170,3409)
r(93,44451,1,170,3410)
w(51,2044,1,170,3411)
w(36,2045,1,170,3412)
w(18,2046,1,170,3413)
w(26,2047,1,170,3414)
w(27,2048,1,170,3415)
w(61,2049,1,170,3416)
w(27,2050,1,170,3417)
w(40,2051,1,170,3418)
w(29,2052,1,170,3419)
r(50,50670,1,171,3420)
r(89,30394,1,171,3421)
r(4,44432,1,171,3422)
r(95,6007,1,171,3423)
r(66,8037,1,171,3424)
r(58,24005,1,171,3425)
r(96,6014,1,171,3426)
w(31,2053,1,171,3427)
w(35,2054,1,171,3428)
w(12,2055,1,171,3429)
w(6,2056,1,171,3430)
w(54,2057,1,171,3431)
w(51,2058,1,171,3432)
w(99,2059,1,171,3433)
w(94,2060,1,171,3434)
w(27,2061,1,171,3435)
w(96,2062,1,171,3436)
w(30,2063,1,171,3437)
w(84,2064,1,171,3438)
w(3,2065,1,171,3439)
r(25,46443,1,172,3440)
r(28,24016,1,172,3441)
r(66,46447,1,172,3442)
r(15,24022,1,172,3443)
r(93,26090,1,172,3444)
r(65,26013,1,172,3445)
r(55,46438,1,172,3446)
r(76,50014,1,172,3447)
r(0,26070,1,172,3448)
r(58,50016,1,172,3449)
r(89,30394,1,172,3450)
r(13,26076,1,172,3451)
r(55,46438,1,172,3452)
r(64,46449,1,172,3453)
r(79,24030,1,172,3454)
r(21,46442,1,172,3455)
r(31,6046,1,172,3456)
r(45,6031,1,172,3457)
r(4,46448,1,172,3458)
r(22,6012,1,172,3459)
r(2,6020,1,173,3460)
r(27,36548,1,173,3461)
r(19,26084,1,173,3462)
r(77,30434,1,173,3463)
r(45,6031,1,173,3464)
r(6,56194,1,173,3465)
r(65,26013,1,173,3466)
r(69,46439,1,173,3467)
r(16,24031,1,173,3468)
w(83,2066,1,173,3469)
w(73,2067,1,173,3470)
w(21,2068,1,173,3471)
w(10,2069,1,173,3472)
w(94,2070,1,173,3473)
w(74,2071,1,173,3474)
w(60,2072,1,173,3475)
w(10,2073,1,173,3476)
w(1,2074,1,173,3477)
w(39,2075,1,173,3478)
w(88,2076,1,173,3479)
r(38,6063,1,174,3480)
r(9,50049,1,174,3481)
r(3,50051,1,174,3482)
r(2,46452,1,174,3483)
r(65,46474,1,174,3484)
r(5,46459,1,174,3485)
r(86,24028,1,174,3486)
r(64,50042,1,174,3487)
r(94,46457,1,174,3488)
r(83,6065,1,174,3489)
r(28,24016,1,174,3490)
r(30,24034,1,174,3491)
r(53,50028,1,174,3492)
r(80,6024,1,174,3493)
r(54,6016,1,174,3494)
r(86,24028,1,174,3495)
r(27,36548,1,174,3496)
r(67,12158,1,174,3497)
r(11,20148,1,174,3498)
r(63,26067,1,174,3499)
w(61,2077,1,175,3500)
w(88,2078,1,175,3501)
w(86,2079,1,175,3502)
w(45,2080,1,175,3503)
w(89,2081,1,175,3504)
w(77,2082,1,175,3505)
w(9,2083,1,175,3506)
w(3,2084,1,175,3507)
w(31,2085,1,175,3508)
w(99,2086,1,175,3509)
w(79,2087,1,175,3510)
w(19,2088,1,175,3511)
w(17,2089,1,175,3512)
w(4,2090,1,175,3513)
w(63,2091,1,175,3514)
w(52,2092,1,175,3515)
w(31,2093,1,175,3516)
w(22,2094,1,175,3517)
w(86,2095,1,175,3518)
w(14,2096,1,175,3519)
r(68,50066,1,176,3520)
r(74,26124,1,176,3521)
r(95,26120,1,176,3522)
r(58,20169,1,176,3523)
r(16,20157,1,176,3524)
r(69,46472,1,176,3525)
r(94,50054,1,176,3526)
r(72,26121,1,176,3527)
w(73,2097,1,176,3528)
w(60,2098,1,176,3529)
w(16,2099,1,176,3530)
w(5,2100,1,176,3531)
w(32,2101,1,176,3532)
w(29,2102,1,176,3533)
w(18,2103,1,176,3534)
w(81,2104,1,176,3535)
w(35,2105,1,176,3536)
w(57,2106,1,176,3537)
w(78,2107,1,176,3538)
w(52,2108,1,176,3539)
r(83,26150,1,177,3540)
r(74,30483,1,177,3541)
r(69,26147,1,177,3542)
r(43,26153,1,177,3543)
r(91,50078,1,177,3544)
r(89,20176,1,177,3545)
r(53,50117,1,177,3546)
r(10,26107,1,177,3547)
r(38,30467,1,177,3548)
r(64,46488,1,177,3549)
r(78,26156,1,177,3550)
r(33,20172,1,177,3551)
w(29,2109,1,177,3552)
w(11,2110,1,177,3553)
w(34,2111,1,177,3554)
w(35,2112,1,177,3555)
w(63,2113,1,177,3556)
w(50,2114,1,177,3557)
w(71,2115,1,177,3558)
w(61,2116,1,177,3559)
r(58,20169,1,178,3560)
r(87,50022,1,178,3561)
r(84,26162,1,178,3562)
r(22,26164,1,178,3563)
r(9,26159,1,178,3564)
r(40,12177,1,178,3565)
r(48,38616,1,178,3566)
r(67,38617,1,178,3567)
r(92,46511,1,178,3568)
w(26,2117,1,178,3569)
w(8,2118,1,178,3570)
w(36,2119,1,178,3571)
w(83,2120,1,178,3572)
w(30,2121,1,178,3573)
w(68,2122,1,178,3574)
w(30,2123,1,178,3575)
w(69,2124,1,178,3576)
w(71,2125,1,178,3577)
w(16,2126,1,178,3578)
w(85,2127,1,178,3579)
r(42,20320,1,179,3580)
r(50,46507,1,179,3581)
r(96,26176,1,179,3582)
r(81,46529,1,179,3583)
r(64,24109,1,179,3584)
r(82,30480,1,179,3585)
w(73,2001,1,179,3586)
w(47,2002,1,179,3587)
w(38,2003,1,179,3588)
w(46,2004,1,179,3589)
w(80,2005,1,179,3590)
w(43,2006,1,179,3591)
w(83,2007,1,179,3592)
w(60,2008,1,179,3593)
w(8,2009,1,179,3594)
w(45,2010,1,179,3595)
w(20,2011,1,179,3596)
w(43,2012,1,179,3597)
w(0,2013,1,179,3598)
w(36,2014,1,179,3599)
r(8,2009,1,180,3600)
r(72,30490,1,180,3601)
r(63,24081,1,180,3602)
r(80,2005,1,180,3603)
r(55,50140,1,180,3604)
r(23,8110,1,180,3605)
r(69,26165,1,180,3606)
r(61,30518,1,180,3607)
r(2,30476,1,180,3608)
r(65,38624,1,180,3609)
r(16,30492,1,180,3610)
w(67,2015,1,180,3611)
w(12,2016,1,180,3612)
w(59,2017,1,180,3613)
w(19,2018,1,180,3614)
w(84,2019,1,180,3615)
w(3,2020,1,180,3616)
w(31,2021,1,180,3617)
w(69,2022,1,180,3618)
w(46,2023,1,180,3619)
r(39,50091,1,181,3620)
r(95,46512,1,181,3621)
r(57,46505,1,181,3622)
r(30,50150,1,181,3623)
r(30,50150,1,181,3624)
r(74,30483,1,181,3625)
r(97,44522,1,181,3626)
r(37,30522,1,181,3627)
r(94,24108,1,181,3628)
r(23,8110,1,181,3629)
r(60,2008,1,181,3630)
r(12,2016,1,181,3631)
r(67,2015,1,181,3632)
r(88,24117,1,181,3633)
r(15,50144,1,181,3634)
r(34,30533,1,181,3635)
r(19,2018,1,181,3636)
r(19,2018,1,181,3637)
r(68,30521,1,181,3638)
r(27,26178,1,181,3639)
r(40,30530,1,182,3640)
r(11,46524,1,182,3641)
r(27,26178,1,182,3642)
r(48,50152,1,182,3643)
r(58,24106,1,182,3644)
r(84,2019,1,182,3645)
r(35,6109,1,182,3646)
r(1,30531,1,182,3647)
r(7,24122,1,182,3648)
r(74,30483,1,182,3649)
r(48,50152,1,182,3650)
r(90,38627,1,182,3651)
r(37,30522,1,182,3652)
r(95,46512,1,182,3653)
r(32,6121,1,182,3654)
r(67,2015,1,182,3655)
r(46,2023,1,182,3656)
r(48,50152,1,182,3657)
r(8,2009,1,182,3658)
r(38,30529,1,182,3659)
r(7,24122,1,183,3660)
r(28,20203,1,183,3661)
r(43,2012,1,183,3662)
r(67,2015,1,183,3663)
r(11,46524,1,183,3664)
w(51,2024,1,183,3665)
w(92,2025,1,183,3666)
w(11,2026,1,183,3667)
w(77,2027,1,183,3668)
w(67,2028,1,183,3669)
w(21,2029,1,183,3670)
w(29,2030,1,183,3671)
w(20,2031,1,183,3672)
w(99,2032,1,183,3673)
w(74,2033,1,183,3674)
w(81,2034,1,183,3675)
w(52,2035,1,183,3676)
w(36,2036,1,183,3677)
w(12,2037,1,183,3678)
w(5,2038,1,183,3679)
w(90,2039,1,184,3680)
w(35,2040,1,184,3681)
w(32,2041,1,184,3682)
w(1,2042,1,184,3683)
w(51,2043,1,184,3684)
w(9,2044,1,184,3685)
w(34,2045,1,184,3686)
w(82,2046,1,184,3687)
w(83,2047,1,184,3688)
w(83,2048,1,184,3689)
w(60,2049,1,184,3690)
w(9,2050,1,184,3691)
w(57,2051,1,184,3692)
w(4,2052,1,184,3693)
w(39,2053,1,184,3694)
w(52,2054,1,184,3695)
w(96,2055,1,184,3696)
w(28,2056,1,184,3697)
w(21,2057,1,184,3698)
w(29,2058,1,184,3699)
r(57,2051,1,185,3700)
r(23,6124,1,185,3701)
r(71,20240,1,185,3702)
r(59,2017,1,185,3703)
r(90,2039,1,185,3704)
r(88,24117,1,185,3705)
r(71,20240,1,185,3706)
r(1,2042,1,185,3707)
r(28,2056,1,185,3708)
r(91,46551,1,185,3709)
r(46,20239,1,185,3710)
w(78,2059,1,185,3711)
w(77,2060,1,185,3712)
w(65,2061,1,185,3713)
w(2,2062,1,185,3714)
w(15,2063,1,185,3715)
w(86,2064,1,185,3716)
w(24,2065,1,185,3717)
w(63,2066,1,185,3718)
w(8,2067,1,185,3719)
r(40,52430,1,186,3720)
r(70,50174,1,186,3721)
r(29,2058,1,186,3722)
r(10,50171,1,186,3723)
r(8,2067,1,186,3724)
r(92,30557,1,186,3725)
r(79,20219,1,186,3726)
r(57,2051,1,186,3727)
r(86,20247,1,186,3728)
r(74,6167,1,186,3729)
r(81,30542,1,186,3730)
r(5,46559,1,186,3731)
r(90,2039,1,186,3732)
r(12,2016,1,186,3733)
r(37,6165,1,186,3734)
r(70,50174,1,186,3735)
r(49,36694,1,186,3736)
r(18,38670,1,186,3737)
r(20,20234,1,186,3738)
r(68,30549,1,186,3739)
r(63,30541,1,187,3740)
r(71,50172,1,187,3741)
r(58,20248,1,187,3742)
r(39,2053,1,187,3743)
r(7,54429,1,187,3744)
r(20,20234,1,187,3745)
r(92,30557,1,187,3746)
r(50,30552,1,187,3747)
r(22,26182,1,187,3748)
r(8,2067,1,187,3749)
r(80,6168,1,187,3750)
r(36,38675,1,187,3751)
r(99,20255,1,187,3752)
w(2,2068,1,187,3753)
w(20,2069,1,187,3754)
w(89,2070,1,187,3755)
w(30,2071,1,187,3756)
w(59,2072,1,187,3757)
w(67,2073,1,187,3758)
w(5,2074,1,187,3759)
w(72,2075,1,188,3760)
w(18,2076,1,188,3761)
w(31,2077,1,188,3762)
w(57,2078,1,188,3763)
w(71,2079,1,188,3764)
w(33,2080,1,188,3765)
w(64,2081,1,188,3766)
w(1,2082,1,188,3767)
w(22,2083,1,188,3768)
w(33,2084,1,188,3769)
w(4,2085,1,188,3770)
w(27,2086,1,188,3771)
w(76,2087,1,188,3772)
w(9,2088,1,188,3773)
w(59,2089,1,188,3774)
w(19,2090,1,188,3775)
w(52,2091,1,188,3776)
w(25,2092,1,188,3777)
w(52,2093,1,188,3778)
w(88,2094,1,188,3779)
w(92,2001,1,189,3780)
w(68,2002,1,189,3781)
w(86,2003,1,189,3782)
w(51,2004,1,189,3783)
w(73,2005,1,189,3784)
w(1,2006,1,189,3785)
w(35,2007,1,189,3786)
w(51,2008,1,189,3787)
w(39,2009,1,189,3788)
w(26,2010,1,189,3789)
w(77,2011,1,189,3790)
w(10,2012,1,189,3791)
w(54,2013,1,189,3792)
w(34,2014,1,189,3793)
w(80,2015,1,189,3794)
w(56,2016,1,189,3795)
w(90,2017,1,189,3796)
w(49,2018,1,189,3797)
w(61,2019,1,189,3798)
w(81,2020,1,189,3799)
w(77,2021,1,190,3800)
w(93,2022,1,190,3801)
w(88,2023,1,190,3802)
w(30,2024,1,190,3803)
w(80,2025,1,190,3804)
w(58,2026,1,190,3805)
w(47,2027,1,190,3806)
w(40,2028,1,190,3807)
w(28,2029,1,190,3808)
w(83,2030,1,190,3809)
w(24,2031,1,190,3810)
w(25,2032,1,190,3811)
w(66,2033,1,190,3812)
w(92,2034,1,190,3813)
w(56,2035,1,190,3814)
w(49,2036,1,190,3815)
w(17,2037,1,190,3816)
w(83,2038,1,190,3817)
w(53,2039,1,190,3818)
w(50,2040,1,190,3819)
w(62,2041,1,191,3820)
w(58,2042,1,191,3821)
w(90,2043,1,191,3822)
w(3,2044,1,191,3823)
w(85,2045,1,191,3824)
w(0,2046,1,191,3825)
w(6,2047,1,191,3826)
w(80,2048,1,191,3827)
w(30,2049,1,191,3828)
w(75,2050,1,191,3829)
w(35,2051,1,191,3830)
w(11,2052,1,191,3831)
w(38,2053,1,191,3832)
w(1,2054,1,191,3833)
w(70,2055,1,191,3834)
w(13,2056,1,191,3835)
w(59,2057,1,191,3836)
w(25,2058,1,191,3837)
w(16,2059,1,191,3838)
w(69,2060,1,191,3839)
r(27,36756,1,192,3840)
r(57,12275,1,192,3841)
r(93,46648,1,192,3842)
r(91,18421,1,192,3843)
r(74,22110,1,192,3844)
r(18,52483,1,192,3845)
r(85,22118,1,192,3846)
r(30,50277,1,192,3847)
w(45,2001,1,192,3848)
w(31,2002,1,192,3849)
w(77,2003,1,192,3850)
w(61,2004,1,192,3851)
w(60,2005,1,192,3852)
w(87,2006,1,192,3853)
w(18,2007,1,192,3854)
w(11,2008,1,192,3855)
w(62,2009,1,192,3856)
w(6,2010,1,192,3857)
w(12,2011,1,192,3858)
w(48,2012,1,192,3859)
r(98,6038,1,193,3860)
r(47,30701,1,193,3861)
r(59,6013,1,193,3862)
r(27,50323,1,193,3863)
r(42,30734,1,193,3864)
r(88,22128,1,193,3865)
r(51,38032,1,193,3866)
r(53,22126,1,193,3867)
r(33,52494,1,193,3868)
r(84,50275,1,193,3869)
r(26,6028,1,193,3870)
r(3,20061,1,193,3871)
r(53,22126,1,193,3872)
r(65,46748,1,193,3873)
r(27,50323,1,193,3874)
r(54,28673,1,193,3875)
r(73,6025,1,193,3876)
r(18,58398,1,193,3877)
r(29,38031,1,193,3878)
r(71,58396,1,193,3879)
r(31,38033,1,194,3880)
r(84,50275,1,194,3881)
r(48,6021,1,194,3882)
r(97,30702,1,194,3883)
r(98,6038,1,194,3884)
r(90,50271,1,194,3885)
r(28,30719,1,194,3886)
r(0,6006,1,194,3887)
r(34,50280,1,194,3888)
r(5,50335,1,194,3889)
r(66,50366,1,194,3890)
r(69,6034,1,194,3891)
r(45,58400,1,194,3892)
w(14,2013,1,194,3893)
w(45,2014,1,194,3894)
w(48,2015,1,194,3895)
w(98,2016,1,194,3896)
w(28,2017,1,194,3897)
w(46,2018,1,194,3898)
w(4,2019,1,194,3899)
w(38,2001,1,195,3900)
w(65,2002,1,195,3901)
w(95,2003,1,195,3902)
w(91,2004,1,195,3903)
w(38,2005,1,195,3904)
w(5,2006,1,195,3905)
w(47,2007,1,195,3906)
w(58,2008,1,195,3907)
w(37,2009,1,195,3908)
w(74,2010,1,195,3909)
w(4,2011,1,195,3910)
w(7,2012,1,195,3911)
w(52,2013,1,195,3912)
w(93,2014,1,195,3913)
w(10,2015,1,195,3914)
w(73,2016,1,195,3915)
w(5,2017,1,195,3916)
w(76,2018,1,195,3917)
w(95,2019,1,195,3918)
w(6,2020,1,195,3919)
