r(56,6104,11,0,0)
r(27,6100,11,0,1)
r(11,4002,11,0,2)
r(4,2110,11,0,3)
r(96,2097,11,0,4)
r(40,8086,11,0,5)
r(77,6070,11,0,6)
r(17,4064,11,0,7)
w(20,22001,11,0,8)
w(46,22002,11,0,9)
w(77,22003,11,0,10)
w(46,22004,11,0,11)
w(77,22005,11,0,12)
w(17,22006,11,0,13)
w(33,22007,11,0,14)
w(56,22008,11,0,15)
w(16,22009,11,0,16)
w(22,22010,11,0,17)
w(9,22011,11,0,18)
w(2,22012,11,0,19)
r(13,10087,11,1,20)
r(2,22012,11,1,21)
r(54,6102,11,1,22)
r(66,6071,11,1,23)
r(25,4105,11,1,24)
r(44,0,11,1,25)
r(1,10102,11,1,26)
r(95,8074,11,1,27)
r(30,2111,11,1,28)
r(35,10070,11,1,29)
w(12,22013,11,1,30)
w(83,22014,11,1,31)
w(25,22015,11,1,32)
w(0,22016,11,1,33)
w(5,22017,11,1,34)
w(13,22018,11,1,35)
w(6,22019,11,1,36)
w(35,22020,11,1,37)
w(33,22021,11,1,38)
w(3,22022,11,1,39)
w(3,22023,11,2,40)
w(48,22024,11,2,41)
w(6,22025,11,2,42)
w(82,22026,11,2,43)
w(33,22027,11,2,44)
w(55,22028,11,2,45)
w(0,22029,11,2,46)
w(4,22030,11,2,47)
w(28,22031,11,2,48)
w(42,22032,11,2,49)
w(11,22033,11,2,50)
w(58,22034,11,2,51)
w(27,22035,11,2,52)
w(74,22036,11,2,53)
w(79,22037,11,2,54)
w(46,22038,11,2,55)
w(55,22039,11,2,56)
w(7,22040,11,2,57)
w(48,22041,11,2,58)
w(64,22042,11,2,59)
r(71,20025,11,3,60)
r(81,34068,11,3,61)
r(41,10137,11,3,62)
r(58,6128,11,3,63)
r(82,20040,11,3,64)
r(89,20037,11,3,65)
r(16,20030,11,3,66)
r(67,4146,11,3,67)
r(58,6128,11,3,68)
r(72,4149,11,3,69)
r(3,22022,11,3,70)
r(38,34036,11,3,71)
w(31,22043,11,3,72)
w(88,22044,11,3,73)
w(56,22045,11,3,74)
w(11,22046,11,3,75)
w(39,22047,11,3,76)
w(15,22048,11,3,77)
w(99,22049,11,3,78)
w(17,22050,11,3,79)
r(88,22044,11,4,80)
r(41,10137,11,4,81)
r(15,22048,11,4,82)
r(76,4157,11,4,83)
r(92,6158,11,4,84)
r(92,6158,11,4,85)
r(56,22045,11,4,86)
r(4,24052,11,4,87)
r(5,10125,11,4,88)
r(61,8121,11,4,89)
r(42,6149,11,4,90)
r(38,8143,11,4,91)
r(85,8151,11,4,92)
w(8,22051,11,4,93)
w(26,22052,11,4,94)
w(73,22053,11,4,95)
w(32,22054,11,4,96)
w(64,22055,11,4,97)
w(16,22056,11,4,98)
w(90,22057,11,4,99)
w(20,22058,11,5,100)
w(87,22059,11,5,101)
w(61,22060,11,5,102)
w(12,22061,11,5,103)
w(22,22062,11,5,104)
w(59,22063,11,5,105)
w(76,22064,11,5,106)
w(5,22065,11,5,107)
w(75,22066,11,5,108)
w(38,22067,11,5,109)
w(82,22068,11,5,110)
w(80,22069,11,5,111)
w(88,22070,11,5,112)
w(57,22071,11,5,113)
w(59,22072,11,5,114)
w(8,22073,11,5,115)
w(13,22074,11,5,116)
w(92,22075,11,5,117)
w(14,22076,11,5,118)
w(52,22077,11,5,119)
r(25,34063,11,6,120)
r(12,22061,11,6,121)
r(18,26048,11,6,122)
r(8,22073,11,6,123)
r(61,22060,11,6,124)
r(95,4174,11,6,125)
r(37,26045,11,6,126)
r(79,34083,11,6,127)
r(88,22070,11,6,128)
r(69,28066,11,6,129)
r(29,2161,11,6,130)
r(77,2160,11,6,131)
r(26,22052,11,6,132)
r(45,26061,11,6,133)
r(2,34088,11,6,134)
r(7,6168,11,6,135)
r(70,6184,11,6,136)
r(84,48014,11,6,137)
r(81,26054,11,6,138)
r(7,6168,11,6,139)
r(74,22036,11,7,140)
r(13,22074,11,7,141)
r(7,6168,11,7,142)
r(54,6179,11,7,143)
r(50,6181,11,7,144)
r(96,20059,11,7,145)
r(69,28066,11,7,146)
r(20,22058,11,7,147)
r(22,22062,11,7,148)
r(60,26065,11,7,149)
r(11,34079,11,7,150)
w(30,22078,11,7,151)
w(38,22079,11,7,152)
w(50,22080,11,7,153)
w(12,22081,11,7,154)
w(62,22082,11,7,155)
w(5,22083,11,7,156)
w(61,22084,11,7,157)
w(30,22085,11,7,158)
w(5,22086,11,7,159)
w(92,22087,11,8,160)
w(74,22088,11,8,161)
w(55,22089,11,8,162)
w(99,22090,11,8,163)
w(82,22091,11,8,164)
w(10,22092,11,8,165)
w(70,22093,11,8,166)
w(71,22094,11,8,167)
w(26,22095,11,8,168)
w(15,22096,11,8,169)
w(17,22097,11,8,170)
w(26,22098,11,8,171)
w(57,22099,11,8,172)
w(34,22100,11,8,173)
w(2,22101,11,8,174)
w(80,22102,11,8,175)
w(45,22103,11,8,176)
w(71,22104,11,8,177)
w(91,22105,11,8,178)
w(82,22106,11,8,179)
r(95,26109,11,9,180)
r(18,26076,11,9,181)
r(5,48074,11,9,182)
r(35,8206,11,9,183)
r(12,4226,11,9,184)
r(72,34155,11,9,185)
r(66,4221,11,9,186)
r(72,34155,11,9,187)
r(83,34140,11,9,188)
r(34,22100,11,9,189)
r(6,54050,11,9,190)
r(5,48074,11,9,191)
w(93,22107,11,9,192)
w(16,22108,11,9,193)
w(1,22109,11,9,194)
w(26,22110,11,9,195)
w(73,22111,11,9,196)
w(99,22112,11,9,197)
w(96,22113,11,9,198)
w(84,22114,11,9,199)
r(62,54037,11,10,200)
r(6,20114,11,10,201)
r(3,34139,11,10,202)
r(85,54057,11,10,203)
r(19,48015,11,10,204)
r(84,22114,11,10,205)
r(31,20113,11,10,206)
r(63,24088,11,10,207)
r(81,4217,11,10,208)
r(46,10162,11,10,209)
w(2,22115,11,10,210)
w(82,22116,11,10,211)
w(3,22117,11,10,212)
w(60,22118,11,10,213)
w(52,22119,11,10,214)
w(86,22120,11,10,215)
w(51,22121,11,10,216)
w(84,22122,11,10,217)
w(55,22123,11,10,218)
w(85,22124,11,10,219)
r(74,26142,11,11,220)
r(99,34178,11,11,221)
r(6,34167,11,11,222)
r(18,20110,11,11,223)
r(97,34174,11,11,224)
r(67,34175,11,11,225)
r(47,10184,11,11,226)
r(26,22110,11,11,227)
r(98,20116,11,11,228)
w(36,22125,11,11,229)
w(25,22126,11,11,230)
w(71,22127,11,11,231)
w(18,22128,11,11,232)
w(32,22129,11,11,233)
w(67,22130,11,11,234)
w(22,22131,11,11,235)
w(20,22132,11,11,236)
w(85,22133,11,11,237)
w(87,22134,11,11,238)
w(26,22135,11,11,239)
w(10,22136,11,12,240)
w(62,22137,11,12,241)
w(39,22138,11,12,242)
w(51,22139,11,12,243)
w(39,22140,11,12,244)
w(51,22141,11,12,245)
w(37,22142,11,12,246)
w(24,22143,11,12,247)
w(26,22144,11,12,248)
w(71,22145,11,12,249)
w(98,22146,11,12,250)
w(49,22147,11,12,251)
w(74,22148,11,12,252)
w(97,22149,11,12,253)
w(12,22150,11,12,254)
w(73,22151,11,12,255)
w(44,22152,11,12,256)
w(67,22153,11,12,257)
w(67,22154,11,12,258)
w(97,22155,11,12,259)
r(78,54106,11,13,260)
r(53,24159,11,13,261)
r(42,2250,11,13,262)
r(28,24157,11,13,263)
r(91,10216,11,13,264)
r(4,8241,11,13,265)
r(24,54118,11,13,266)
w(3,22156,11,13,267)
w(58,22157,11,13,268)
w(22,22158,11,13,269)
w(73,22159,11,13,270)
w(61,22160,11,13,271)
w(2,22161,11,13,272)
w(28,22162,11,13,273)
w(58,22163,11,13,274)
w(35,22164,11,13,275)
w(31,22165,11,13,276)
w(7,22166,11,13,277)
w(74,22167,11,13,278)
w(28,22168,11,13,279)
w(1,22169,11,14,280)
w(30,22170,11,14,281)
w(72,22171,11,14,282)
w(70,22172,11,14,283)
w(20,22173,11,14,284)
w(49,22174,11,14,285)
w(36,22175,11,14,286)
w(75,22176,11,14,287)
w(49,22177,11,14,288)
w(94,22178,11,14,289)
w(44,22179,11,14,290)
w(45,22180,11,14,291)
w(6,22181,11,14,292)
w(39,22182,11,14,293)
w(45,22183,11,14,294)
w(79,22184,11,14,295)
w(33,22185,11,14,296)
w(66,22186,11,14,297)
w(84,22187,11,14,298)
w(66,22188,11,14,299)
r(8,4297,11,15,300)
r(15,6311,11,15,301)
r(96,48157,11,15,302)
r(1,22169,11,15,303)
r(95,8286,11,15,304)
r(26,34252,11,15,305)
r(53,8272,11,15,306)
r(27,34239,11,15,307)
r(43,4309,11,15,308)
r(41,34213,11,15,309)
w(23,22189,11,15,310)
w(21,22190,11,15,311)
w(80,22191,11,15,312)
w(81,22192,11,15,313)
w(35,22193,11,15,314)
w(54,22194,11,15,315)
w(87,22195,11,15,316)
w(28,22196,11,15,317)
w(29,22197,11,15,318)
w(70,22198,11,15,319)
r(77,8309,11,16,320)
r(50,8273,11,16,321)
r(65,34240,11,16,322)
r(35,22193,11,16,323)
r(11,8275,11,16,324)
r(27,34239,11,16,325)
r(9,26215,11,16,326)
r(92,6314,11,16,327)
r(83,4280,11,16,328)
r(74,8289,11,16,329)
r(25,8298,11,16,330)
w(57,22199,11,16,331)
w(21,22200,11,16,332)
w(85,22201,11,16,333)
w(22,22202,11,16,334)
w(50,22203,11,16,335)
w(62,22204,11,16,336)
w(82,22205,11,16,337)
w(61,22206,11,16,338)
w(87,22207,11,16,339)
r(69,4310,11,17,340)
r(66,20198,11,17,341)
r(94,48174,11,17,342)
r(25,8298,11,17,343)
r(78,6298,11,17,344)
r(65,24215,11,17,345)
r(44,22179,11,17,346)
r(38,2259,11,17,347)
w(82,22208,11,17,348)
w(28,22209,11,17,349)
w(35,22210,11,17,350)
w(10,22211,11,17,351)
w(71,22212,11,17,352)
w(20,22213,11,17,353)
w(16,22214,11,17,354)
w(47,22215,11,17,355)
w(99,22216,11,17,356)
w(2,22217,11,17,357)
w(78,22218,11,17,358)
w(18,22219,11,17,359)
w(33,22220,11,18,360)
w(7,22221,11,18,361)
w(60,22222,11,18,362)
w(78,22223,11,18,363)
w(79,22224,11,18,364)
w(79,22225,11,18,365)
w(65,22226,11,18,366)
w(2,22227,11,18,367)
w(40,22228,11,18,368)
w(19,22229,11,18,369)
w(32,22230,11,18,370)
w(66,22231,11,18,371)
w(59,22232,11,18,372)
w(58,22233,11,18,373)
w(22,22234,11,18,374)
w(72,22235,11,18,375)
w(16,22236,11,18,376)
w(46,22237,11,18,377)
w(84,22238,11,18,378)
w(28,22239,11,18,379)
r(16,22236,11,19,380)
r(88,54191,11,19,381)
r(71,4335,11,19,382)
r(67,8305,11,19,383)
r(66,6330,11,19,384)
r(4,54193,11,19,385)
r(9,4344,11,19,386)
r(60,6342,11,19,387)
r(10,26240,11,19,388)
r(19,6363,11,19,389)
w(98,22240,11,19,390)
w(14,22241,11,19,391)
w(0,22242,11,19,392)
w(9,22243,11,19,393)
w(35,22244,11,19,394)
w(0,22245,11,19,395)
w(16,22246,11,19,396)
w(25,22247,11,19,397)
w(2,22248,11,19,398)
w(17,22249,11,19,399)
r(46,54209,11,20,400)
r(17,34298,11,20,401)
r(62,34295,11,20,402)
r(73,6382,11,20,403)
r(19,26246,11,20,404)
r(10,26240,11,20,405)
r(49,8337,11,20,406)
r(25,34301,11,20,407)
r(10,26240,11,20,408)
r(4,24265,11,20,409)
r(77,26247,11,20,410)
r(39,54183,11,20,411)
r(85,34300,11,20,412)
r(78,22218,11,20,413)
r(81,8338,11,20,414)
r(13,34292,11,20,415)
r(35,48221,11,20,416)
r(56,48215,11,20,417)
r(38,10307,11,20,418)
r(40,24267,11,20,419)
r(51,8350,11,21,420)
r(8,26243,11,21,421)
r(58,54205,11,21,422)
r(18,34293,11,21,423)
r(32,54216,11,21,424)
r(36,48227,11,21,425)
r(57,10313,11,21,426)
r(17,34298,11,21,427)
r(57,10313,11,21,428)
w(44,22250,11,21,429)
w(12,22251,11,21,430)
w(63,22252,11,21,431)
w(20,22253,11,21,432)
w(5,22254,11,21,433)
w(0,22255,11,21,434)
w(0,22256,11,21,435)
w(57,22257,11,21,436)
w(12,22258,11,21,437)
w(69,22259,11,21,438)
w(12,22260,11,21,439)
r(13,34307,11,22,440)
r(25,54229,11,22,441)
r(0,22256,11,22,442)
r(70,26260,11,22,443)
r(64,26265,11,22,444)
r(58,10340,11,22,445)
r(72,48241,11,22,446)
r(81,48242,11,22,447)
r(0,22256,11,22,448)
r(80,48254,11,22,449)
r(56,48244,11,22,450)
r(54,26264,11,22,451)
w(48,22261,11,22,452)
w(91,22262,11,22,453)
w(85,22263,11,22,454)
w(26,22264,11,22,455)
w(79,22265,11,22,456)
w(88,22266,11,22,457)
w(13,22267,11,22,458)
w(48,22268,11,22,459)
r(35,10354,11,23,460)
r(68,34312,11,23,461)
r(66,26241,11,23,462)
r(45,20266,11,23,463)
r(39,10349,11,23,464)
r(31,2341,11,23,465)
r(97,2353,11,23,466)
r(69,22259,11,23,467)
r(32,48234,11,23,468)
r(69,22259,11,23,469)
w(22,22269,11,23,470)
w(9,22270,11,23,471)
w(35,22271,11,23,472)
w(38,22272,11,23,473)
w(26,22273,11,23,474)
w(90,22274,11,23,475)
w(56,22275,11,23,476)
w(8,22276,11,23,477)
w(36,22277,11,23,478)
w(37,22278,11,23,479)
r(31,26314,11,24,480)
r(23,8397,11,24,481)
r(97,26312,11,24,482)
r(23,8397,11,24,483)
r(79,6425,11,24,484)
r(62,8377,11,24,485)
r(41,26287,11,24,486)
r(95,48292,11,24,487)
r(95,48292,11,24,488)
r(59,10369,11,24,489)
r(54,8402,11,24,490)
r(84,26288,11,24,491)
r(55,8406,11,24,492)
r(65,26306,11,24,493)
r(36,22277,11,24,494)
r(30,26307,11,24,495)
r(61,54261,11,24,496)
r(77,10372,11,24,497)
r(49,54272,11,24,498)
r(53,54245,11,24,499)
r(64,8395,11,25,500)
r(92,48270,11,25,501)
r(35,2370,11,25,502)
r(57,20294,11,25,503)
r(68,26310,11,25,504)
r(23,8397,11,25,505)
r(34,10368,11,25,506)
r(86,2380,11,25,507)
r(98,8399,11,25,508)
r(47,6428,11,25,509)
r(17,34298,11,25,510)
r(47,6428,11,25,511)
r(40,6424,11,25,512)
r(22,2369,11,25,513)
r(52,54249,11,25,514)
r(99,48250,11,25,515)
r(51,20292,11,25,516)
r(61,54261,11,25,517)
r(52,54249,11,25,518)
r(64,8395,11,25,519)
r(87,10361,11,26,520)
r(72,2384,11,26,521)
r(78,10334,11,26,522)
r(0,10374,11,26,523)
r(5,4391,11,26,524)
r(89,2368,11,26,525)
r(68,26310,11,26,526)
r(61,54261,11,26,527)
r(64,8395,11,26,528)
r(0,10374,11,26,529)
r(20,26304,11,26,530)
r(32,8403,11,26,531)
w(40,22279,11,26,532)
w(0,22280,11,26,533)
w(79,22281,11,26,534)
w(30,22282,11,26,535)
w(56,22283,11,26,536)
w(6,22284,11,26,537)
w(91,22285,11,26,538)
w(56,22286,11,26,539)
r(97,48309,11,27,540)
r(80,26326,11,27,541)
r(93,26327,11,27,542)
r(23,24312,11,27,543)
r(0,10374,11,27,544)
r(5,4391,11,27,545)
r(36,24325,11,27,546)
r(23,24312,11,27,547)
r(99,54287,11,27,548)
r(94,20315,11,27,549)
r(53,10390,11,27,550)
r(31,26314,11,27,551)
r(14,10388,11,27,552)
r(83,6437,11,27,553)
r(61,24314,11,27,554)
w(90,22287,11,27,555)
w(33,22288,11,27,556)
w(38,22289,11,27,557)
w(98,22290,11,27,558)
w(77,22291,11,27,559)
r(13,26323,11,28,560)
r(29,10399,11,28,561)
r(45,34356,11,28,562)
r(21,6455,11,28,563)
r(96,8398,11,28,564)
r(25,6439,11,28,565)
r(73,2393,11,28,566)
r(65,48312,11,28,567)
r(10,2387,11,28,568)
r(98,10385,11,28,569)
w(71,22292,11,28,570)
w(18,22293,11,28,571)
w(27,22294,11,28,572)
w(88,22295,11,28,573)
w(34,22296,11,28,574)
w(7,22297,11,28,575)
w(80,22298,11,28,576)
w(38,22299,11,28,577)
w(18,22300,11,28,578)
w(74,22301,11,28,579)
r(22,10406,11,29,580)
r(20,4423,11,29,581)
r(36,24325,11,29,582)
r(50,34353,11,29,583)
r(31,8431,11,29,584)
r(13,26323,11,29,585)
r(32,2413,11,29,586)
r(1,34365,11,29,587)
r(76,54309,11,29,588)
w(7,22302,11,29,589)
w(23,22303,11,29,590)
w(1,22304,11,29,591)
w(98,22305,11,29,592)
w(73,22306,11,29,593)
w(39,22307,11,29,594)
w(26,22308,11,29,595)
w(23,22309,11,29,596)
w(58,22310,11,29,597)
w(28,22311,11,29,598)
w(70,22312,11,29,599)
r(59,20359,11,30,600)
r(19,34385,11,30,601)
r(94,34355,11,30,602)
r(19,34385,11,30,603)
r(7,22297,11,30,604)
r(59,20359,11,30,605)
r(21,6506,11,30,606)
r(39,6460,11,30,607)
r(12,6478,11,30,608)
r(12,6478,11,30,609)
r(25,26376,11,30,610)
r(79,20338,11,30,611)
w(78,22313,11,30,612)
w(84,22314,11,30,613)
w(30,22315,11,30,614)
w(44,22316,11,30,615)
w(87,22317,11,30,616)
w(45,22318,11,30,617)
w(61,22319,11,30,618)
w(52,22320,11,30,619)
r(65,20354,11,31,620)
r(94,34355,11,31,621)
r(53,6527,11,31,622)
r(26,4447,11,31,623)
r(29,6467,11,31,624)
r(19,48348,11,31,625)
r(84,20389,11,31,626)
r(7,34423,11,31,627)
r(36,26369,11,31,628)
r(83,34421,11,31,629)
w(19,22321,11,31,630)
w(87,22322,11,31,631)
w(95,22323,11,31,632)
w(54,22324,11,31,633)
w(79,22325,11,31,634)
w(91,22326,11,31,635)
w(43,22327,11,31,636)
w(95,22328,11,31,637)
w(22,22329,11,31,638)
w(23,22330,11,31,639)
r(63,2432,11,32,640)
r(78,6531,11,32,641)
r(28,26384,11,32,642)
r(62,6553,11,32,643)
r(57,20388,11,32,644)
r(7,34423,11,32,645)
r(42,24390,11,32,646)
r(12,26395,11,32,647)
r(93,6549,11,32,648)
r(60,54348,11,32,649)
r(64,4469,11,32,650)
r(11,26378,11,32,651)
w(28,22331,11,32,652)
w(20,22332,11,32,653)
w(89,22333,11,32,654)
w(18,22334,11,32,655)
w(79,22335,11,32,656)
w(95,22336,11,32,657)
w(22,22337,11,32,658)
w(48,22338,11,32,659)
w(26,22339,11,33,660)
w(3,22340,11,33,661)
w(79,22341,11,33,662)
w(63,22342,11,33,663)
w(10,22343,11,33,664)
w(24,22344,11,33,665)
w(12,22345,11,33,666)
w(40,22346,11,33,667)
w(35,22347,11,33,668)
w(82,22348,11,33,669)
w(68,22349,11,33,670)
w(17,22350,11,33,671)
w(82,22351,11,33,672)
w(34,22352,11,33,673)
w(84,22353,11,33,674)
w(13,22354,11,33,675)
w(66,22355,11,33,676)
w(86,22356,11,33,677)
w(37,22357,11,33,678)
w(75,22358,11,33,679)
r(7,2493,11,34,680)
r(66,24415,11,34,681)
r(60,4513,11,34,682)
r(52,4464,11,34,683)
r(81,4485,11,34,684)
r(95,34457,11,34,685)
r(56,2487,11,34,686)
w(24,22359,11,34,687)
w(42,22360,11,34,688)
w(42,22361,11,34,689)
w(77,22362,11,34,690)
w(69,22363,11,34,691)
w(55,22364,11,34,692)
w(52,22365,11,34,693)
w(28,22366,11,34,694)
w(23,22367,11,34,695)
w(22,22368,11,34,696)
w(46,22369,11,34,697)
w(13,22370,11,34,698)
w(37,22371,11,34,699)
r(91,48380,11,35,700)
r(33,8550,11,35,701)
r(69,26428,11,35,702)
r(9,34477,11,35,703)
r(43,8552,11,35,704)
r(20,24413,11,35,705)
r(39,4504,11,35,706)
r(88,10475,11,35,707)
r(4,10453,11,35,708)
w(32,22372,11,35,709)
w(46,22373,11,35,710)
w(33,22374,11,35,711)
w(24,22375,11,35,712)
w(75,22376,11,35,713)
w(64,22377,11,35,714)
w(77,22378,11,35,715)
w(56,22379,11,35,716)
w(90,22380,11,35,717)
w(14,22381,11,35,718)
w(59,22382,11,35,719)
r(14,22381,11,36,720)
r(33,22374,11,36,721)
r(30,8553,11,36,722)
r(55,2515,11,36,723)
w(49,22383,11,36,724)
w(21,22384,11,36,725)
w(89,22385,11,36,726)
w(68,22386,11,36,727)
w(35,22387,11,36,728)
w(16,22388,11,36,729)
w(18,22389,11,36,730)
w(60,22390,11,36,731)
w(59,22391,11,36,732)
w(37,22392,11,36,733)
w(93,22393,11,36,734)
w(32,22394,11,36,735)
w(45,22395,11,36,736)
w(97,22396,11,36,737)
w(51,22397,11,36,738)
w(12,22398,11,36,739)
r(88,10475,11,37,740)
r(79,4538,11,37,741)
r(48,4542,11,37,742)
r(52,54430,11,37,743)
r(86,8583,11,37,744)
r(76,4539,11,37,745)
r(90,22380,11,37,746)
r(25,10490,11,37,747)
r(29,4509,11,37,748)
r(91,48408,11,37,749)
r(15,48407,11,37,750)
r(53,6568,11,37,751)
w(91,22399,11,37,752)
w(72,22400,11,37,753)
w(82,22401,11,37,754)
w(98,22402,11,37,755)
w(6,22403,11,37,756)
w(73,22404,11,37,757)
w(76,22405,11,37,758)
w(31,22406,11,37,759)
r(16,8591,11,38,760)
r(51,22397,11,38,761)
r(38,26485,11,38,762)
r(12,22398,11,38,763)
r(73,22404,11,38,764)
r(50,26491,11,38,765)
r(88,6628,11,38,766)
r(3,20443,11,38,767)
r(91,22399,11,38,768)
r(99,10505,11,38,769)
r(63,48415,11,38,770)
r(14,54428,11,38,771)
r(2,4517,11,38,772)
r(25,54452,11,38,773)
r(91,22399,11,38,774)
r(75,22376,11,38,775)
r(50,26491,11,38,776)
r(55,2515,11,38,777)
r(66,8581,11,38,778)
r(71,54433,11,38,779)
r(28,22366,11,39,780)
r(92,54436,11,39,781)
r(59,22391,11,39,782)
r(79,4538,11,39,783)
r(34,48411,11,39,784)
r(57,6634,11,39,785)
r(93,22393,11,39,786)
r(2,4517,11,39,787)
r(17,48392,11,39,788)
r(72,22400,11,39,789)
r(43,26493,11,39,790)
w(53,22407,11,39,791)
w(21,22408,11,39,792)
w(28,22409,11,39,793)
w(57,22410,11,39,794)
w(31,22411,11,39,795)
w(42,22412,11,39,796)
w(46,22413,11,39,797)
w(35,22414,11,39,798)
w(26,22415,11,39,799)
r(48,6649,11,40,800)
r(48,6649,11,40,801)
r(0,54463,11,40,802)
r(38,8602,11,40,803)
r(5,54465,11,40,804)
r(45,4557,11,40,805)
r(98,22402,11,40,806)
r(86,24474,11,40,807)
r(45,4557,11,40,808)
r(91,54461,11,40,809)
r(10,6652,11,40,810)
r(89,6650,11,40,811)
r(43,26493,11,40,812)
r(59,24471,11,40,813)
r(85,24495,11,40,814)
r(37,48423,11,40,815)
r(42,22412,11,40,816)
r(10,6652,11,40,817)
r(16,24487,11,40,818)
r(28,26496,11,40,819)
r(96,48437,11,41,820)
r(67,48430,11,41,821)
r(77,48436,11,41,822)
r(6,4567,11,41,823)
r(13,54467,11,41,824)
r(45,4557,11,41,825)
r(16,24487,11,41,826)
r(73,22404,11,41,827)
r(38,8602,11,41,828)
r(92,54436,11,41,829)
r(61,48433,11,41,830)
r(84,6641,11,41,831)
w(15,22416,11,41,832)
w(63,22417,11,41,833)
w(79,22418,11,41,834)
w(95,22419,11,41,835)
w(20,22420,11,41,836)
w(74,22421,11,41,837)
w(35,22422,11,41,838)
w(88,22423,11,41,839)
w(97,22424,11,42,840)
w(31,22425,11,42,841)
w(14,22426,11,42,842)
w(86,22427,11,42,843)
w(58,22428,11,42,844)
w(58,22429,11,42,845)
w(57,22430,11,42,846)
w(33,22431,11,42,847)
w(70,22432,11,42,848)
w(46,22433,11,42,849)
w(41,22434,11,42,850)
w(34,22435,11,42,851)
w(14,22436,11,42,852)
w(48,22437,11,42,853)
w(86,22438,11,42,854)
w(27,22439,11,42,855)
w(10,22440,11,42,856)
w(95,22441,11,42,857)
w(28,22442,11,42,858)
w(85,22443,11,42,859)
r(48,22437,11,43,860)
r(84,8616,11,43,861)
r(32,6666,11,43,862)
r(11,48384,11,43,863)
r(60,6654,11,43,864)
r(25,10539,11,43,865)
r(70,22432,11,43,866)
r(24,10529,11,43,867)
r(28,22442,11,43,868)
r(19,26509,11,43,869)
w(55,22444,11,43,870)
w(54,22445,11,43,871)
w(74,22446,11,43,872)
w(99,22447,11,43,873)
w(73,22448,11,43,874)
w(49,22449,11,43,875)
w(66,22450,11,43,876)
w(47,22451,11,43,877)
w(17,22452,11,43,878)
w(73,22453,11,43,879)
r(21,4612,11,44,880)
r(46,22433,11,44,881)
r(84,8616,11,44,882)
r(9,4614,11,44,883)
r(2,24516,11,44,884)
r(28,34544,11,44,885)
r(19,10543,11,44,886)
r(60,6654,11,44,887)
r(83,10544,11,44,888)
r(43,8631,11,44,889)
w(39,22454,11,44,890)
w(15,22455,11,44,891)
w(66,22456,11,44,892)
w(46,22457,11,44,893)
w(43,22458,11,44,894)
w(21,22459,11,44,895)
w(70,22460,11,44,896)
w(42,22461,11,44,897)
w(31,22462,11,44,898)
w(10,22463,11,44,899)
r(35,22422,11,45,900)
r(73,22453,11,45,901)
r(30,24525,11,45,902)
r(49,20487,11,45,903)
r(60,6654,11,45,904)
r(26,6675,11,45,905)
r(75,4576,11,45,906)
r(2,2559,11,45,907)
r(72,26514,11,45,908)
w(5,22464,11,45,909)
w(56,22465,11,45,910)
w(21,22466,11,45,911)
w(14,22467,11,45,912)
w(37,22468,11,45,913)
w(39,22469,11,45,914)
w(85,22470,11,45,915)
w(90,22471,11,45,916)
w(16,22472,11,45,917)
w(51,22473,11,45,918)
w(19,22474,11,45,919)
r(26,10574,11,46,920)
r(33,22431,11,46,921)
r(16,22472,11,46,922)
r(60,10572,11,46,923)
r(63,24558,11,46,924)
r(76,54486,11,46,925)
r(84,34573,11,46,926)
r(25,48479,11,46,927)
r(43,24538,11,46,928)
r(79,12390,11,46,929)
r(29,24533,11,46,930)
r(31,22462,11,46,931)
r(70,22460,11,46,932)
r(93,34558,11,46,933)
r(19,22474,11,46,934)
r(62,24546,11,46,935)
r(74,8646,11,46,936)
r(62,24546,11,46,937)
r(36,48450,11,46,938)
r(45,48477,11,46,939)
r(64,2569,11,47,940)
r(62,24546,11,47,941)
r(60,10572,11,47,942)
r(72,48466,11,47,943)
r(72,48466,11,47,944)
r(82,24541,11,47,945)
r(29,24533,11,47,946)
r(49,24559,11,47,947)
r(98,10577,11,47,948)
r(2,34556,11,47,949)
w(23,22475,11,47,950)
w(37,22476,11,47,951)
w(71,22477,11,47,952)
w(88,22478,11,47,953)
w(50,22479,11,47,954)
w(39,22480,11,47,955)
w(52,22481,11,47,956)
w(6,22482,11,47,957)
w(89,22483,11,47,958)
w(96,22484,11,47,959)
r(77,26541,11,48,960)
r(36,20545,11,48,961)
r(88,24560,11,48,962)
r(83,4639,11,48,963)
r(79,12390,11,48,964)
r(74,20544,11,48,965)
r(90,26538,11,48,966)
r(27,8663,11,48,967)
r(98,10577,11,48,968)
r(57,34572,11,48,969)
r(1,48496,11,48,970)
w(86,22485,11,48,971)
w(48,22486,11,48,972)
w(20,22487,11,48,973)
w(48,22488,11,48,974)
w(12,22489,11,48,975)
w(79,22490,11,48,976)
w(75,22491,11,48,977)
w(33,22492,11,48,978)
w(47,22493,11,48,979)
r(92,26552,11,49,980)
r(6,34593,11,49,981)
r(9,20540,11,49,982)
r(64,10606,11,49,983)
r(16,2589,11,49,984)
r(15,24551,11,49,985)
r(54,20550,11,49,986)
r(72,48466,11,49,987)
r(68,10598,11,49,988)
r(45,34590,11,49,989)
r(79,22490,11,49,990)
w(14,22494,11,49,991)
w(92,22495,11,49,992)
w(32,22496,11,49,993)
w(87,22497,11,49,994)
w(31,22498,11,49,995)
w(7,22499,11,49,996)
w(5,22500,11,49,997)
w(32,22501,11,49,998)
w(31,22502,11,49,999)
r(3,48501,11,50,1000)
r(40,10582,11,50,1001)
r(61,10614,11,50,1002)
r(43,24577,11,50,1003)
r(2,26553,11,50,1004)
r(91,20563,11,50,1005)
r(2,26553,11,50,1006)
r(79,22490,11,50,1007)
w(58,22503,11,50,1008)
w(94,22504,11,50,1009)
w(76,22505,11,50,1010)
w(20,22506,11,50,1011)
w(36,22507,11,50,1012)
w(42,22508,11,50,1013)
w(69,22509,11,50,1014)
w(94,22510,11,50,1015)
w(9,22511,11,50,1016)
w(80,22512,11,50,1017)
w(94,22513,11,50,1018)
w(81,22514,11,50,1019)
r(78,4673,11,51,1020)
r(18,20587,11,51,1021)
r(73,2594,11,51,1022)
r(64,34615,11,51,1023)
r(26,8693,11,51,1024)
r(19,4685,11,51,1025)
r(16,4680,11,51,1026)
w(69,22515,11,51,1027)
w(44,22516,11,51,1028)
w(58,22517,11,51,1029)
w(35,22518,11,51,1030)
w(8,22519,11,51,1031)
w(15,22520,11,51,1032)
w(79,22521,11,51,1033)
w(58,22522,11,51,1034)
w(63,22523,11,51,1035)
w(87,22524,11,51,1036)
w(26,22525,11,51,1037)
w(18,22526,11,51,1038)
w(4,22527,11,51,1039)
r(72,6744,11,52,1040)
r(18,22526,11,52,1041)
r(40,26592,11,52,1042)
r(10,4689,11,52,1043)
r(66,34602,11,52,1044)
r(73,4698,11,52,1045)
r(25,48523,11,52,1046)
r(61,8697,11,52,1047)
r(76,26581,11,52,1048)
r(61,8697,11,52,1049)
r(2,4696,11,52,1050)
r(43,8712,11,52,1051)
r(61,8697,11,52,1052)
r(31,26595,11,52,1053)
r(93,4684,11,52,1054)
r(17,10635,11,52,1055)
r(83,4699,11,52,1056)
r(84,8714,11,52,1057)
r(53,24604,11,52,1058)
r(0,4702,11,52,1059)
w(55,22528,11,53,1060)
w(42,22529,11,53,1061)
w(37,22530,11,53,1062)
w(38,22531,11,53,1063)
w(87,22532,11,53,1064)
w(52,22533,11,53,1065)
w(40,22534,11,53,1066)
w(32,22535,11,53,1067)
w(46,22536,11,53,1068)
w(35,22537,11,53,1069)
w(2,22538,11,53,1070)
w(90,22539,11,53,1071)
w(0,22540,11,53,1072)
w(11,22541,11,53,1073)
w(65,22542,11,53,1074)
w(88,22543,11,53,1075)
w(64,22544,11,53,1076)
w(66,22545,11,53,1077)
w(92,22546,11,53,1078)
w(60,22547,11,53,1079)
r(80,20612,11,54,1080)
r(97,4697,11,54,1081)
r(39,26586,11,54,1082)
r(54,48529,11,54,1083)
r(56,2649,11,54,1084)
r(84,20620,11,54,1085)
r(77,2605,11,54,1086)
r(78,10632,11,54,1087)
r(67,10649,11,54,1088)
r(83,26606,11,54,1089)
w(82,22548,11,54,1090)
w(70,22549,11,54,1091)
w(33,22550,11,54,1092)
w(94,22551,11,54,1093)
w(58,22552,11,54,1094)
w(25,22553,11,54,1095)
w(64,22554,11,54,1096)
w(96,22555,11,54,1097)
w(40,22556,11,54,1098)
w(31,22557,11,54,1099)
r(32,8743,11,55,1100)
r(75,26625,11,55,1101)
r(17,48549,11,55,1102)
r(91,8710,11,55,1103)
r(62,2631,11,55,1104)
r(68,8739,11,55,1105)
r(19,6737,11,55,1106)
r(73,4698,11,55,1107)
r(64,22554,11,55,1108)
w(86,22558,11,55,1109)
w(95,22559,11,55,1110)
w(70,22560,11,55,1111)
w(88,22561,11,55,1112)
w(92,22562,11,55,1113)
w(45,22563,11,55,1114)
w(69,22564,11,55,1115)
w(86,22565,11,55,1116)
w(50,22566,11,55,1117)
w(84,22567,11,55,1118)
w(97,22568,11,55,1119)
r(94,22551,11,56,1120)
r(71,54556,11,56,1121)
r(65,22542,11,56,1122)
r(72,2644,11,56,1123)
r(19,6737,11,56,1124)
r(52,22533,11,56,1125)
r(55,10655,11,56,1126)
r(9,6765,11,56,1127)
r(30,48548,11,56,1128)
r(22,54563,11,56,1129)
r(42,2663,11,56,1130)
r(23,48527,11,56,1131)
w(64,22569,11,56,1132)
w(12,22570,11,56,1133)
w(94,22571,11,56,1134)
w(91,22572,11,56,1135)
w(77,22573,11,56,1136)
w(31,22574,11,56,1137)
w(95,22575,11,56,1138)
w(31,22576,11,56,1139)
r(4,26645,11,57,1140)
r(18,2658,11,57,1141)
r(20,10671,11,57,1142)
r(27,10675,11,57,1143)
r(99,10664,11,57,1144)
r(47,4745,11,57,1145)
r(63,54567,11,57,1146)
r(76,4731,11,57,1147)
r(37,4720,11,57,1148)
r(0,10656,11,57,1149)
r(39,6783,11,57,1150)
w(92,22577,11,57,1151)
w(21,22578,11,57,1152)
w(53,22579,11,57,1153)
w(35,22580,11,57,1154)
w(39,22581,11,57,1155)
w(52,22582,11,57,1156)
w(31,22583,11,57,1157)
w(38,22584,11,57,1158)
w(68,22585,11,57,1159)
r(93,6781,11,58,1160)
r(39,22581,11,58,1161)
r(66,54599,11,58,1162)
r(97,22568,11,58,1163)
r(72,2644,11,58,1164)
r(58,10698,11,58,1165)
r(28,48574,11,58,1166)
r(17,10694,11,58,1167)
r(18,2658,11,58,1168)
w(47,22586,11,58,1169)
w(77,22587,11,58,1170)
w(84,22588,11,58,1171)
w(81,22589,11,58,1172)
w(90,22590,11,58,1173)
w(1,22591,11,58,1174)
w(53,22592,11,58,1175)
w(78,22593,11,58,1176)
w(45,22594,11,58,1177)
w(48,22595,11,58,1178)
w(86,22596,11,58,1179)
w(54,22597,11,59,1180)
w(89,22598,11,59,1181)
w(53,22599,11,59,1182)
w(80,22600,11,59,1183)
w(55,22601,11,59,1184)
w(54,22602,11,59,1185)
w(62,22603,11,59,1186)
w(57,22604,11,59,1187)
w(31,22605,11,59,1188)
w(12,22606,11,59,1189)
w(73,22607,11,59,1190)
w(49,22608,11,59,1191)
w(81,22609,11,59,1192)
w(58,22610,11,59,1193)
w(89,22611,11,59,1194)
w(99,22612,11,59,1195)
w(36,22613,11,59,1196)
w(97,22614,11,59,1197)
w(97,22615,11,59,1198)
w(76,22616,11,59,1199)
w(68,22617,11,60,1200)
w(3,22618,11,60,1201)
w(30,22619,11,60,1202)
w(40,22620,11,60,1203)
w(84,22621,11,60,1204)
w(26,22622,11,60,1205)
w(15,22623,11,60,1206)
w(4,22624,11,60,1207)
w(41,22625,11,60,1208)
w(40,22626,11,60,1209)
w(27,22627,11,60,1210)
w(84,22628,11,60,1211)
w(32,22629,11,60,1212)
w(87,22630,11,60,1213)
w(14,22631,11,60,1214)
w(2,22632,11,60,1215)
w(30,22633,11,60,1216)
w(89,22634,11,60,1217)
w(29,22635,11,60,1218)
w(2,22636,11,60,1219)
r(55,26712,11,61,1220)
r(65,34677,11,61,1221)
r(99,22612,11,61,1222)
r(1,22591,11,61,1223)
r(34,48608,11,61,1224)
r(28,26724,11,61,1225)
r(7,4769,11,61,1226)
w(85,22637,11,61,1227)
w(15,22638,11,61,1228)
w(37,22639,11,61,1229)
w(76,22640,11,61,1230)
w(13,22641,11,61,1231)
w(99,22642,11,61,1232)
w(65,22643,11,61,1233)
w(5,22644,11,61,1234)
w(2,22645,11,61,1235)
w(61,22646,11,61,1236)
w(45,22647,11,61,1237)
w(84,22648,11,61,1238)
w(46,22649,11,61,1239)
r(95,2739,11,62,1240)
r(76,6853,11,62,1241)
r(37,2758,11,62,1242)
r(31,8840,11,62,1243)
r(42,6865,11,62,1244)
r(91,6850,11,62,1245)
r(96,2741,11,62,1246)
r(1,2730,11,62,1247)
r(99,22642,11,62,1248)
r(91,6850,11,62,1249)
r(20,6861,11,62,1250)
r(59,8828,11,62,1251)
r(44,4795,11,62,1252)
r(28,26724,11,62,1253)
r(88,2747,11,62,1254)
r(56,20708,11,62,1255)
r(26,8816,11,62,1256)
r(42,6865,11,62,1257)
r(26,8816,11,62,1258)
r(60,8823,11,62,1259)
r(47,4805,11,63,1260)
r(82,8842,11,63,1261)
r(71,20718,11,63,1262)
r(30,22633,11,63,1263)
r(67,48615,11,63,1264)
w(95,22650,11,63,1265)
w(81,22651,11,63,1266)
w(23,22652,11,63,1267)
w(7,22653,11,63,1268)
w(7,22654,11,63,1269)
w(10,22655,11,63,1270)
w(54,22656,11,63,1271)
w(67,22657,11,63,1272)
w(2,22658,11,63,1273)
w(37,22659,11,63,1274)
w(82,22660,11,63,1275)
w(4,22661,11,63,1276)
w(61,22662,11,63,1277)
w(1,22663,11,63,1278)
w(90,22664,11,63,1279)
r(52,26732,11,64,1280)
r(36,20727,11,64,1281)
r(58,20729,11,64,1282)
r(5,22644,11,64,1283)
r(96,54687,11,64,1284)
w(65,22665,11,64,1285)
w(19,22666,11,64,1286)
w(65,22667,11,64,1287)
w(31,22668,11,64,1288)
w(5,22669,11,64,1289)
w(70,22670,11,64,1290)
w(60,22671,11,64,1291)
w(78,22672,11,64,1292)
w(47,22673,11,64,1293)
w(26,22674,11,64,1294)
w(95,22675,11,64,1295)
w(36,22676,11,64,1296)
w(76,22677,11,64,1297)
w(83,22678,11,64,1298)
w(2,22679,11,64,1299)
r(50,8862,11,65,1300)
r(73,48630,11,65,1301)
r(29,20730,11,65,1302)
r(17,10694,11,65,1303)
r(79,20743,11,65,1304)
r(44,20731,11,65,1305)
r(3,8870,11,65,1306)
r(0,6874,11,65,1307)
w(5,22680,11,65,1308)
w(50,22681,11,65,1309)
w(17,22682,11,65,1310)
w(13,22683,11,65,1311)
w(83,22684,11,65,1312)
w(51,22685,11,65,1313)
w(92,22686,11,65,1314)
w(96,22687,11,65,1315)
w(58,22688,11,65,1316)
w(19,22689,11,65,1317)
w(77,22690,11,65,1318)
w(94,22691,11,65,1319)
r(60,22671,11,66,1320)
r(45,8896,11,66,1321)
r(52,26732,11,66,1322)
r(43,8894,11,66,1323)
r(34,6886,11,66,1324)
r(54,8866,11,66,1325)
r(89,10771,11,66,1326)
r(88,34755,11,66,1327)
r(62,54694,11,66,1328)
r(19,22689,11,66,1329)
r(74,8897,11,66,1330)
r(91,26747,11,66,1331)
r(95,4855,11,66,1332)
r(18,10769,11,66,1333)
r(94,22691,11,66,1334)
r(5,22669,11,66,1335)
r(24,24736,11,66,1336)
r(62,54694,11,66,1337)
r(86,26750,11,66,1338)
r(91,26747,11,66,1339)
r(65,2789,11,67,1340)
r(78,26754,11,67,1341)
r(28,10765,11,67,1342)
r(89,10771,11,67,1343)
r(5,22669,11,67,1344)
r(61,4854,11,67,1345)
r(39,6882,11,67,1346)
r(95,4855,11,67,1347)
r(57,34737,11,67,1348)
r(30,6898,11,67,1349)
r(35,34750,11,67,1350)
r(39,6882,11,67,1351)
r(48,20763,11,67,1352)
r(10,6895,11,67,1353)
r(47,26751,11,67,1354)
r(93,6896,11,67,1355)
r(59,34748,11,67,1356)
r(61,4854,11,67,1357)
r(22,26755,11,67,1358)
r(28,10765,11,67,1359)
r(69,24716,11,68,1360)
r(43,8894,11,68,1361)
r(46,34756,11,68,1362)
r(79,24743,11,68,1363)
r(91,26747,11,68,1364)
r(38,34746,11,68,1365)
r(73,8905,11,68,1366)
r(30,6898,11,68,1367)
w(51,22692,11,68,1368)
w(31,22693,11,68,1369)
w(44,22694,11,68,1370)
w(4,22695,11,68,1371)
w(79,22696,11,68,1372)
w(17,22697,11,68,1373)
w(94,22698,11,68,1374)
w(70,22699,11,68,1375)
w(85,22700,11,68,1376)
w(14,22701,11,68,1377)
w(30,22702,11,68,1378)
w(41,22703,11,68,1379)
r(19,22689,11,69,1380)
r(39,6882,11,69,1381)
r(88,10790,11,69,1382)
r(70,22699,11,69,1383)
r(35,34750,11,69,1384)
r(7,48658,11,69,1385)
r(94,22698,11,69,1386)
r(6,24740,11,69,1387)
w(63,22704,11,69,1388)
w(72,22705,11,69,1389)
w(15,22706,11,69,1390)
w(19,22707,11,69,1391)
w(60,22708,11,69,1392)
w(56,22709,11,69,1393)
w(94,22710,11,69,1394)
w(12,22711,11,69,1395)
w(42,22712,11,69,1396)
w(62,22713,11,69,1397)
w(69,22714,11,69,1398)
w(84,22715,11,69,1399)
r(58,6923,11,70,1400)
r(8,8917,11,70,1401)
r(35,4880,11,70,1402)
r(5,10801,11,70,1403)
r(15,22706,11,70,1404)
r(57,20791,11,70,1405)
r(67,8898,11,70,1406)
r(6,24753,11,70,1407)
r(4,22695,11,70,1408)
r(26,26752,11,70,1409)
r(81,6930,11,70,1410)
w(84,22716,11,70,1411)
w(87,22717,11,70,1412)
w(17,22718,11,70,1413)
w(78,22719,11,70,1414)
w(42,22720,11,70,1415)
w(29,22721,11,70,1416)
w(52,22722,11,70,1417)
w(16,22723,11,70,1418)
w(40,22724,11,70,1419)
r(52,54758,11,71,1420)
r(70,54771,11,71,1421)
r(1,26784,11,71,1422)
r(59,54733,11,71,1423)
r(6,8941,11,71,1424)
r(17,54763,11,71,1425)
r(26,10847,11,71,1426)
r(62,54768,11,71,1427)
r(18,26779,11,71,1428)
r(44,54754,11,71,1429)
r(30,20814,11,71,1430)
r(42,22712,11,71,1431)
r(19,48680,11,71,1432)
w(97,22725,11,71,1433)
w(61,22726,11,71,1434)
w(28,22727,11,71,1435)
w(4,22728,11,71,1436)
w(54,22729,11,71,1437)
w(69,22730,11,71,1438)
w(45,22731,11,71,1439)
r(24,10854,11,72,1440)
r(50,54756,11,72,1441)
r(40,22724,11,72,1442)
r(10,54748,11,72,1443)
r(27,4898,11,72,1444)
r(77,54764,11,72,1445)
r(37,48687,11,72,1446)
r(7,54739,11,72,1447)
w(19,22732,11,72,1448)
w(17,22733,11,72,1449)
w(23,22734,11,72,1450)
w(52,22735,11,72,1451)
w(44,22736,11,72,1452)
w(95,22737,11,72,1453)
w(77,22738,11,72,1454)
w(24,22739,11,72,1455)
w(8,22740,11,72,1456)
w(89,22741,11,72,1457)
w(22,22742,11,72,1458)
w(44,22743,11,72,1459)
r(74,24808,11,73,1460)
r(97,22725,11,73,1461)
r(4,8951,11,73,1462)
r(21,10858,11,73,1463)
r(59,54733,11,73,1464)
r(87,48709,11,73,1465)
r(40,22724,11,73,1466)
r(61,22726,11,73,1467)
r(93,48702,11,73,1468)
r(34,20834,11,73,1469)
r(49,8940,11,73,1470)
r(26,48713,11,73,1471)
w(24,22744,11,73,1472)
w(1,22745,11,73,1473)
w(52,22746,11,73,1474)
w(64,22747,11,73,1475)
w(65,22748,11,73,1476)
w(13,22749,11,73,1477)
w(1,22750,11,73,1478)
w(6,22751,11,73,1479)
w(49,22752,11,74,1480)
w(8,22753,11,74,1481)
w(12,22754,11,74,1482)
w(53,22755,11,74,1483)
w(75,22756,11,74,1484)
w(22,22757,11,74,1485)
w(55,22758,11,74,1486)
w(38,22759,11,74,1487)
w(59,22760,11,74,1488)
w(67,22761,11,74,1489)
w(46,22762,11,74,1490)
w(50,22763,11,74,1491)
w(90,22764,11,74,1492)
w(50,22765,11,74,1493)
w(39,22766,11,74,1494)
w(30,22767,11,74,1495)
w(93,22768,11,74,1496)
w(51,22769,11,74,1497)
w(41,22770,11,74,1498)
w(58,22771,11,74,1499)
w(54,22772,11,75,1500)
w(54,22773,11,75,1501)
w(21,22774,11,75,1502)
w(91,22775,11,75,1503)
w(42,22776,11,75,1504)
w(5,22777,11,75,1505)
w(27,22778,11,75,1506)
w(13,22779,11,75,1507)
w(20,22780,11,75,1508)
w(96,22781,11,75,1509)
w(12,22782,11,75,1510)
w(51,22783,11,75,1511)
w(84,22784,11,75,1512)
w(53,22785,11,75,1513)
w(12,22786,11,75,1514)
w(27,22787,11,75,1515)
w(34,22788,11,75,1516)
w(53,22789,11,75,1517)
w(78,22790,11,75,1518)
w(22,22791,11,75,1519)
r(31,2844,11,76,1520)
r(10,10861,11,76,1521)
r(75,22756,11,76,1522)
r(98,34847,11,76,1523)
r(76,20875,11,76,1524)
r(90,22764,11,76,1525)
r(48,8991,11,76,1526)
r(97,20861,11,76,1527)
r(2,10878,11,76,1528)
r(38,22759,11,76,1529)
r(43,48738,11,76,1530)
r(0,26829,11,76,1531)
r(6,22751,11,76,1532)
r(37,2845,11,76,1533)
r(82,26825,11,76,1534)
r(31,2844,11,76,1535)
r(93,48743,11,76,1536)
r(91,7004,11,76,1537)
r(85,8947,11,76,1538)
r(36,20869,11,76,1539)
w(51,22792,11,77,1540)
w(60,22793,11,77,1541)
w(84,22794,11,77,1542)
w(4,22795,11,77,1543)
w(68,22796,11,77,1544)
w(19,22797,11,77,1545)
w(5,22798,11,77,1546)
w(53,22799,11,77,1547)
w(15,22800,11,77,1548)
w(20,22801,11,77,1549)
w(62,22802,11,77,1550)
w(35,22803,11,77,1551)
w(95,22804,11,77,1552)
w(24,22805,11,77,1553)
w(34,22806,11,77,1554)
w(0,22807,11,77,1555)
w(89,22808,11,77,1556)
w(92,22809,11,77,1557)
w(87,22810,11,77,1558)
w(46,22811,11,77,1559)
r(82,9017,11,78,1560)
r(68,2868,11,78,1561)
r(47,34883,11,78,1562)
r(21,20874,11,78,1563)
r(21,20874,11,78,1564)
r(14,54839,11,78,1565)
r(33,54835,11,78,1566)
r(6,9018,11,78,1567)
r(39,9011,11,78,1568)
r(10,2860,11,78,1569)
r(10,2860,11,78,1570)
r(46,22811,11,78,1571)
r(83,48764,11,78,1572)
r(11,4963,11,78,1573)
w(55,22812,11,78,1574)
w(92,22813,11,78,1575)
w(49,22814,11,78,1576)
w(61,22815,11,78,1577)
w(40,22816,11,78,1578)
w(86,22817,11,78,1579)
w(37,22818,11,79,1580)
w(50,22819,11,79,1581)
w(42,22820,11,79,1582)
w(86,22821,11,79,1583)
w(70,22822,11,79,1584)
w(62,22823,11,79,1585)
w(27,22824,11,79,1586)
w(97,22825,11,79,1587)
w(37,22826,11,79,1588)
w(51,22827,11,79,1589)
w(91,22828,11,79,1590)
w(32,22829,11,79,1591)
w(0,22830,11,79,1592)
w(96,22831,11,79,1593)
w(57,22832,11,79,1594)
w(9,22833,11,79,1595)
w(93,22834,11,79,1596)
w(86,22835,11,79,1597)
w(18,22836,11,79,1598)
w(69,22837,11,79,1599)
r(77,2877,11,80,1600)
r(77,2877,11,80,1601)
r(45,2870,11,80,1602)
r(35,4977,11,80,1603)
r(70,34906,11,80,1604)
r(30,36019,11,80,1605)
r(82,34904,11,80,1606)
r(7,48749,11,80,1607)
r(3,54819,11,80,1608)
r(65,26820,11,80,1609)
r(8,2863,11,80,1610)
r(0,22830,11,80,1611)
r(9,22833,11,80,1612)
r(0,22830,11,80,1613)
r(99,36004,11,80,1614)
r(15,20921,11,80,1615)
r(51,48799,11,80,1616)
r(33,24887,11,80,1617)
r(97,54855,11,80,1618)
r(35,4977,11,80,1619)
r(72,36009,11,81,1620)
r(59,24889,11,81,1621)
r(57,22832,11,81,1622)
r(12,4970,11,81,1623)
r(20,2878,11,81,1624)
r(67,36002,11,81,1625)
r(64,20923,11,81,1626)
r(25,24891,11,81,1627)
r(6,24885,11,81,1628)
r(50,54838,11,81,1629)
r(55,34905,11,81,1630)
w(25,22838,11,81,1631)
w(80,22839,11,81,1632)
w(7,22840,11,81,1633)
w(25,22841,11,81,1634)
w(91,22842,11,81,1635)
w(92,22843,11,81,1636)
w(10,22844,11,81,1637)
w(64,22845,11,81,1638)
w(5,22846,11,81,1639)
w(97,22847,11,82,1640)
w(15,22848,11,82,1641)
w(12,22849,11,82,1642)
w(15,22850,11,82,1643)
w(62,22851,11,82,1644)
w(53,22852,11,82,1645)
w(55,22853,11,82,1646)
w(42,22854,11,82,1647)
w(58,22855,11,82,1648)
w(80,22856,11,82,1649)
w(14,22857,11,82,1650)
w(53,22858,11,82,1651)
w(35,22859,11,82,1652)
w(70,22860,11,82,1653)
w(77,22861,11,82,1654)
w(98,22862,11,82,1655)
w(76,22863,11,82,1656)
w(98,22864,11,82,1657)
w(84,22865,11,82,1658)
w(34,22866,11,82,1659)
r(19,54889,11,83,1660)
r(28,48860,11,83,1661)
r(11,26886,11,83,1662)
r(85,2908,11,83,1663)
r(66,54869,11,83,1664)
r(49,4004,11,83,1665)
r(54,2910,11,83,1666)
w(38,22867,11,83,1667)
w(10,22868,11,83,1668)
w(8,22869,11,83,1669)
w(5,22870,11,83,1670)
w(58,22871,11,83,1671)
w(79,22872,11,83,1672)
w(34,22873,11,83,1673)
w(75,22874,11,83,1674)
w(52,22875,11,83,1675)
w(35,22876,11,83,1676)
w(20,22877,11,83,1677)
w(43,22878,11,83,1678)
w(64,22879,11,83,1679)
r(88,36072,11,84,1680)
r(37,20975,11,84,1681)
r(65,44007,11,84,1682)
r(6,20978,11,84,1683)
r(21,2907,11,84,1684)
w(48,22880,11,84,1685)
w(65,22881,11,84,1686)
w(99,22882,11,84,1687)
w(41,22883,11,84,1688)
w(73,22884,11,84,1689)
w(26,22885,11,84,1690)
w(70,22886,11,84,1691)
w(50,22887,11,84,1692)
w(69,22888,11,84,1693)
w(95,22889,11,84,1694)
w(87,22890,11,84,1695)
w(13,22891,11,84,1696)
w(56,22892,11,84,1697)
w(23,22893,11,84,1698)
w(81,22894,11,84,1699)
r(66,36103,11,85,1700)
r(34,22873,11,85,1701)
r(8,2931,11,85,1702)
r(36,34927,11,85,1703)
r(32,36098,11,85,1704)
r(69,22888,11,85,1705)
r(24,54896,11,85,1706)
r(26,24017,11,85,1707)
r(77,26923,11,85,1708)
r(61,24015,11,85,1709)
r(78,4041,11,85,1710)
r(16,36075,11,85,1711)
w(63,22895,11,85,1712)
w(60,22896,11,85,1713)
w(74,22897,11,85,1714)
w(15,22898,11,85,1715)
w(89,22899,11,85,1716)
w(60,22900,11,85,1717)
w(63,22901,11,85,1718)
w(57,22902,11,85,1719)
r(37,34993,11,86,1720)
r(33,2932,11,86,1721)
r(48,10948,11,86,1722)
r(37,34993,11,86,1723)
r(74,22897,11,86,1724)
r(47,54909,11,86,1725)
r(31,48906,11,86,1726)
r(91,44028,11,86,1727)
r(60,22900,11,86,1728)
r(12,34991,11,86,1729)
w(93,22903,11,86,1730)
w(60,22904,11,86,1731)
w(74,22905,11,86,1732)
w(77,22906,11,86,1733)
w(12,22907,11,86,1734)
w(60,22908,11,86,1735)
w(40,22909,11,86,1736)
w(67,22910,11,86,1737)
w(80,22911,11,86,1738)
w(26,22912,11,86,1739)
r(77,26923,11,87,1740)
r(95,34996,11,87,1741)
r(77,26923,11,87,1742)
r(16,36075,11,87,1743)
r(4,34984,11,87,1744)
r(37,34993,11,87,1745)
r(66,36103,11,87,1746)
r(10,44023,11,87,1747)
w(52,22913,11,87,1748)
w(67,22914,11,87,1749)
w(96,22915,11,87,1750)
w(37,22916,11,87,1751)
w(40,22917,11,87,1752)
w(8,22918,11,87,1753)
w(54,22919,11,87,1754)
w(76,22920,11,87,1755)
w(3,22921,11,87,1756)
w(25,22922,11,87,1757)
w(78,22923,11,87,1758)
w(78,22924,11,87,1759)
w(3,22925,11,88,1760)
w(38,22926,11,88,1761)
w(45,22927,11,88,1762)
w(86,22928,11,88,1763)
w(51,22929,11,88,1764)
w(83,22930,11,88,1765)
w(35,22931,11,88,1766)
w(34,22932,11,88,1767)
w(65,22933,11,88,1768)
w(90,22934,11,88,1769)
w(80,22935,11,88,1770)
w(30,22936,11,88,1771)
w(47,22937,11,88,1772)
w(53,22938,11,88,1773)
w(83,22939,11,88,1774)
w(95,22940,11,88,1775)
w(95,22941,11,88,1776)
w(66,22942,11,88,1777)
w(86,22943,11,88,1778)
w(57,22944,11,88,1779)
r(15,22898,11,89,1780)
r(6,48934,11,89,1781)
r(95,22941,11,89,1782)
r(3,22925,11,89,1783)
r(83,22939,11,89,1784)
r(65,22933,11,89,1785)
r(41,54933,11,89,1786)
r(70,4056,11,89,1787)
r(94,4076,11,89,1788)
w(28,22945,11,89,1789)
w(84,22946,11,89,1790)
w(1,22947,11,89,1791)
w(96,22948,11,89,1792)
w(48,22949,11,89,1793)
w(3,22950,11,89,1794)
w(45,22951,11,89,1795)
w(66,22952,11,89,1796)
w(85,22953,11,89,1797)
w(23,22954,11,89,1798)
w(85,22955,11,89,1799)
r(91,28022,11,90,1800)
r(65,26948,11,90,1801)
r(82,56,11,90,1802)
r(64,28002,11,90,1803)
r(7,28017,11,90,1804)
r(29,59,11,90,1805)
w(1,22956,11,90,1806)
w(14,22957,11,90,1807)
w(26,22958,11,90,1808)
w(79,22959,11,90,1809)
w(86,22960,11,90,1810)
w(3,22961,11,90,1811)
w(46,22962,11,90,1812)
w(10,22963,11,90,1813)
w(58,22964,11,90,1814)
w(88,22965,11,90,1815)
w(56,22966,11,90,1816)
w(4,22967,11,90,1817)
w(57,22968,11,90,1818)
w(53,22969,11,90,1819)
r(31,62,11,91,1820)
r(83,22939,11,91,1821)
r(68,38039,11,91,1822)
r(65,24073,11,91,1823)
r(37,54950,11,91,1824)
r(6,4089,11,91,1825)
r(34,4105,11,91,1826)
r(54,26943,11,91,1827)
r(22,28011,11,91,1828)
w(43,22970,11,91,1829)
w(94,22971,11,91,1830)
w(85,22972,11,91,1831)
w(58,22973,11,91,1832)
w(81,22974,11,91,1833)
w(14,22975,11,91,1834)
w(38,22976,11,91,1835)
w(33,22977,11,91,1836)
w(74,22978,11,91,1837)
w(95,22979,11,91,1838)
w(70,22980,11,91,1839)
r(68,38039,11,92,1840)
r(49,38067,11,92,1841)
r(72,24072,11,92,1842)
r(19,38057,11,92,1843)
r(74,22978,11,92,1844)
r(42,38040,11,92,1845)
r(10,22963,11,92,1846)
r(6,38054,11,92,1847)
r(9,35025,11,92,1848)
r(77,36143,11,92,1849)
r(37,35044,11,92,1850)
r(21,77,11,92,1851)
r(32,38065,11,92,1852)
r(77,36143,11,92,1853)
r(89,73,11,92,1854)
r(52,57,11,92,1855)
r(52,57,11,92,1856)
r(40,38068,11,92,1857)
r(32,38065,11,92,1858)
r(45,38045,11,92,1859)
r(4,76,11,93,1860)
r(77,36143,11,93,1861)
r(39,54957,11,93,1862)
r(61,36144,11,93,1863)
r(82,78,11,93,1864)
r(63,28030,11,93,1865)
r(91,35031,11,93,1866)
r(72,24072,11,93,1867)
r(18,4101,11,93,1868)
r(40,38068,11,93,1869)
r(64,28033,11,93,1870)
r(10,22963,11,93,1871)
r(57,38052,11,93,1872)
r(35,54949,11,93,1873)
r(32,38065,11,93,1874)
r(36,38036,11,93,1875)
r(56,22966,11,93,1876)
r(47,38026,11,93,1877)
r(55,4099,11,93,1878)
r(14,22975,11,93,1879)
r(23,28042,11,94,1880)
r(99,28040,11,94,1881)
r(11,35046,11,94,1882)
r(18,4101,11,94,1883)
r(83,22939,11,94,1884)
r(43,22970,11,94,1885)
w(59,22981,11,94,1886)
w(80,22982,11,94,1887)
w(64,22983,11,94,1888)
w(54,22984,11,94,1889)
w(41,22985,11,94,1890)
w(63,22986,11,94,1891)
w(83,22987,11,94,1892)
w(74,22988,11,94,1893)
w(94,22989,11,94,1894)
w(44,22990,11,94,1895)
w(4,22991,11,94,1896)
w(40,22992,11,94,1897)
w(90,22993,11,94,1898)
w(98,22994,11,94,1899)
r(38,22976,11,95,1900)
r(51,4129,11,95,1901)
r(80,4126,11,95,1902)
r(18,28059,11,95,1903)
r(92,4128,11,95,1904)
r(29,59,11,95,1905)
r(30,38079,11,95,1906)
r(12,24082,11,95,1907)
w(94,22995,11,95,1908)
w(75,22996,11,95,1909)
w(52,22997,11,95,1910)
w(77,22998,11,95,1911)
w(84,22999,11,95,1912)
w(38,23000,11,95,1913)
w(30,23001,11,95,1914)
w(25,23002,11,95,1915)
w(4,23003,11,95,1916)
w(84,23004,11,95,1917)
w(16,23005,11,95,1918)
w(84,23006,11,95,1919)
r(27,4133,11,96,1920)
r(32,38118,11,96,1921)
r(62,38085,11,96,1922)
r(82,28082,11,96,1923)
r(42,44103,11,96,1924)
r(10,22963,11,96,1925)
r(78,28054,11,96,1926)
r(96,28079,11,96,1927)
w(56,23007,11,96,1928)
w(54,23008,11,96,1929)
w(45,23009,11,96,1930)
w(76,23010,11,96,1931)
w(26,23011,11,96,1932)
w(50,23012,11,96,1933)
w(0,23013,11,96,1934)
w(8,23014,11,96,1935)
w(35,23015,11,96,1936)
w(23,23016,11,96,1937)
w(45,23017,11,96,1938)
w(10,23018,11,96,1939)
r(60,4159,11,97,1940)
r(24,49026,11,97,1941)
r(70,44116,11,97,1942)
r(87,28080,11,97,1943)
r(34,36169,11,97,1944)
r(17,24114,11,97,1945)
r(37,49009,11,97,1946)
w(9,23019,11,97,1947)
w(6,23020,11,97,1948)
w(82,23021,11,97,1949)
w(79,23022,11,97,1950)
w(65,23023,11,97,1951)
w(4,23024,11,97,1952)
w(35,23025,11,97,1953)
w(60,23026,11,97,1954)
w(10,23027,11,97,1955)
w(14,23028,11,97,1956)
w(59,23029,11,97,1957)
w(24,23030,11,97,1958)
w(58,23031,11,97,1959)
r(75,36186,11,98,1960)
r(25,44106,11,98,1961)
r(18,55004,11,98,1962)
r(71,24111,11,98,1963)
r(59,23029,11,98,1964)
r(42,24130,11,98,1965)
r(35,24106,11,98,1966)
r(72,44108,11,98,1967)
r(57,26013,11,98,1968)
r(96,28079,11,98,1969)
r(31,36189,11,98,1970)
r(65,55012,11,98,1971)
w(96,23032,11,98,1972)
w(43,23033,11,98,1973)
w(49,23034,11,98,1974)
w(93,23035,11,98,1975)
w(94,23036,11,98,1976)
w(76,23037,11,98,1977)
w(12,23038,11,98,1978)
w(87,23039,11,98,1979)
r(45,26016,11,99,1980)
r(87,23039,11,99,1981)
r(27,108,11,99,1982)
r(95,125,11,99,1983)
r(63,4175,11,99,1984)
r(99,129,11,99,1985)
r(41,36195,11,99,1986)
r(11,36208,11,99,1987)
r(38,4165,11,99,1988)
r(35,110,11,99,1989)
r(99,129,11,99,1990)
r(97,24134,11,99,1991)
w(33,23040,11,99,1992)
w(43,23041,11,99,1993)
w(8,23042,11,99,1994)
w(59,23043,11,99,1995)
w(12,23044,11,99,1996)
w(98,23045,11,99,1997)
w(61,23046,11,99,1998)
w(13,23047,11,99,1999)
r(36,4157,11,100,2000)
r(74,44122,11,100,2001)
r(53,49033,11,100,2002)
r(56,28067,11,100,2003)
r(35,24106,11,100,2004)
r(75,22996,11,100,2005)
r(86,35081,11,100,2006)
r(81,49028,11,100,2007)
r(27,108,11,100,2008)
r(26,22958,11,100,2009)
r(23,36174,11,100,2010)
r(6,4158,11,100,2011)
r(56,28067,11,100,2012)
r(87,28080,11,100,2013)
r(83,49010,11,100,2014)
r(95,38124,11,100,2015)
r(20,38121,11,100,2016)
r(30,23001,11,100,2017)
r(7,4166,11,100,2018)
r(79,28081,11,100,2019)
r(65,38116,11,101,2020)
r(1,49015,11,101,2021)
r(95,38124,11,101,2022)
r(8,36172,11,101,2023)
r(43,38106,11,101,2024)
r(69,44119,11,101,2025)
r(6,4158,11,101,2026)
r(0,36173,11,101,2027)
r(72,44108,11,101,2028)
r(32,38128,11,101,2029)
w(41,22001,11,101,2030)
w(85,22002,11,101,2031)
w(16,22003,11,101,2032)
w(61,22004,11,101,2033)
w(30,22005,11,101,2034)
w(51,22006,11,101,2035)
w(3,22007,11,101,2036)
w(47,22008,11,101,2037)
w(0,22009,11,101,2038)
w(90,22010,11,101,2039)
r(66,35064,11,102,2040)
r(32,38128,11,102,2041)
r(59,97,11,102,2042)
r(8,44135,11,102,2043)
r(28,49029,11,102,2044)
r(59,97,11,102,2045)
r(87,28080,11,102,2046)
r(13,44115,11,102,2047)
w(84,22011,11,102,2048)
w(36,22012,11,102,2049)
w(36,22013,11,102,2050)
w(74,22014,11,102,2051)
w(90,22015,11,102,2052)
w(82,22016,11,102,2053)
w(10,22017,11,102,2054)
w(87,22018,11,102,2055)
w(37,22019,11,102,2056)
w(91,22020,11,102,2057)
w(41,22021,11,102,2058)
w(94,22022,11,102,2059)
w(57,22023,11,103,2060)
w(17,22024,11,103,2061)
w(36,22025,11,103,2062)
w(24,22026,11,103,2063)
w(74,22027,11,103,2064)
w(31,22028,11,103,2065)
w(31,22029,11,103,2066)
w(64,22030,11,103,2067)
w(62,22031,11,103,2068)
w(86,22032,11,103,2069)
w(82,22033,11,103,2070)
w(60,22034,11,103,2071)
w(15,22035,11,103,2072)
w(32,22036,11,103,2073)
w(23,22037,11,103,2074)
w(50,22038,11,103,2075)
w(52,22039,11,103,2076)
w(13,22040,11,103,2077)
w(40,22041,11,103,2078)
w(1,22042,11,103,2079)
r(82,36204,11,104,2080)
r(23,144,11,104,2081)
r(96,24151,11,104,2082)
r(82,36204,11,104,2083)
r(52,54008,11,104,2084)
r(26,22958,11,104,2085)
r(7,38153,11,104,2086)
r(38,4165,11,104,2087)
r(74,44122,11,104,2088)
r(38,4165,11,104,2089)
w(57,22043,11,104,2090)
w(33,22044,11,104,2091)
w(20,22045,11,104,2092)
w(62,22046,11,104,2093)
w(26,22047,11,104,2094)
w(81,22048,11,104,2095)
w(96,22049,11,104,2096)
w(81,22050,11,104,2097)
w(8,22051,11,104,2098)
w(38,22052,11,104,2099)
r(18,55004,11,105,2100)
r(96,44162,11,105,2101)
r(81,16018,11,105,2102)
r(16,55020,11,105,2103)
r(17,28120,11,105,2104)
r(12,16038,11,105,2105)
r(89,54022,11,105,2106)
r(11,36208,11,105,2107)
r(27,36225,11,105,2108)
r(4,4183,11,105,2109)
r(93,23035,11,105,2110)
r(85,38178,11,105,2111)
r(4,4183,11,105,2112)
r(2,26032,11,105,2113)
r(17,28120,11,105,2114)
r(29,4184,11,105,2115)
r(82,36204,11,105,2116)
r(93,23035,11,105,2117)
r(44,26035,11,105,2118)
r(40,36200,11,105,2119)
r(50,26039,11,106,2120)
r(8,26029,11,106,2121)
r(64,44167,11,106,2122)
r(17,28120,11,106,2123)
r(57,24144,11,106,2124)
r(69,24154,11,106,2125)
r(53,24148,11,106,2126)
r(83,54021,11,106,2127)
r(8,26029,11,106,2128)
r(27,36225,11,106,2129)
r(68,38174,11,106,2130)
r(35,26028,11,106,2131)
r(53,24148,11,106,2132)
r(22,44170,11,106,2133)
r(1,54019,11,106,2134)
r(84,44169,11,106,2135)
r(34,36185,11,106,2136)
r(97,38150,11,106,2137)
r(39,44172,11,106,2138)
r(78,44157,11,106,2139)
r(31,36189,11,107,2140)
r(40,36200,11,107,2141)
r(23,16039,11,107,2142)
r(70,28118,11,107,2143)
r(22,44170,11,107,2144)
r(59,44164,11,107,2145)
r(77,24152,11,107,2146)
r(45,38179,11,107,2147)
r(64,44167,11,107,2148)
r(58,16034,11,107,2149)
r(42,36226,11,107,2150)
r(91,36228,11,107,2151)
r(78,44157,11,107,2152)
r(49,28121,11,107,2153)
r(19,36221,11,107,2154)
r(30,38177,11,107,2155)
r(80,26033,11,107,2156)
r(79,147,11,107,2157)
r(42,36226,11,107,2158)
r(78,44157,11,107,2159)
r(76,54020,11,108,2160)
r(46,28117,11,108,2161)
r(93,23035,11,108,2162)
r(21,24157,11,108,2163)
r(52,44155,11,108,2164)
r(78,44157,11,108,2165)
r(89,54022,11,108,2166)
r(36,26038,11,108,2167)
r(84,44169,11,108,2168)
r(3,54010,11,108,2169)
r(65,141,11,108,2170)
r(77,24152,11,108,2171)
r(15,153,11,108,2172)
w(29,22053,11,108,2173)
w(73,22054,11,108,2174)
w(70,22055,11,108,2175)
w(53,22056,11,108,2176)
w(20,22057,11,108,2177)
w(36,22058,11,108,2178)
w(10,22059,11,108,2179)
r(72,38152,11,109,2180)
r(38,4191,11,109,2181)
r(31,36189,11,109,2182)
r(35,26028,11,109,2183)
r(94,38167,11,109,2184)
r(41,26046,11,109,2185)
r(21,24157,11,109,2186)
r(6,36213,11,109,2187)
r(71,24111,11,109,2188)
w(9,22060,11,109,2189)
w(70,22061,11,109,2190)
w(22,22062,11,109,2191)
w(20,22063,11,109,2192)
w(94,22064,11,109,2193)
w(21,22065,11,109,2194)
w(65,22066,11,109,2195)
w(20,22067,11,109,2196)
w(0,22068,11,109,2197)
w(19,22069,11,109,2198)
w(44,22070,11,109,2199)
w(49,22071,11,110,2200)
w(79,22072,11,110,2201)
w(2,22073,11,110,2202)
w(27,22074,11,110,2203)
w(66,22075,11,110,2204)
w(70,22076,11,110,2205)
w(29,22077,11,110,2206)
w(67,22078,11,110,2207)
w(26,22079,11,110,2208)
w(45,22080,11,110,2209)
w(66,22081,11,110,2210)
w(74,22082,11,110,2211)
w(34,22083,11,110,2212)
w(9,22084,11,110,2213)
w(85,22085,11,110,2214)
w(14,22086,11,110,2215)
w(25,22087,11,110,2216)
w(76,22088,11,110,2217)
w(42,22089,11,110,2218)
w(72,22090,11,110,2219)
r(42,16097,11,111,2220)
r(61,28203,11,111,2221)
r(19,16081,11,111,2222)
r(52,36276,11,111,2223)
r(32,28208,11,111,2224)
r(46,24202,11,111,2225)
r(88,38224,11,111,2226)
r(26,16089,11,111,2227)
r(50,54063,11,111,2228)
r(86,36283,11,111,2229)
w(3,22091,11,111,2230)
w(62,22092,11,111,2231)
w(59,22093,11,111,2232)
w(14,22094,11,111,2233)
w(65,22095,11,111,2234)
w(1,22096,11,111,2235)
w(46,22097,11,111,2236)
w(1,22098,11,111,2237)
w(90,22099,11,111,2238)
w(71,22100,11,111,2239)
w(42,22101,11,112,2240)
w(74,22102,11,112,2241)
w(95,22103,11,112,2242)
w(20,22104,11,112,2243)
w(6,22105,11,112,2244)
w(44,22106,11,112,2245)
w(89,22107,11,112,2246)
w(68,22108,11,112,2247)
w(9,22109,11,112,2248)
w(36,22110,11,112,2249)
w(53,22111,11,112,2250)
w(89,22112,11,112,2251)
w(53,22113,11,112,2252)
w(6,22114,11,112,2253)
w(97,22115,11,112,2254)
w(74,22116,11,112,2255)
w(32,22117,11,112,2256)
w(6,22118,11,112,2257)
w(46,22119,11,112,2258)
w(11,22120,11,112,2259)
r(18,52047,11,113,2260)
r(40,218,11,113,2261)
r(39,16069,11,113,2262)
r(12,243,11,113,2263)
r(15,38254,11,113,2264)
r(62,52030,11,113,2265)
r(10,38246,11,113,2266)
r(59,44219,11,113,2267)
r(37,28213,11,113,2268)
r(2,24227,11,113,2269)
r(88,38224,11,113,2270)
r(17,28211,11,113,2271)
r(20,4255,11,113,2272)
r(75,4267,11,113,2273)
r(2,24227,11,113,2274)
r(38,36282,11,113,2275)
r(88,38224,11,113,2276)
r(82,24229,11,113,2277)
r(24,44222,11,113,2278)
r(44,44218,11,113,2279)
r(12,243,11,114,2280)
r(82,24229,11,114,2281)
r(15,38254,11,114,2282)
r(53,44220,11,114,2283)
r(82,24229,11,114,2284)
r(5,52044,11,114,2285)
r(55,44223,11,114,2286)
r(11,4272,11,114,2287)
r(42,16097,11,114,2288)
r(86,38251,11,114,2289)
w(5,22121,11,114,2290)
w(47,22122,11,114,2291)
w(79,22123,11,114,2292)
w(1,22124,11,114,2293)
w(70,22125,11,114,2294)
w(35,22126,11,114,2295)
w(46,22127,11,114,2296)
w(11,22128,11,114,2297)
w(75,22129,11,114,2298)
w(98,22130,11,114,2299)
r(53,38261,11,115,2300)
r(99,52068,11,115,2301)
r(17,24245,11,115,2302)
r(30,16116,11,115,2303)
r(73,52057,11,115,2304)
r(26,26160,11,115,2305)
r(25,36301,11,115,2306)
w(73,22131,11,115,2307)
w(25,22132,11,115,2308)
w(73,22133,11,115,2309)
w(10,22134,11,115,2310)
w(65,22135,11,115,2311)
w(72,22136,11,115,2312)
w(76,22137,11,115,2313)
w(9,22138,11,115,2314)
w(89,22139,11,115,2315)
w(36,22140,11,115,2316)
w(48,22141,11,115,2317)
w(26,22142,11,115,2318)
w(51,22143,11,115,2319)
w(47,22144,11,116,2320)
w(40,22145,11,116,2321)
w(4,22146,11,116,2322)
w(41,22147,11,116,2323)
w(82,22148,11,116,2324)
w(74,22149,11,116,2325)
w(68,22150,11,116,2326)
w(16,22151,11,116,2327)
w(78,22152,11,116,2328)
w(1,22153,11,116,2329)
w(83,22154,11,116,2330)
w(16,22155,11,116,2331)
w(55,22156,11,116,2332)
w(14,22157,11,116,2333)
w(60,22158,11,116,2334)
w(96,22159,11,116,2335)
w(74,22160,11,116,2336)
w(18,22161,11,116,2337)
w(42,22162,11,116,2338)
w(98,22163,11,116,2339)
r(34,24300,11,117,2340)
r(34,24300,11,117,2341)
r(11,48230,11,117,2342)
r(12,324,11,117,2343)
r(75,330,11,117,2344)
r(47,26181,11,117,2345)
r(9,50333,11,117,2346)
r(95,261,11,117,2347)
r(30,48234,11,117,2348)
r(92,50332,11,117,2349)
w(52,22164,11,117,2350)
w(93,22165,11,117,2351)
w(11,22166,11,117,2352)
w(14,22167,11,117,2353)
w(22,22168,11,117,2354)
w(24,22169,11,117,2355)
w(44,22170,11,117,2356)
w(73,22171,11,117,2357)
w(71,22172,11,117,2358)
w(63,22173,11,117,2359)
r(93,36369,11,118,2360)
r(86,24254,11,118,2361)
r(69,50337,11,118,2362)
r(52,50348,11,118,2363)
r(91,52050,11,118,2364)
r(24,36370,11,118,2365)
r(63,26188,11,118,2366)
r(41,26189,11,118,2367)
r(6,50316,11,118,2368)
w(57,22174,11,118,2369)
w(30,22175,11,118,2370)
w(8,22176,11,118,2371)
w(11,22177,11,118,2372)
w(99,22178,11,118,2373)
w(93,22179,11,118,2374)
w(30,22180,11,118,2375)
w(71,22181,11,118,2376)
w(60,22182,11,118,2377)
w(28,22183,11,118,2378)
w(67,22184,11,118,2379)
r(99,52140,11,119,2380)
r(91,52050,11,119,2381)
r(19,2316,11,119,2382)
r(51,2304,11,119,2383)
r(9,48290,11,119,2384)
r(15,2314,11,119,2385)
r(68,30036,11,119,2386)
w(96,22185,11,119,2387)
w(47,22186,11,119,2388)
w(47,22187,11,119,2389)
w(33,22188,11,119,2390)
w(48,22189,11,119,2391)
w(24,22190,11,119,2392)
w(95,22191,11,119,2393)
w(25,22192,11,119,2394)
w(8,22193,11,119,2395)
w(96,22194,11,119,2396)
w(0,22195,11,119,2397)
w(22,22196,11,119,2398)
w(37,22197,11,119,2399)
r(10,20126,11,120,2400)
r(13,46011,11,120,2401)
r(41,26189,11,120,2402)
r(9,30045,11,120,2403)
r(5,48355,11,120,2404)
r(67,54202,11,120,2405)
r(15,46041,11,120,2406)
r(78,18050,11,120,2407)
r(99,46037,11,120,2408)
w(58,22198,11,120,2409)
w(70,22199,11,120,2410)
w(28,22200,11,120,2411)
w(4,22201,11,120,2412)
w(86,22202,11,120,2413)
w(32,22203,11,120,2414)
w(75,22204,11,120,2415)
w(57,22205,11,120,2416)
w(37,22206,11,120,2417)
w(89,22207,11,120,2418)
w(62,22208,11,120,2419)
r(76,52175,11,121,2420)
r(87,46101,11,121,2421)
r(21,50476,11,121,2422)
r(77,46047,11,121,2423)
r(31,50488,11,121,2424)
r(25,46104,11,121,2425)
r(81,36403,11,121,2426)
r(12,46116,11,121,2427)
r(7,52180,11,121,2428)
w(39,22209,11,121,2429)
w(55,22210,11,121,2430)
w(56,22211,11,121,2431)
w(82,22212,11,121,2432)
w(44,22213,11,121,2433)
w(51,22214,11,121,2434)
w(13,22215,11,121,2435)
w(56,22216,11,121,2436)
w(20,22217,11,121,2437)
w(32,22218,11,121,2438)
w(18,22219,11,121,2439)
r(95,46176,11,122,2440)
r(99,18175,11,122,2441)
r(96,50546,11,122,2442)
r(16,46161,11,122,2443)
r(72,46178,11,122,2444)
r(69,50550,11,122,2445)
r(80,48354,11,122,2446)
r(1,26252,11,122,2447)
r(88,46149,11,122,2448)
r(28,20204,11,122,2449)
r(10,50552,11,122,2450)
r(78,46187,11,122,2451)
w(15,22220,11,122,2452)
w(3,22221,11,122,2453)
w(38,22222,11,122,2454)
w(81,22223,11,122,2455)
w(92,22224,11,122,2456)
w(42,22225,11,122,2457)
w(74,22226,11,122,2458)
w(31,22227,11,122,2459)
r(41,30169,11,123,2460)
r(7,30158,11,123,2461)
r(13,46188,11,123,2462)
r(46,18172,11,123,2463)
r(20,50527,11,123,2464)
r(39,46170,11,123,2465)
r(11,46162,11,123,2466)
r(28,20204,11,123,2467)
r(96,50546,11,123,2468)
r(77,30176,11,123,2469)
w(57,22228,11,123,2470)
w(1,22229,11,123,2471)
w(79,22230,11,123,2472)
w(21,22231,11,123,2473)
w(7,22232,11,123,2474)
w(81,22233,11,123,2475)
w(45,22234,11,123,2476)
w(79,22235,11,123,2477)
w(80,22236,11,123,2478)
w(22,22237,11,123,2479)
r(26,46145,11,124,2480)
r(69,50550,11,124,2481)
r(30,46105,11,124,2482)
r(75,36409,11,124,2483)
r(44,18169,11,124,2484)
r(16,50562,11,124,2485)
r(21,36415,11,124,2486)
r(42,30175,11,124,2487)
r(89,30184,11,124,2488)
r(0,30181,11,124,2489)
r(46,18172,11,124,2490)
w(0,22238,11,124,2491)
w(38,22239,11,124,2492)
w(32,22240,11,124,2493)
w(93,22241,11,124,2494)
w(36,22242,11,124,2495)
w(52,22243,11,124,2496)
w(57,22244,11,124,2497)
w(83,22245,11,124,2498)
w(98,22246,11,124,2499)
w(32,22247,11,125,2500)
w(25,22248,11,125,2501)
w(89,22249,11,125,2502)
w(43,22250,11,125,2503)
w(61,22251,11,125,2504)
w(36,22252,11,125,2505)
w(90,22253,11,125,2506)
w(8,22254,11,125,2507)
w(75,22255,11,125,2508)
w(86,22256,11,125,2509)
w(30,22257,11,125,2510)
w(47,22258,11,125,2511)
w(53,22259,11,125,2512)
w(16,22260,11,125,2513)
w(98,22261,11,125,2514)
w(29,22262,11,125,2515)
w(57,22263,11,125,2516)
w(65,22264,11,125,2517)
w(28,22265,11,125,2518)
w(3,22266,11,125,2519)
r(55,12070,11,126,2520)
r(43,50547,11,126,2521)
r(85,2164,11,126,2522)
r(58,30219,11,126,2523)
r(2,30205,11,126,2524)
r(94,30173,11,126,2525)
r(0,30226,11,126,2526)
r(47,30222,11,126,2527)
r(91,4036,11,126,2528)
r(10,50552,11,126,2529)
r(45,12069,11,126,2530)
r(25,20241,11,126,2531)
r(36,50595,11,126,2532)
w(46,22267,11,126,2533)
w(83,22268,11,126,2534)
w(98,22269,11,126,2535)
w(31,22270,11,126,2536)
w(49,22271,11,126,2537)
w(88,22272,11,126,2538)
w(67,22273,11,126,2539)
r(35,12052,11,127,2540)
r(67,46237,11,127,2541)
r(82,4028,11,127,2542)
r(18,46167,11,127,2543)
r(83,36446,11,127,2544)
r(42,28396,11,127,2545)
r(38,18187,11,127,2546)
r(31,44371,11,127,2547)
r(79,4034,11,127,2548)
r(64,28393,11,127,2549)
r(12,2167,11,127,2550)
r(59,50588,11,127,2551)
w(45,22274,11,127,2552)
w(47,22275,11,127,2553)
w(20,22276,11,127,2554)
w(64,22277,11,127,2555)
w(8,22278,11,127,2556)
w(22,22279,11,127,2557)
w(72,22280,11,127,2558)
w(15,22281,11,127,2559)
r(95,30203,11,128,2560)
r(60,28395,11,128,2561)
r(55,44393,11,128,2562)
r(84,4064,11,128,2563)
r(62,4071,11,128,2564)
r(76,2178,11,128,2565)
r(78,50597,11,128,2566)
r(23,36477,11,128,2567)
r(72,50631,11,128,2568)
r(71,2185,11,128,2569)
r(81,12087,11,128,2570)
w(89,22282,11,128,2571)
w(50,22283,11,128,2572)
w(80,22284,11,128,2573)
w(1,22285,11,128,2574)
w(53,22286,11,128,2575)
w(92,22287,11,128,2576)
w(20,22288,11,128,2577)
w(59,22289,11,128,2578)
w(87,22290,11,128,2579)
r(61,46262,11,129,2580)
r(88,28392,11,129,2581)
r(85,30239,11,129,2582)
r(70,50647,11,129,2583)
r(70,50647,11,129,2584)
r(99,44392,11,129,2585)
r(28,12080,11,129,2586)
r(5,2143,11,129,2587)
r(73,2208,11,129,2588)
r(31,50641,11,129,2589)
r(93,50592,11,129,2590)
w(8,22291,11,129,2591)
w(51,22292,11,129,2592)
w(78,22293,11,129,2593)
w(7,22294,11,129,2594)
w(66,22295,11,129,2595)
w(63,22296,11,129,2596)
w(39,22297,11,129,2597)
w(72,22298,11,129,2598)
w(97,22299,11,129,2599)
r(27,30269,11,130,2600)
r(34,58165,11,130,2601)
r(45,12069,11,130,2602)
r(6,50689,11,130,2603)
r(68,20312,11,130,2604)
r(88,28392,11,130,2605)
r(26,50688,11,130,2606)
r(74,30294,11,130,2607)
r(79,20315,11,130,2608)
r(42,46260,11,130,2609)
r(31,50641,11,130,2610)
r(6,50689,11,130,2611)
r(76,50666,11,130,2612)
r(76,50666,11,130,2613)
r(89,58166,11,130,2614)
r(87,50696,11,130,2615)
r(13,30299,11,130,2616)
r(59,30298,11,130,2617)
r(77,8026,11,130,2618)
r(56,2219,11,130,2619)
r(32,2217,11,131,2620)
r(18,44413,11,131,2621)
r(87,50696,11,131,2622)
r(86,50644,11,131,2623)
r(86,50644,11,131,2624)
r(11,2196,11,131,2625)
r(47,50669,11,131,2626)
r(0,30280,11,131,2627)
r(57,30273,11,131,2628)
r(28,8027,11,131,2629)
r(63,20317,11,131,2630)
r(74,30294,11,131,2631)
r(42,46260,11,131,2632)
r(57,30273,11,131,2633)
r(58,12082,11,131,2634)
r(84,30259,11,131,2635)
r(81,50678,11,131,2636)
r(94,46275,11,131,2637)
r(85,50693,11,131,2638)
r(24,50672,11,131,2639)
r(98,4043,11,132,2640)
r(18,44413,11,132,2641)
r(60,50649,11,132,2642)
r(10,50682,11,132,2643)
r(85,50693,11,132,2644)
r(69,26329,11,132,2645)
r(59,30298,11,132,2646)
r(70,8025,11,132,2647)
r(56,2219,11,132,2648)
r(35,30287,11,132,2649)
r(37,50683,11,132,2650)
r(31,50641,11,132,2651)
r(34,58165,11,132,2652)
r(32,2217,11,132,2653)
r(86,50644,11,132,2654)
w(63,22300,11,132,2655)
w(70,22301,11,132,2656)
w(97,22302,11,132,2657)
w(37,22303,11,132,2658)
w(22,22304,11,132,2659)
r(74,12104,11,133,2660)
r(6,50689,11,133,2661)
r(75,36525,11,133,2662)
r(98,4043,11,133,2663)
r(30,30344,11,133,2664)
r(42,20320,11,133,2665)
r(41,46343,11,133,2666)
r(78,46342,11,133,2667)
r(9,30343,11,133,2668)
w(91,22305,11,133,2669)
w(40,22306,11,133,2670)
w(4,22307,11,133,2671)
w(29,22308,11,133,2672)
w(19,22309,11,133,2673)
w(9,22310,11,133,2674)
w(51,22311,11,133,2675)
w(15,22312,11,133,2676)
w(51,22313,11,133,2677)
w(83,22314,11,133,2678)
w(21,22315,11,133,2679)
w(40,22316,11,134,2680)
w(58,22317,11,134,2681)
w(17,22318,11,134,2682)
w(55,22319,11,134,2683)
w(91,22320,11,134,2684)
w(86,22321,11,134,2685)
w(38,22322,11,134,2686)
w(61,22323,11,134,2687)
w(69,22324,11,134,2688)
w(96,22325,11,134,2689)
w(64,22326,11,134,2690)
w(58,22327,11,134,2691)
w(16,22328,11,134,2692)
w(17,22329,11,134,2693)
w(72,22330,11,134,2694)
w(31,22331,11,134,2695)
w(18,22332,11,134,2696)
w(26,22333,11,134,2697)
w(40,22334,11,134,2698)
w(82,22335,11,134,2699)
r(63,30351,11,135,2700)
r(22,26018,11,135,2701)
r(44,26334,11,135,2702)
r(3,36554,11,135,2703)
r(75,46387,11,135,2704)
r(1,26332,11,135,2705)
r(24,46341,11,135,2706)
w(86,22336,11,135,2707)
w(28,22337,11,135,2708)
w(72,22338,11,135,2709)
w(40,22339,11,135,2710)
w(82,22340,11,135,2711)
w(40,22341,11,135,2712)
w(18,22342,11,135,2713)
w(0,22343,11,135,2714)
w(35,22344,11,135,2715)
w(72,22345,11,135,2716)
w(26,22346,11,135,2717)
w(70,22347,11,135,2718)
w(37,22348,11,135,2719)
w(11,22349,11,136,2720)
w(12,22350,11,136,2721)
w(68,22351,11,136,2722)
w(45,22352,11,136,2723)
w(22,22353,11,136,2724)
w(86,22354,11,136,2725)
w(16,22355,11,136,2726)
w(44,22356,11,136,2727)
w(77,22357,11,136,2728)
w(92,22358,11,136,2729)
w(45,22359,11,136,2730)
w(70,22360,11,136,2731)
w(2,22361,11,136,2732)
w(37,22362,11,136,2733)
w(3,22363,11,136,2734)
w(67,22364,11,136,2735)
w(61,22365,11,136,2736)
w(20,22366,11,136,2737)
w(43,22367,11,136,2738)
w(28,22368,11,136,2739)
w(96,22369,11,137,2740)
w(15,22370,11,137,2741)
w(45,22371,11,137,2742)
w(14,22372,11,137,2743)
w(98,22373,11,137,2744)
w(75,22374,11,137,2745)
w(51,22375,11,137,2746)
w(6,22376,11,137,2747)
w(52,22377,11,137,2748)
w(59,22378,11,137,2749)
w(18,22379,11,137,2750)
w(88,22380,11,137,2751)
w(73,22381,11,137,2752)
w(4,22382,11,137,2753)
w(15,22383,11,137,2754)
w(3,22384,11,137,2755)
w(58,22385,11,137,2756)
w(22,22386,11,137,2757)
w(78,22387,11,137,2758)
w(37,22388,11,137,2759)
r(46,36550,11,138,2760)
r(26,6011,11,138,2761)
r(25,46443,11,138,2762)
r(99,26066,11,138,2763)
r(51,26092,11,138,2764)
r(83,54363,11,138,2765)
r(40,6033,11,138,2766)
r(13,26076,11,138,2767)
r(66,46447,11,138,2768)
r(7,6034,11,138,2769)
w(39,22389,11,138,2770)
w(35,22390,11,138,2771)
w(25,22391,11,138,2772)
w(42,22392,11,138,2773)
w(41,22393,11,138,2774)
w(88,22394,11,138,2775)
w(53,22395,11,138,2776)
w(47,22396,11,138,2777)
w(12,22397,11,138,2778)
w(94,22398,11,138,2779)
r(18,6040,11,139,2780)
r(20,26105,11,139,2781)
r(1,30446,11,139,2782)
r(31,6046,11,139,2783)
r(39,6030,11,139,2784)
r(16,12155,11,139,2785)
r(73,26109,11,139,2786)
r(96,46468,11,139,2787)
r(78,30448,11,139,2788)
r(4,46448,11,139,2789)
w(29,22399,11,139,2790)
w(19,22400,11,139,2791)
w(79,22401,11,139,2792)
w(14,22402,11,139,2793)
w(18,22403,11,139,2794)
w(59,22404,11,139,2795)
w(93,22405,11,139,2796)
w(19,22406,11,139,2797)
w(0,22407,11,139,2798)
w(17,22408,11,139,2799)
r(64,50042,11,140,2800)
r(38,6063,11,140,2801)
r(78,30448,11,140,2802)
r(16,20157,11,140,2803)
r(51,26106,11,140,2804)
r(47,26110,11,140,2805)
r(63,26067,11,140,2806)
r(28,24016,11,140,2807)
r(28,24016,11,140,2808)
r(51,26106,11,140,2809)
r(32,30438,11,140,2810)
r(24,24042,11,140,2811)
r(88,50044,11,140,2812)
r(18,24041,11,140,2813)
r(97,50053,11,140,2814)
r(90,26083,11,140,2815)
r(19,24043,11,140,2816)
r(84,50805,11,140,2817)
r(93,6060,11,140,2818)
r(20,26105,11,140,2819)
r(64,50042,11,141,2820)
r(43,50039,11,141,2821)
r(33,12153,11,141,2822)
r(10,26107,11,141,2823)
r(8,50041,11,141,2824)
r(91,6056,11,141,2825)
r(61,6062,11,141,2826)
r(53,50028,11,141,2827)
r(69,6061,11,141,2828)
r(65,6064,11,141,2829)
r(16,20157,11,141,2830)
r(32,30438,11,141,2831)
r(26,6011,11,141,2832)
r(17,46424,11,141,2833)
r(92,46466,11,141,2834)
r(91,6056,11,141,2835)
r(96,46468,11,141,2836)
r(60,50048,11,141,2837)
r(9,50049,11,141,2838)
r(90,26083,11,141,2839)
w(67,22409,11,142,2840)
w(2,22410,11,142,2841)
w(47,22411,11,142,2842)
w(66,22412,11,142,2843)
w(91,22413,11,142,2844)
w(88,22414,11,142,2845)
w(72,22415,11,142,2846)
w(39,22416,11,142,2847)
w(16,22417,11,142,2848)
w(10,22418,11,142,2849)
w(98,22419,11,142,2850)
w(69,22420,11,142,2851)
w(50,22421,11,142,2852)
w(3,22422,11,142,2853)
w(44,22423,11,142,2854)
w(4,22424,11,142,2855)
w(62,22425,11,142,2856)
w(37,22426,11,142,2857)
w(2,22427,11,142,2858)
w(64,22428,11,142,2859)
r(29,30424,11,143,2860)
r(96,46470,11,143,2861)
r(86,24028,11,143,2862)
r(14,46428,11,143,2863)
r(80,6024,11,143,2864)
r(33,20161,11,143,2865)
r(83,6065,11,143,2866)
r(63,26118,11,143,2867)
r(2,50061,11,143,2868)
r(87,50022,11,143,2869)
r(32,30438,11,143,2870)
r(15,50037,11,143,2871)
r(0,6074,11,143,2872)
r(96,46470,11,143,2873)
r(70,30442,11,143,2874)
r(32,30438,11,143,2875)
r(30,24034,11,143,2876)
r(1,20159,11,143,2877)
r(4,50056,11,143,2878)
r(60,50048,11,143,2879)
r(38,30467,11,144,2880)
r(17,46480,11,144,2881)
r(52,20178,11,144,2882)
r(50,6044,11,144,2883)
r(75,46487,11,144,2884)
r(67,12158,11,144,2885)
r(52,20178,11,144,2886)
r(63,50076,11,144,2887)
r(15,46486,11,144,2888)
w(60,22001,11,144,2889)
w(4,22002,11,144,2890)
w(64,22003,11,144,2891)
w(29,22004,11,144,2892)
w(97,22005,11,144,2893)
w(95,22006,11,144,2894)
w(18,22007,11,144,2895)
w(91,22008,11,144,2896)
w(45,22009,11,144,2897)
w(46,22010,11,144,2898)
w(63,22011,11,144,2899)
r(4,50121,11,145,2900)
r(67,38617,11,145,2901)
r(52,20178,11,145,2902)
r(70,30442,11,145,2903)
r(81,24078,11,145,2904)
r(86,30484,11,145,2905)
r(52,20178,11,145,2906)
w(62,22012,11,145,2907)
w(61,22013,11,145,2908)
w(49,22014,11,145,2909)
w(39,22015,11,145,2910)
w(22,22016,11,145,2911)
w(26,22017,11,145,2912)
w(97,22018,11,145,2913)
w(5,22019,11,145,2914)
w(67,22020,11,145,2915)
w(20,22021,11,145,2916)
w(70,22022,11,145,2917)
w(78,22023,11,145,2918)
w(15,22024,11,145,2919)
r(8,8100,11,146,2920)
r(19,6107,11,146,2921)
r(40,6106,11,146,2922)
r(54,6110,11,146,2923)
r(96,46514,11,146,2924)
r(72,30490,11,146,2925)
r(67,38617,11,146,2926)
r(42,20320,11,146,2927)
w(85,22025,11,146,2928)
w(99,22026,11,146,2929)
w(91,22027,11,146,2930)
w(65,22028,11,146,2931)
w(25,22029,11,146,2932)
w(61,22030,11,146,2933)
w(98,22031,11,146,2934)
w(14,22032,11,146,2935)
w(46,22033,11,146,2936)
w(69,22034,11,146,2937)
w(54,22035,11,146,2938)
w(45,22036,11,146,2939)
r(5,20184,11,147,2940)
r(5,20184,11,147,2941)
r(58,24106,11,147,2942)
r(33,24113,11,147,2943)
r(8,8100,11,147,2944)
r(65,38624,11,147,2945)
r(19,6107,11,147,2946)
r(84,26162,11,147,2947)
r(54,26177,11,147,2948)
r(0,6102,11,147,2949)
r(54,26177,11,147,2950)
r(90,38627,11,147,2951)
r(7,24122,11,147,2952)
w(56,22037,11,147,2953)
w(50,22038,11,147,2954)
w(7,22039,11,147,2955)
w(45,22040,11,147,2956)
w(58,22041,11,147,2957)
w(79,22042,11,147,2958)
w(43,22043,11,147,2959)
r(41,12176,11,148,2960)
r(0,2013,11,148,2961)
r(27,26178,11,148,2962)
r(18,20237,11,148,2963)
r(90,20225,11,148,2964)
r(41,12176,11,148,2965)
r(79,20219,11,148,2966)
r(91,20221,11,148,2967)
r(46,30537,11,148,2968)
r(68,30521,11,148,2969)
r(6,20198,11,148,2970)
r(44,38623,11,148,2971)
r(25,30538,11,148,2972)
r(98,20238,11,148,2973)
r(72,30490,11,148,2974)
r(21,6129,11,148,2975)
r(99,38622,11,148,2976)
r(77,30527,11,148,2977)
r(13,46537,11,148,2978)
r(35,6109,11,148,2979)
r(83,6117,11,149,2980)
r(7,30545,11,149,2981)
r(81,30542,11,149,2982)
r(88,24117,11,149,2983)
r(16,30543,11,149,2984)
r(35,6109,11,149,2985)
r(89,30534,11,149,2986)
r(3,2020,11,149,2987)
r(2,30476,11,149,2988)
r(81,30542,11,149,2989)
r(90,20225,11,149,2990)
r(11,46524,11,149,2991)
r(6,20198,11,149,2992)
r(94,20229,11,149,2993)
r(19,2018,11,149,2994)
r(11,46524,11,149,2995)
r(2,30476,11,149,2996)
r(62,30517,11,149,2997)
r(17,30525,11,149,2998)
r(43,2012,11,149,2999)
r(25,30538,11,150,3000)
r(81,30542,11,150,3001)
r(91,20221,11,150,3002)
r(85,6134,11,150,3003)
r(34,30533,11,150,3004)
r(7,30545,11,150,3005)
r(26,50055,11,150,3006)
r(93,50145,11,150,3007)
r(10,46527,11,150,3008)
r(4,24114,11,150,3009)
r(75,24116,11,150,3010)
r(56,50147,11,150,3011)
r(70,20218,11,150,3012)
r(50,20227,11,150,3013)
r(47,30535,11,150,3014)
r(88,24117,11,150,3015)
r(68,30521,11,150,3016)
r(52,30532,11,150,3017)
r(54,50146,11,150,3018)
r(19,2018,11,150,3019)
r(63,30541,11,151,3020)
r(62,30517,11,151,3021)
r(41,12176,11,151,3022)
r(45,30546,11,151,3023)
r(9,6140,11,151,3024)
r(70,20218,11,151,3025)
r(97,6133,11,151,3026)
r(67,2015,11,151,3027)
r(49,50142,11,151,3028)
r(25,30538,11,151,3029)
r(31,2021,11,151,3030)
r(12,2016,11,151,3031)
w(61,22044,11,151,3032)
w(83,22045,11,151,3033)
w(26,22046,11,151,3034)
w(66,22047,11,151,3035)
w(75,22048,11,151,3036)
w(88,22049,11,151,3037)
w(99,22050,11,151,3038)
w(32,22051,11,151,3039)
r(71,20240,11,152,3040)
r(1,30531,11,152,3041)
r(79,20219,11,152,3042)
r(9,6140,11,152,3043)
r(94,20229,11,152,3044)
r(48,54430,11,152,3045)
r(71,20240,11,152,3046)
r(76,6119,11,152,3047)
r(16,46557,11,152,3048)
r(94,20229,11,152,3049)
r(52,30532,11,152,3050)
w(21,22052,11,152,3051)
w(10,22053,11,152,3052)
w(13,22054,11,152,3053)
w(58,22055,11,152,3054)
w(17,22056,11,152,3055)
w(30,22057,11,152,3056)
w(80,22058,11,152,3057)
w(30,22059,11,152,3058)
w(12,22060,11,152,3059)
w(14,22061,11,153,3060)
w(54,22062,11,153,3061)
w(64,22063,11,153,3062)
w(76,22064,11,153,3063)
w(55,22065,11,153,3064)
w(79,22066,11,153,3065)
w(33,22067,11,153,3066)
w(0,22068,11,153,3067)
w(39,22069,11,153,3068)
w(26,22070,11,153,3069)
w(56,22071,11,153,3070)
w(0,22072,11,153,3071)
w(7,22073,11,153,3072)
w(0,22074,11,153,3073)
w(86,22075,11,153,3074)
w(62,22076,11,153,3075)
w(99,22077,11,153,3076)
w(78,22078,11,153,3077)
w(83,22079,11,153,3078)
w(22,22080,11,153,3079)
r(71,8149,11,154,3080)
r(15,30573,11,154,3081)
r(27,50181,11,154,3082)
r(2,2068,11,154,3083)
r(36,38675,11,154,3084)
r(62,50178,11,154,3085)
r(84,50173,11,154,3086)
r(22,8148,11,154,3087)
r(89,2070,11,154,3088)
w(85,22081,11,154,3089)
w(5,22082,11,154,3090)
w(12,22083,11,154,3091)
w(31,22084,11,154,3092)
w(76,22085,11,154,3093)
w(85,22086,11,154,3094)
w(53,22087,11,154,3095)
w(93,22088,11,154,3096)
w(7,22089,11,154,3097)
w(46,22090,11,154,3098)
w(64,22091,11,154,3099)
r(88,8154,11,155,3100)
r(98,50206,11,155,3101)
r(45,6222,11,155,3102)
r(92,56330,11,155,3103)
r(64,6214,11,155,3104)
r(27,50181,11,155,3105)
r(55,56328,11,155,3106)
r(78,8157,11,155,3107)
r(20,8161,11,155,3108)
r(59,2072,11,155,3109)
r(53,6218,11,155,3110)
r(65,593,11,155,3111)
w(11,22092,11,155,3112)
w(6,22093,11,155,3113)
w(39,22094,11,155,3114)
w(99,22095,11,155,3115)
w(38,22096,11,155,3116)
w(89,22097,11,155,3117)
w(98,22098,11,155,3118)
w(29,22099,11,155,3119)
r(71,6244,11,156,3120)
r(35,46659,11,156,3121)
r(54,6236,11,156,3122)
r(25,30615,11,156,3123)
r(87,6230,11,156,3124)
r(23,50224,11,156,3125)
r(39,6217,11,156,3126)
r(35,46659,11,156,3127)
r(86,46663,11,156,3128)
r(67,46657,11,156,3129)
r(68,30549,11,156,3130)
r(4,46634,11,156,3131)
w(80,22100,11,156,3132)
w(7,22101,11,156,3133)
w(98,22102,11,156,3134)
w(62,22103,11,156,3135)
w(16,22104,11,156,3136)
w(38,22105,11,156,3137)
w(42,22106,11,156,3138)
w(37,22107,11,156,3139)
r(47,50225,11,157,3140)
r(91,18421,11,157,3141)
r(48,6253,11,157,3142)
r(90,58376,11,157,3143)
r(95,30623,11,157,3144)
r(61,58373,11,157,3145)
r(74,50217,11,157,3146)
r(79,30658,11,157,3147)
r(97,36732,11,157,3148)
r(88,8154,11,157,3149)
r(53,50252,11,157,3150)
w(79,22108,11,157,3151)
w(0,22109,11,157,3152)
w(74,22110,11,157,3153)
w(77,22111,11,157,3154)
w(86,22112,11,157,3155)
w(32,22113,11,157,3156)
w(14,22114,11,157,3157)
w(58,22115,11,157,3158)
w(51,22116,11,157,3159)
r(93,46648,11,158,3160)
r(48,50287,11,158,3161)
r(37,12276,11,158,3162)
r(32,22113,11,158,3163)
r(2,50261,11,158,3164)
r(31,50248,11,158,3165)
r(66,6241,11,158,3166)
w(13,22117,11,158,3167)
w(85,22118,11,158,3168)
w(82,22119,11,158,3169)
w(44,22120,11,158,3170)
w(81,22121,11,158,3171)
w(59,22122,11,158,3172)
w(55,22123,11,158,3173)
w(41,22124,11,158,3174)
w(53,22125,11,158,3175)
w(53,22126,11,158,3176)
w(69,22127,11,158,3177)
w(88,22128,11,158,3178)
w(60,22129,11,158,3179)
w(4,22130,11,159,3180)
w(99,22131,11,159,3181)
w(81,22132,11,159,3182)
w(52,22133,11,159,3183)
w(18,22134,11,159,3184)
w(22,22135,11,159,3185)
w(50,22136,11,159,3186)
w(63,22137,11,159,3187)
w(26,22138,11,159,3188)
w(4,22139,11,159,3189)
w(58,22140,11,159,3190)
w(59,22141,11,159,3191)
w(36,22142,11,159,3192)
w(72,22143,11,159,3193)
w(66,22144,11,159,3194)
w(33,22145,11,159,3195)
w(8,22146,11,159,3196)
w(15,22147,11,159,3197)
w(10,22148,11,159,3198)
w(32,22149,11,159,3199)
r(71,58396,11,160,3200)
r(67,50332,11,160,3201)
r(54,28673,11,160,3202)
r(93,46648,11,160,3203)
r(54,28673,11,160,3204)
r(53,22126,11,160,3205)
r(99,50337,11,160,3206)
w(76,22150,11,160,3207)
w(60,22151,11,160,3208)
w(30,22152,11,160,3209)
w(67,22153,11,160,3210)
w(83,22154,11,160,3211)
w(97,22155,11,160,3212)
w(91,22156,11,160,3213)
w(16,22157,11,160,3214)
w(12,22158,11,160,3215)
w(7,22159,11,160,3216)
w(35,22160,11,160,3217)
w(90,22161,11,160,3218)
w(94,22162,11,160,3219)
r(69,6034,11,161,3220)
r(51,38032,11,161,3221)
r(29,38031,11,161,3222)
r(91,30739,11,161,3223)
r(6,30741,11,161,3224)
r(72,30742,11,161,3225)
r(19,706,11,161,3226)
r(6,30741,11,161,3227)
r(11,46757,11,161,3228)
r(15,30735,11,161,3229)
r(74,46755,11,161,3230)
r(63,6030,11,161,3231)
r(22,30740,11,161,3232)
r(49,46747,11,161,3233)
r(99,50337,11,161,3234)
r(93,16592,11,161,3235)
r(13,46776,11,161,3236)
r(97,36790,11,161,3237)
r(4,46729,11,161,3238)
r(64,50395,11,161,3239)
r(72,30742,11,162,3240)
r(22,30740,11,162,3241)
r(43,6033,11,162,3242)
r(94,22162,11,162,3243)
r(77,46752,11,162,3244)
r(39,46754,11,162,3245)
r(13,46776,11,162,3246)
r(66,50366,11,162,3247)
w(21,22163,11,162,3248)
w(32,22164,11,162,3249)
w(77,22165,11,162,3250)
w(9,22166,11,162,3251)
w(1,22167,11,162,3252)
w(99,22168,11,162,3253)
w(27,22169,11,162,3254)
w(21,22170,11,162,3255)
w(23,22171,11,162,3256)
w(57,22172,11,162,3257)
w(0,22173,11,162,3258)
w(49,22174,11,162,3259)
r(73,50398,11,163,3260)
r(72,30742,11,163,3261)
r(92,46763,11,163,3262)
r(97,36790,11,163,3263)
r(13,46776,11,163,3264)
r(84,44665,11,163,3265)
r(32,46751,11,163,3266)
w(3,22175,11,163,3267)
w(89,22176,11,163,3268)
w(8,22177,11,163,3269)
w(40,22178,11,163,3270)
w(2,22179,11,163,3271)
w(60,22180,11,163,3272)
w(54,22181,11,163,3273)
w(92,22182,11,163,3274)
w(43,22183,11,163,3275)
w(28,22184,11,163,3276)
w(25,22185,11,163,3277)
w(47,22186,11,163,3278)
w(92,22187,11,163,3279)
r(76,36808,11,164,3280)
r(53,20113,11,164,3281)
r(70,6002,11,164,3282)
r(10,46645,11,164,3283)
r(86,38073,11,164,3284)
r(57,711,11,164,3285)
r(17,30721,11,164,3286)
w(74,22188,11,164,3287)
w(32,22189,11,164,3288)
w(51,22190,11,164,3289)
w(28,22191,11,164,3290)
w(53,22192,11,164,3291)
w(56,22193,11,164,3292)
w(31,22194,11,164,3293)
w(39,22195,11,164,3294)
w(38,22196,11,164,3295)
w(90,22197,11,164,3296)
w(89,22198,11,164,3297)
w(83,22199,11,164,3298)
w(3,22200,11,164,3299)
r(38,22196,11,165,3300)
r(66,8251,11,165,3301)
r(76,8256,11,165,3302)
r(53,22192,11,165,3303)
r(45,10133,11,165,3304)
r(9,12314,11,165,3305)
r(91,44685,11,165,3306)
r(91,44685,11,165,3307)
r(29,8260,11,165,3308)
r(91,44685,11,165,3309)
r(82,50399,11,165,3310)
r(11,729,11,165,3311)
w(79,22201,11,165,3312)
w(19,22202,11,165,3313)
w(46,22203,11,165,3314)
w(68,22204,11,165,3315)
w(52,22205,11,165,3316)
w(48,22206,11,165,3317)
w(21,22207,11,165,3318)
w(59,22208,11,165,3319)
r(87,6036,11,166,3320)
r(24,50418,11,166,3321)
r(17,30721,11,166,3322)
r(72,38081,11,166,3323)
r(47,12330,11,166,3324)
r(52,22205,11,166,3325)
r(67,721,11,166,3326)
r(22,18488,11,166,3327)
r(99,52536,11,166,3328)
r(39,10144,11,166,3329)
w(33,22209,11,166,3330)
w(40,22210,11,166,3331)
w(7,22211,11,166,3332)
w(40,22212,11,166,3333)
w(0,22213,11,166,3334)
w(48,22214,11,166,3335)
w(3,22215,11,166,3336)
w(46,22216,11,166,3337)
w(55,22217,11,166,3338)
w(52,22218,11,166,3339)
r(9,44723,11,167,3340)
r(95,44722,11,167,3341)
r(21,22207,11,167,3342)
r(10,16632,11,167,3343)
r(31,18491,11,167,3344)
r(45,38098,11,167,3345)
r(23,8284,11,167,3346)
r(55,22217,11,167,3347)
r(86,20123,11,167,3348)
r(0,38090,11,167,3349)
r(68,38108,11,167,3350)
r(65,10176,11,167,3351)
r(88,38109,11,167,3352)
r(40,10155,11,167,3353)
r(63,44710,11,167,3354)
w(68,22219,11,167,3355)
w(62,22220,11,167,3356)
w(30,22221,11,167,3357)
w(31,22222,11,167,3358)
w(42,22223,11,167,3359)
r(86,8297,11,168,3360)
r(56,36017,11,168,3361)
r(32,36827,11,168,3362)
r(96,38131,11,168,3363)
r(37,56452,11,168,3364)
r(98,56461,11,168,3365)
r(37,56452,11,168,3366)
r(96,38131,11,168,3367)
r(70,38124,11,168,3368)
w(53,22224,11,168,3369)
w(25,22225,11,168,3370)
w(82,22226,11,168,3371)
w(14,22227,11,168,3372)
w(35,22228,11,168,3373)
w(86,22229,11,168,3374)
w(52,22230,11,168,3375)
w(85,22231,11,168,3376)
w(1,22232,11,168,3377)
w(2,22233,11,168,3378)
w(6,22234,11,168,3379)
r(84,52594,11,169,3380)
r(89,18542,11,169,3381)
r(63,38128,11,169,3382)
r(17,58521,11,169,3383)
r(59,30181,11,169,3384)
r(16,8027,11,169,3385)
r(97,18539,11,169,3386)
r(70,56474,11,169,3387)
r(43,8058,11,169,3388)
r(7,8069,11,169,3389)
r(77,8056,11,169,3390)
w(86,22235,11,169,3391)
w(58,22236,11,169,3392)
w(12,22237,11,169,3393)
w(67,22238,11,169,3394)
w(92,22239,11,169,3395)
w(36,22240,11,169,3396)
w(71,22241,11,169,3397)
w(31,22242,11,169,3398)
w(7,22243,11,169,3399)
w(49,22244,11,170,3400)
w(82,22245,11,170,3401)
w(31,22246,11,170,3402)
w(34,22247,11,170,3403)
w(51,22248,11,170,3404)
w(5,22249,11,170,3405)
w(20,22250,11,170,3406)
w(48,22251,11,170,3407)
w(52,22252,11,170,3408)
w(77,22253,11,170,3409)
w(27,22254,11,170,3410)
w(42,22255,11,170,3411)
w(12,22256,11,170,3412)
w(81,22257,11,170,3413)
w(65,22258,11,170,3414)
w(96,22259,11,170,3415)
w(91,22260,11,170,3416)
w(19,22261,11,170,3417)
w(68,22262,11,170,3418)
w(20,22263,11,170,3419)
r(71,36055,11,171,3420)
r(92,8097,11,171,3421)
r(67,8015,11,171,3422)
r(34,42,11,171,3423)
r(24,18501,11,171,3424)
r(77,33,11,171,3425)
r(72,47,11,171,3426)
r(20,8129,11,171,3427)
r(36,8090,11,171,3428)
w(58,22264,11,171,3429)
w(17,22265,11,171,3430)
w(49,22266,11,171,3431)
w(14,22267,11,171,3432)
w(38,22268,11,171,3433)
w(47,22269,11,171,3434)
w(14,22270,11,171,3435)
w(52,22271,11,171,3436)
w(1,22272,11,171,3437)
w(23,22273,11,171,3438)
w(77,22274,11,171,3439)
r(98,56461,11,172,3440)
r(83,26019,11,172,3441)
r(11,10209,11,172,3442)
r(50,28797,11,172,3443)
r(55,20016,11,172,3444)
r(67,58559,11,172,3445)
r(41,40,11,172,3446)
r(14,8144,11,172,3447)
w(7,22275,11,172,3448)
w(0,22276,11,172,3449)
w(91,22277,11,172,3450)
w(82,22278,11,172,3451)
w(56,22279,11,172,3452)
w(85,22280,11,172,3453)
w(84,22281,11,172,3454)
w(85,22282,11,172,3455)
w(31,22283,11,172,3456)
w(35,22284,11,172,3457)
w(68,22285,11,172,3458)
w(95,22286,11,172,3459)
r(68,8031,11,173,3460)
r(89,49,11,173,3461)
r(89,49,11,173,3462)
r(86,8056,11,173,3463)
r(58,52562,11,173,3464)
r(92,38212,11,173,3465)
r(74,8059,11,173,3466)
r(41,38202,11,173,3467)
r(42,74,11,173,3468)
r(76,58515,11,173,3469)
r(89,49,11,173,3470)
r(22,20039,11,173,3471)
r(53,38210,11,173,3472)
r(42,74,11,173,3473)
r(21,28818,11,173,3474)
r(5,58574,11,173,3475)
r(74,8059,11,173,3476)
r(16,57,11,173,3477)
r(60,26053,11,173,3478)
r(23,38208,11,173,3479)
w(38,22287,11,174,3480)
w(1,22288,11,174,3481)
w(17,22289,11,174,3482)
w(85,22290,11,174,3483)
w(60,22291,11,174,3484)
w(25,22292,11,174,3485)
w(24,22293,11,174,3486)
w(27,22294,11,174,3487)
w(18,22295,11,174,3488)
w(90,22296,11,174,3489)
w(85,22297,11,174,3490)
w(83,22298,11,174,3491)
w(97,22299,11,174,3492)
w(80,22300,11,174,3493)
w(15,22301,11,174,3494)
w(94,22302,11,174,3495)
w(88,22303,11,174,3496)
w(53,22304,11,174,3497)
w(20,22305,11,174,3498)
w(6,22306,11,174,3499)
r(16,57,11,175,3500)
r(52,137,11,175,3501)
r(70,16678,11,175,3502)
r(31,75,11,175,3503)
r(43,26051,11,175,3504)
r(27,22294,11,175,3505)
r(43,26051,11,175,3506)
r(7,30030,11,175,3507)
r(14,8144,11,175,3508)
r(71,26046,11,175,3509)
r(27,22294,11,175,3510)
w(36,22307,11,175,3511)
w(57,22308,11,175,3512)
w(4,22309,11,175,3513)
w(7,22310,11,175,3514)
w(1,22311,11,175,3515)
w(0,22312,11,175,3516)
w(66,22313,11,175,3517)
w(15,22314,11,175,3518)
w(24,22315,11,175,3519)
r(47,12420,11,176,3520)
r(84,68,11,176,3521)
r(86,8056,11,176,3522)
r(98,12425,11,176,3523)
r(2,38219,11,176,3524)
r(2,38219,11,176,3525)
r(86,8056,11,176,3526)
r(17,12423,11,176,3527)
r(51,12415,11,176,3528)
r(51,12415,11,176,3529)
r(50,111,11,176,3530)
r(67,16687,11,176,3531)
r(10,38231,11,176,3532)
r(88,22303,11,176,3533)
r(49,8070,11,176,3534)
r(20,22305,11,176,3535)
r(53,22304,11,176,3536)
r(58,52562,11,176,3537)
r(33,12421,11,176,3538)
r(39,8023,11,176,3539)
w(25,22316,11,177,3540)
w(78,22317,11,177,3541)
w(32,22318,11,177,3542)
w(61,22319,11,177,3543)
w(46,22320,11,177,3544)
w(29,22321,11,177,3545)
w(61,22322,11,177,3546)
w(14,22323,11,177,3547)
w(18,22324,11,177,3548)
w(56,22325,11,177,3549)
w(35,22326,11,177,3550)
w(75,22327,11,177,3551)
w(29,22328,11,177,3552)
w(83,22329,11,177,3553)
w(69,22330,11,177,3554)
w(64,22331,11,177,3555)
w(44,22332,11,177,3556)
w(88,22333,11,177,3557)
w(19,22334,11,177,3558)
w(64,22335,11,177,3559)
w(47,22001,11,178,3560)
w(25,22002,11,178,3561)
w(4,22003,11,178,3562)
w(16,22004,11,178,3563)
w(35,22005,11,178,3564)
w(62,22006,11,178,3565)
w(68,22007,11,178,3566)
w(75,22008,11,178,3567)
w(72,22009,11,178,3568)
w(35,22010,11,178,3569)
w(85,22011,11,178,3570)
w(6,22012,11,178,3571)
w(93,22013,11,178,3572)
w(28,22014,11,178,3573)
w(75,22015,11,178,3574)
w(1,22016,11,178,3575)
w(98,22017,11,178,3576)
w(25,22018,11,178,3577)
w(9,22019,11,178,3578)
w(74,22020,11,178,3579)
r(6,259,11,179,3580)
r(46,16710,11,179,3581)
r(23,281,11,179,3582)
r(43,280,11,179,3583)
r(87,266,11,179,3584)
r(8,20061,11,179,3585)
r(9,269,11,179,3586)
r(3,38220,11,179,3587)
r(96,20045,11,179,3588)
w(85,22021,11,179,3589)
w(41,22022,11,179,3590)
w(36,22023,11,179,3591)
w(59,22024,11,179,3592)
w(49,22025,11,179,3593)
w(98,22026,11,179,3594)
w(73,22027,11,179,3595)
w(11,22028,11,179,3596)
w(52,22029,11,179,3597)
w(2,22030,11,179,3598)
w(71,22031,11,179,3599)
r(97,18617,11,180,3600)
r(25,52679,11,180,3601)
r(28,56533,11,180,3602)
r(49,16723,11,180,3603)
r(75,20043,11,180,3604)
r(34,28828,11,180,3605)
r(92,38212,11,180,3606)
r(83,22298,11,180,3607)
r(1,22311,11,180,3608)
w(37,22032,11,180,3609)
w(92,22033,11,180,3610)
w(68,22034,11,180,3611)
w(33,22035,11,180,3612)
w(9,22036,11,180,3613)
w(31,22037,11,180,3614)
w(65,22038,11,180,3615)
w(32,22039,11,180,3616)
w(91,22040,11,180,3617)
w(68,22041,11,180,3618)
w(35,22042,11,180,3619)
w(94,22043,11,181,3620)
w(57,22044,11,181,3621)
w(88,22045,11,181,3622)
w(44,22046,11,181,3623)
w(20,22047,11,181,3624)
w(33,22048,11,181,3625)
w(80,22049,11,181,3626)
w(0,22050,11,181,3627)
w(3,22051,11,181,3628)
w(62,22052,11,181,3629)
w(77,22053,11,181,3630)
w(57,22054,11,181,3631)
w(36,22055,11,181,3632)
w(92,22056,11,181,3633)
w(63,22057,11,181,3634)
w(50,22058,11,181,3635)
w(31,22059,11,181,3636)
w(86,22060,11,181,3637)
w(28,22061,11,181,3638)
w(45,22062,11,181,3639)
w(57,22063,11,182,3640)
w(31,22064,11,182,3641)
w(70,22065,11,182,3642)
w(30,22066,11,182,3643)
w(77,22067,11,182,3644)
w(24,22068,11,182,3645)
w(2,22069,11,182,3646)
w(60,22070,11,182,3647)
w(11,22071,11,182,3648)
w(63,22072,11,182,3649)
w(99,22073,11,182,3650)
w(12,22074,11,182,3651)
w(2,22075,11,182,3652)
w(63,22076,11,182,3653)
w(41,22077,11,182,3654)
w(42,22078,11,182,3655)
w(0,22079,11,182,3656)
w(78,22080,11,182,3657)
w(36,22081,11,182,3658)
w(71,22082,11,182,3659)
r(43,280,11,183,3660)
r(63,22076,11,183,3661)
r(1,22311,11,183,3662)
r(64,22335,11,183,3663)
r(52,332,11,183,3664)
r(62,330,11,183,3665)
r(63,22076,11,183,3666)
r(57,22063,11,183,3667)
r(27,328,11,183,3668)
w(87,22083,11,183,3669)
w(14,22084,11,183,3670)
w(6,22085,11,183,3671)
w(81,22086,11,183,3672)
w(19,22087,11,183,3673)
w(37,22088,11,183,3674)
w(76,22089,11,183,3675)
w(15,22090,11,183,3676)
w(53,22091,11,183,3677)
w(79,22092,11,183,3678)
w(58,22093,11,183,3679)
r(30,22066,11,184,3680)
r(47,313,11,184,3681)
r(4,316,11,184,3682)
r(23,18615,11,184,3683)
r(34,28828,11,184,3684)
r(82,338,11,184,3685)
w(66,22094,11,184,3686)
w(73,22095,11,184,3687)
w(68,22096,11,184,3688)
w(15,22097,11,184,3689)
w(95,22098,11,184,3690)
w(26,22099,11,184,3691)
w(88,22100,11,184,3692)
w(44,22101,11,184,3693)
w(62,22102,11,184,3694)
w(70,22103,11,184,3695)
w(76,22104,11,184,3696)
w(45,22105,11,184,3697)
w(61,22106,11,184,3698)
w(41,22107,11,184,3699)
r(6,22085,11,185,3700)
r(0,22079,11,185,3701)
r(43,280,11,185,3702)
r(68,367,11,185,3703)
r(2,22075,11,185,3704)
r(65,289,11,185,3705)
r(78,22080,11,185,3706)
r(40,342,11,185,3707)
w(1,22108,11,185,3708)
w(77,22109,11,185,3709)
w(10,22110,11,185,3710)
w(79,22111,11,185,3711)
w(53,22112,11,185,3712)
w(58,22113,11,185,3713)
w(92,22114,11,185,3714)
w(13,22115,11,185,3715)
w(60,22116,11,185,3716)
w(66,22117,11,185,3717)
w(2,22118,11,185,3718)
w(74,22119,11,185,3719)
r(90,329,11,186,3720)
r(11,22071,11,186,3721)
r(72,340,11,186,3722)
r(68,367,11,186,3723)
r(52,332,11,186,3724)
r(7,20063,11,186,3725)
r(10,22110,11,186,3726)
r(16,319,11,186,3727)
r(67,16711,11,186,3728)
r(12,22074,11,186,3729)
w(66,22120,11,186,3730)
w(36,22121,11,186,3731)
w(83,22122,11,186,3732)
w(82,22123,11,186,3733)
w(76,22124,11,186,3734)
w(60,22125,11,186,3735)
w(81,22126,11,186,3736)
w(90,22127,11,186,3737)
w(3,22128,11,186,3738)
w(1,22129,11,186,3739)
r(25,376,11,187,3740)
r(87,22083,11,187,3741)
r(57,22063,11,187,3742)
r(77,22109,11,187,3743)
r(17,244,11,187,3744)
r(19,22087,11,187,3745)
r(15,22097,11,187,3746)
r(69,293,11,187,3747)
r(58,22113,11,187,3748)
r(29,10047,11,187,3749)
r(47,313,11,187,3750)
w(52,22130,11,187,3751)
w(6,22131,11,187,3752)
w(96,22132,11,187,3753)
w(34,22133,11,187,3754)
w(20,22134,11,187,3755)
w(54,22135,11,187,3756)
w(91,22136,11,187,3757)
w(23,22137,11,187,3758)
w(12,22138,11,187,3759)
r(99,22073,11,188,3760)
r(90,22127,11,188,3761)
r(33,352,11,188,3762)
r(29,10047,11,188,3763)
r(2,381,11,188,3764)
r(4,382,11,188,3765)
r(95,22098,11,188,3766)
r(47,313,11,188,3767)
r(95,22098,11,188,3768)
r(92,22114,11,188,3769)
r(18,358,11,188,3770)
w(22,22139,11,188,3771)
w(65,22140,11,188,3772)
w(91,22141,11,188,3773)
w(3,22142,11,188,3774)
w(67,22143,11,188,3775)
w(66,22144,11,188,3776)
w(4,22145,11,188,3777)
w(28,22146,11,188,3778)
w(62,22147,11,188,3779)
r(62,22147,11,189,3780)
r(55,390,11,189,3781)
r(60,22125,11,189,3782)
r(4,22145,11,189,3783)
r(18,358,11,189,3784)
r(15,411,11,189,3785)
r(85,250,11,189,3786)
r(92,22114,11,189,3787)
r(61,22106,11,189,3788)
r(24,22068,11,189,3789)
r(14,375,11,189,3790)
w(38,22148,11,189,3791)
w(22,22149,11,189,3792)
w(57,22150,11,189,3793)
w(71,22151,11,189,3794)
w(89,22152,11,189,3795)
w(3,22153,11,189,3796)
w(38,22154,11,189,3797)
w(80,22155,11,189,3798)
w(83,22156,11,189,3799)
w(1,22157,11,190,3800)
w(95,22158,11,190,3801)
w(65,22159,11,190,3802)
w(46,22160,11,190,3803)
w(72,22161,11,190,3804)
w(68,22162,11,190,3805)
w(1,22163,11,190,3806)
w(14,22164,11,190,3807)
w(19,22165,11,190,3808)
w(18,22166,11,190,3809)
w(50,22167,11,190,3810)
w(59,22168,11,190,3811)
w(38,22169,11,190,3812)
w(19,22170,11,190,3813)
w(95,22171,11,190,3814)
w(85,22172,11,190,3815)
w(67,22173,11,190,3816)
w(78,22174,11,190,3817)
w(21,22175,11,190,3818)
w(97,22176,11,190,3819)
r(77,421,11,191,3820)
r(78,22174,11,191,3821)
r(48,271,11,191,3822)
r(5,422,11,191,3823)
r(69,388,11,191,3824)
r(59,22168,11,191,3825)
r(88,401,11,191,3826)
r(26,410,11,191,3827)
r(44,368,11,191,3828)
r(40,342,11,191,3829)
w(1,22177,11,191,3830)
w(49,22178,11,191,3831)
w(81,22179,11,191,3832)
w(10,22180,11,191,3833)
w(18,22181,11,191,3834)
w(17,22182,11,191,3835)
w(44,22183,11,191,3836)
w(11,22184,11,191,3837)
w(49,22185,11,191,3838)
w(77,22186,11,191,3839)
w(92,22187,11,192,3840)
w(80,22188,11,192,3841)
w(20,22189,11,192,3842)
w(12,22190,11,192,3843)
w(26,22191,11,192,3844)
w(27,22192,11,192,3845)
w(1,22193,11,192,3846)
w(46,22194,11,192,3847)
w(70,22195,11,192,3848)
w(36,22196,11,192,3849)
w(53,22197,11,192,3850)
w(44,22198,11,192,3851)
w(82,22199,11,192,3852)
w(32,22200,11,192,3853)
w(35,22201,11,192,3854)
w(26,22202,11,192,3855)
w(32,22203,11,192,3856)
w(42,22204,11,192,3857)
w(18,22205,11,192,3858)
w(53,22206,11,192,3859)
r(24,22068,11,193,3860)
r(81,22179,11,193,3861)
r(43,379,11,193,3862)
r(0,383,11,193,3863)
r(55,390,11,193,3864)
r(88,401,11,193,3865)
r(8,350,11,193,3866)
r(32,22203,11,193,3867)
r(54,22135,11,193,3868)
r(59,22168,11,193,3869)
r(75,20043,11,193,3870)
r(10,22180,11,193,3871)
r(71,22151,11,193,3872)
r(58,407,11,193,3873)
r(49,22185,11,193,3874)
r(31,22064,11,193,3875)
r(80,22188,11,193,3876)
r(53,22206,11,193,3877)
r(68,22162,11,193,3878)
r(85,22172,11,193,3879)
r(82,22199,11,194,3880)
r(37,10098,11,194,3881)
r(30,22066,11,194,3882)
r(30,22066,11,194,3883)
r(5,422,11,194,3884)
r(13,22115,11,194,3885)
r(20,22189,11,194,3886)
r(13,22115,11,194,3887)
r(95,22171,11,194,3888)
w(51,22207,11,194,3889)
w(20,22208,11,194,3890)
w(78,22209,11,194,3891)
w(14,22210,11,194,3892)
w(11,22211,11,194,3893)
w(53,22212,11,194,3894)
w(31,22213,11,194,3895)
w(34,22214,11,194,3896)
w(97,22215,11,194,3897)
w(42,22216,11,194,3898)
w(45,22217,11,194,3899)
r(60,22125,11,195,3900)
r(15,30125,11,195,3901)
r(55,390,11,195,3902)
r(17,20005,11,195,3903)
r(78,432,11,195,3904)
r(64,416,11,195,3905)
r(40,440,11,195,3906)
r(83,436,11,195,3907)
r(59,22168,11,195,3908)
r(7,417,11,195,3909)
r(45,50058,11,195,3910)
r(56,441,11,195,3911)
r(93,431,11,195,3912)
r(42,30122,11,195,3913)
r(68,22162,11,195,3914)
r(10,22180,11,195,3915)
r(71,22151,11,195,3916)
r(90,22127,11,195,3917)
r(52,22130,11,195,3918)
r(75,20006,11,195,3919)
r(5,20002,11,196,3920)
r(87,20007,11,196,3921)
r(57,22150,11,196,3922)
r(52,22130,11,196,3923)
r(74,409,11,196,3924)
r(79,418,11,196,3925)
r(13,22115,11,196,3926)
r(52,22130,11,196,3927)
r(81,22179,11,196,3928)
r(62,453,11,196,3929)
w(80,22218,11,196,3930)
w(5,22219,11,196,3931)
w(4,22220,11,196,3932)
w(5,22221,11,196,3933)
w(27,22222,11,196,3934)
w(9,22223,11,196,3935)
w(93,22224,11,196,3936)
w(39,22225,11,196,3937)
w(23,22226,11,196,3938)
w(78,22227,11,196,3939)
r(67,56603,11,197,3940)
r(11,450,11,197,3941)
r(63,428,11,197,3942)
r(48,50059,11,197,3943)
r(73,56600,11,197,3944)
r(15,30125,11,197,3945)
r(7,417,11,197,3946)
r(72,20001,11,197,3947)
r(97,22176,11,197,3948)
r(25,435,11,197,3949)
r(50,22167,11,197,3950)
r(50,22167,11,197,3951)
r(73,56600,11,197,3952)
r(57,22150,11,197,3953)
w(20,22228,11,197,3954)
w(28,22229,11,197,3955)
w(51,22230,11,197,3956)
w(8,22231,11,197,3957)
w(23,22232,11,197,3958)
w(2,22233,11,197,3959)
w(49,22234,11,198,3960)
w(89,22235,11,198,3961)
w(93,22236,11,198,3962)
w(50,22237,11,198,3963)
w(88,22238,11,198,3964)
w(37,22239,11,198,3965)
w(0,22240,11,198,3966)
w(98,22241,11,198,3967)
w(61,22242,11,198,3968)
w(46,22243,11,198,3969)
w(7,22244,11,198,3970)
w(55,22245,11,198,3971)
w(39,22246,11,198,3972)
w(0,22247,11,198,3973)
w(76,22248,11,198,3974)
w(71,22249,11,198,3975)
w(89,22250,11,198,3976)
w(4,22251,11,198,3977)
w(82,22252,11,198,3978)
w(8,22253,11,198,3979)
r(39,22246,11,199,3980)
r(2,22233,11,199,3981)
r(34,50075,11,199,3982)
r(89,22250,11,199,3983)
r(54,1,11,199,3984)
r(1,22193,11,199,3985)
r(21,22175,11,199,3986)
r(85,20017,11,199,3987)
r(78,20009,11,199,3988)
r(11,450,11,199,3989)
r(86,397,11,199,3990)
w(44,22254,11,199,3991)
w(47,22255,11,199,3992)
w(53,22256,11,199,3993)
w(80,22257,11,199,3994)
w(21,22258,11,199,3995)
w(79,22259,11,199,3996)
w(75,22260,11,199,3997)
w(56,22261,11,199,3998)
w(96,22262,11,199,3999)
r(60,50067,11,200,4000)
r(40,27,11,200,4001)
r(55,22245,11,200,4002)
r(27,48087,11,200,4003)
r(19,448,11,200,4004)
r(93,22236,11,200,4005)
r(76,22248,11,200,4006)
w(29,22263,11,200,4007)
w(53,22264,11,200,4008)
w(6,22265,11,200,4009)
w(22,22266,11,200,4010)
w(40,22267,11,200,4011)
w(36,22268,11,200,4012)
w(68,22269,11,200,4013)
w(86,22270,11,200,4014)
w(17,22271,11,200,4015)
w(61,22272,11,200,4016)
w(65,22273,11,200,4017)
w(91,22274,11,200,4018)
w(60,22275,11,200,4019)
w(61,22001,11,201,4020)
w(16,22002,11,201,4021)
w(4,22003,11,201,4022)
w(41,22004,11,201,4023)
w(18,22005,11,201,4024)
w(64,22006,11,201,4025)
w(69,22007,11,201,4026)
w(17,22008,11,201,4027)
w(19,22009,11,201,4028)
w(60,22010,11,201,4029)
w(1,22011,11,201,4030)
w(71,22012,11,201,4031)
w(92,22013,11,201,4032)
w(40,22014,11,201,4033)
w(99,22015,11,201,4034)
w(7,22016,11,201,4035)
w(59,22017,11,201,4036)
w(88,22018,11,201,4037)
w(11,22019,11,201,4038)
w(2,22020,11,201,4039)
w(64,22021,11,202,4040)
w(29,22022,11,202,4041)
w(10,22023,11,202,4042)
w(38,22024,11,202,4043)
w(85,22025,11,202,4044)
w(34,22026,11,202,4045)
w(64,22027,11,202,4046)
w(31,22028,11,202,4047)
w(60,22029,11,202,4048)
w(39,22030,11,202,4049)
w(99,22031,11,202,4050)
w(45,22032,11,202,4051)
w(25,22033,11,202,4052)
w(44,22034,11,202,4053)
w(10,22035,11,202,4054)
w(72,22036,11,202,4055)
w(17,22037,11,202,4056)
w(92,22038,11,202,4057)
w(69,22039,11,202,4058)
w(40,22040,11,202,4059)
r(15,16899,11,203,4060)
r(48,18043,11,203,4061)
r(64,16881,11,203,4062)
r(73,48111,11,203,4063)
r(68,16871,11,203,4064)
r(55,38382,11,203,4065)
r(42,38367,11,203,4066)
r(96,52794,11,203,4067)
r(14,16893,11,203,4068)
r(77,30186,11,203,4069)
r(84,16878,11,203,4070)
r(6,58686,11,203,4071)
r(59,16885,11,203,4072)
r(3,38378,11,203,4073)
r(10,56672,11,203,4074)
r(51,18042,11,203,4075)
r(2,36237,11,203,4076)
r(18,38372,11,203,4077)
r(84,16878,11,203,4078)
r(18,38372,11,203,4079)
r(45,48118,11,204,4080)
r(79,38381,11,204,4081)
r(59,16885,11,204,4082)
r(4,38383,11,204,4083)
r(74,56664,11,204,4084)
r(71,38369,11,204,4085)
r(10,56672,11,204,4086)
r(90,18034,11,204,4087)
r(71,38369,11,204,4088)
r(17,18040,11,204,4089)
w(8,22041,11,204,4090)
w(9,22042,11,204,4091)
w(12,22043,11,204,4092)
w(58,22044,11,204,4093)
w(61,22045,11,204,4094)
w(88,22046,11,204,4095)
w(35,22047,11,204,4096)
w(15,22048,11,204,4097)
w(63,22049,11,204,4098)
w(22,22050,11,204,4099)
r(45,20036,11,205,4100)
r(98,30035,11,205,4101)
r(50,38388,11,205,4102)
r(94,30004,11,205,4103)
r(13,10089,11,205,4104)
r(91,16006,11,205,4105)
r(0,36222,11,205,4106)
r(75,18075,11,205,4107)
r(13,10089,11,205,4108)
r(68,16008,11,205,4109)
r(73,30030,11,205,4110)
r(83,30019,11,205,4111)
w(26,22051,11,205,4112)
w(62,22052,11,205,4113)
w(69,22053,11,205,4114)
w(77,22054,11,205,4115)
w(71,22055,11,205,4116)
w(25,22056,11,205,4117)
w(58,22057,11,205,4118)
w(35,22058,11,205,4119)
r(27,30028,11,206,4120)
r(33,30040,11,206,4121)
r(70,18077,11,206,4122)
r(20,36260,11,206,4123)
r(68,16008,11,206,4124)
r(73,58761,11,206,4125)
r(15,10103,11,206,4126)
r(96,52794,11,206,4127)
r(14,20033,11,206,4128)
r(6,10132,11,206,4129)
w(7,22059,11,206,4130)
w(36,22060,11,206,4131)
w(89,22061,11,206,4132)
w(48,22062,11,206,4133)
w(31,22063,11,206,4134)
w(23,22064,11,206,4135)
w(87,22065,11,206,4136)
w(93,22066,11,206,4137)
w(31,22067,11,206,4138)
w(14,22068,11,206,4139)
r(97,18104,11,207,4140)
r(15,56707,11,207,4141)
r(51,56728,11,207,4142)
r(34,20025,11,207,4143)
r(55,18111,11,207,4144)
r(82,52843,11,207,4145)
r(68,58771,11,207,4146)
r(53,18102,11,207,4147)
r(58,37,11,207,4148)
r(39,20012,11,207,4149)
w(83,22001,11,207,4150)
w(93,22002,11,207,4151)
w(73,22003,11,207,4152)
w(52,22004,11,207,4153)
w(70,22005,11,207,4154)
w(22,22006,11,207,4155)
w(54,22007,11,207,4156)
w(89,22008,11,207,4157)
w(51,22009,11,207,4158)
w(58,22010,11,207,4159)
r(33,38441,11,208,4160)
r(27,52015,11,208,4161)
r(55,42055,11,208,4162)
r(31,58779,11,208,4163)
r(77,36312,11,208,4164)
r(0,16022,11,208,4165)
r(36,58781,11,208,4166)
r(75,34,11,208,4167)
r(47,12620,11,208,4168)
r(55,42055,11,208,4169)
r(66,18071,11,208,4170)
r(97,38445,11,208,4171)
r(29,18117,11,208,4172)
r(30,56725,11,208,4173)
r(28,56730,11,208,4174)
r(68,58771,11,208,4175)
r(90,52012,11,208,4176)
r(28,56730,11,208,4177)
r(64,18106,11,208,4178)
r(69,30038,11,208,4179)
w(27,22011,11,209,4180)
w(84,22012,11,209,4181)
w(78,22013,11,209,4182)
w(74,22014,11,209,4183)
w(3,22015,11,209,4184)
w(14,22016,11,209,4185)
w(74,22017,11,209,4186)
w(3,22018,11,209,4187)
w(34,22019,11,209,4188)
w(49,22020,11,209,4189)
w(51,22021,11,209,4190)
w(58,22022,11,209,4191)
w(89,22023,11,209,4192)
w(14,22024,11,209,4193)
w(22,22025,11,209,4194)
w(51,22026,11,209,4195)
w(64,22027,11,209,4196)
w(60,22028,11,209,4197)
w(87,22029,11,209,4198)
w(93,22030,11,209,4199)
r(7,10027,11,210,4200)
r(54,10018,11,210,4201)
r(42,10049,11,210,4202)
r(26,38443,11,210,4203)
r(19,10051,11,210,4204)
r(42,10049,11,210,4205)
w(89,22031,11,210,4206)
w(61,22032,11,210,4207)
w(18,22033,11,210,4208)
w(43,22034,11,210,4209)
w(54,22035,11,210,4210)
w(14,22036,11,210,4211)
w(93,22037,11,210,4212)
w(81,22038,11,210,4213)
w(1,22039,11,210,4214)
w(2,22040,11,210,4215)
w(64,22041,11,210,4216)
w(48,22042,11,210,4217)
w(70,22043,11,210,4218)
w(12,22044,11,210,4219)
