r(63,8085,12,0,0)
r(64,6101,12,0,1)
r(42,2112,12,0,2)
r(96,2097,12,0,3)
r(40,8086,12,0,4)
r(90,2078,12,0,5)
r(67,4111,12,0,6)
w(97,24001,12,0,7)
w(37,24002,12,0,8)
w(84,24003,12,0,9)
w(38,24004,12,0,10)
w(2,24005,12,0,11)
w(88,24006,12,0,12)
w(22,24007,12,0,13)
w(47,24008,12,0,14)
w(55,24009,12,0,15)
w(82,24010,12,0,16)
w(3,24011,12,0,17)
w(16,24012,12,0,18)
w(67,24013,12,0,19)
w(66,24014,12,1,20)
w(96,24015,12,1,21)
w(4,24016,12,1,22)
w(7,24017,12,1,23)
w(42,24018,12,1,24)
w(71,24019,12,1,25)
w(74,24020,12,1,26)
w(78,24021,12,1,27)
w(4,24022,12,1,28)
w(5,24023,12,1,29)
w(31,24024,12,1,30)
w(61,24025,12,1,31)
w(44,24026,12,1,32)
w(98,24027,12,1,33)
w(7,24028,12,1,34)
w(40,24029,12,1,35)
w(76,24030,12,1,36)
w(7,24031,12,1,37)
w(84,24032,12,1,38)
w(42,24033,12,1,39)
r(7,20009,12,2,40)
r(20,4131,12,2,41)
r(79,4052,12,2,42)
r(61,24025,12,2,43)
r(92,26010,12,2,44)
r(19,2102,12,2,45)
r(80,6103,12,2,46)
r(33,10081,12,2,47)
r(76,24030,12,2,48)
r(54,6102,12,2,49)
r(61,24025,12,2,50)
r(58,34008,12,2,51)
r(96,24015,12,2,52)
r(8,20007,12,2,53)
r(50,26012,12,2,54)
r(38,24004,12,2,55)
r(55,24009,12,2,56)
r(25,4105,12,2,57)
r(71,8094,12,2,58)
r(91,34007,12,2,59)
r(11,20005,12,3,60)
r(58,34008,12,3,61)
r(10,4113,12,3,62)
r(50,26012,12,3,63)
r(82,24010,12,3,64)
r(57,4083,12,3,65)
r(85,4118,12,3,66)
r(61,24025,12,3,67)
r(68,4121,12,3,68)
r(25,4105,12,3,69)
r(27,20008,12,3,70)
r(98,24027,12,3,71)
r(53,34013,12,3,72)
r(3,24011,12,3,73)
r(90,34006,12,3,74)
r(60,4106,12,3,75)
r(13,34009,12,3,76)
r(75,4109,12,3,77)
r(60,4106,12,3,78)
r(80,6103,12,3,79)
w(73,24034,12,4,80)
w(90,24035,12,4,81)
w(36,24036,12,4,82)
w(52,24037,12,4,83)
w(36,24038,12,4,84)
w(19,24039,12,4,85)
w(86,24040,12,4,86)
w(39,24041,12,4,87)
w(12,24042,12,4,88)
w(53,24043,12,4,89)
w(45,24044,12,4,90)
w(34,24045,12,4,91)
w(86,24046,12,4,92)
w(14,24047,12,4,93)
w(19,24048,12,4,94)
w(36,24049,12,4,95)
w(26,24050,12,4,96)
w(18,24051,12,4,97)
w(4,24052,12,4,98)
w(35,24053,12,4,99)
r(30,34046,12,5,100)
r(99,2101,12,5,101)
r(51,6064,12,5,102)
r(34,34048,12,5,103)
r(46,2100,12,5,104)
r(9,20034,12,5,105)
r(48,34058,12,5,106)
r(8,34026,12,5,107)
r(4,24052,12,5,108)
r(54,6102,12,5,109)
r(18,24051,12,5,110)
r(58,6128,12,5,111)
r(36,24049,12,5,112)
r(11,20035,12,5,113)
r(53,20032,12,5,114)
r(18,24051,12,5,115)
r(14,8070,12,5,116)
r(71,20025,12,5,117)
r(10,4113,12,5,118)
r(64,20036,12,5,119)
r(42,20050,12,6,120)
r(88,20019,12,6,121)
r(88,20019,12,6,122)
r(8,34026,12,6,123)
r(2,20038,12,6,124)
r(45,34055,12,6,125)
r(70,4155,12,6,126)
r(56,10123,12,6,127)
r(94,34022,12,6,128)
w(30,24054,12,6,129)
w(35,24055,12,6,130)
w(54,24056,12,6,131)
w(44,24057,12,6,132)
w(28,24058,12,6,133)
w(50,24059,12,6,134)
w(7,24060,12,6,135)
w(50,24061,12,6,136)
w(44,24062,12,6,137)
w(3,24063,12,6,138)
w(16,24064,12,6,139)
r(30,24054,12,7,140)
r(93,34019,12,7,141)
r(94,34022,12,7,142)
r(11,20035,12,7,143)
r(11,20035,12,7,144)
r(59,8150,12,7,145)
r(54,24056,12,7,146)
r(40,34060,12,7,147)
r(60,4163,12,7,148)
r(11,20035,12,7,149)
r(84,6138,12,7,150)
r(55,22039,12,7,151)
w(50,24065,12,7,152)
w(80,24066,12,7,153)
w(68,24067,12,7,154)
w(33,24068,12,7,155)
w(15,24069,12,7,156)
w(68,24070,12,7,157)
w(31,24071,12,7,158)
w(20,24072,12,7,159)
w(80,24073,12,8,160)
w(94,24074,12,8,161)
w(44,24075,12,8,162)
w(84,24076,12,8,163)
w(75,24077,12,8,164)
w(33,24078,12,8,165)
w(26,24079,12,8,166)
w(26,24080,12,8,167)
w(18,24081,12,8,168)
w(16,24082,12,8,169)
w(56,24083,12,8,170)
w(7,24084,12,8,171)
w(22,24085,12,8,172)
w(71,24086,12,8,173)
w(89,24087,12,8,174)
w(63,24088,12,8,175)
w(50,24089,12,8,176)
w(98,24090,12,8,177)
w(40,24091,12,8,178)
w(49,24092,12,8,179)
w(60,24093,12,9,180)
w(50,24094,12,9,181)
w(49,24095,12,9,182)
w(92,24096,12,9,183)
w(77,24097,12,9,184)
w(32,24098,12,9,185)
w(71,24099,12,9,186)
w(93,24100,12,9,187)
w(79,24101,12,9,188)
w(66,24102,12,9,189)
w(57,24103,12,9,190)
w(10,24104,12,9,191)
w(86,24105,12,9,192)
w(14,24106,12,9,193)
w(29,24107,12,9,194)
w(42,24108,12,9,195)
w(2,24109,12,9,196)
w(5,24110,12,9,197)
w(16,24111,12,9,198)
w(60,24112,12,9,199)
r(3,34139,12,10,200)
r(15,34144,12,10,201)
r(43,20081,12,10,202)
r(56,10165,12,10,203)
r(37,2212,12,10,204)
r(56,10165,12,10,205)
r(49,6217,12,10,206)
r(74,22088,12,10,207)
r(55,22089,12,10,208)
r(63,2211,12,10,209)
r(75,2207,12,10,210)
r(99,22112,12,10,211)
w(27,24113,12,10,212)
w(12,24114,12,10,213)
w(20,24115,12,10,214)
w(15,24116,12,10,215)
w(33,24117,12,10,216)
w(38,24118,12,10,217)
w(67,24119,12,10,218)
w(82,24120,12,10,219)
r(5,10193,12,11,220)
r(18,20110,12,11,221)
r(78,6213,12,11,222)
r(4,20105,12,11,223)
r(80,22102,12,11,224)
r(73,26139,12,11,225)
r(4,20105,12,11,226)
r(46,10162,12,11,227)
w(30,24121,12,11,228)
w(37,24122,12,11,229)
w(18,24123,12,11,230)
w(62,24124,12,11,231)
w(73,24125,12,11,232)
w(92,24126,12,11,233)
w(24,24127,12,11,234)
w(26,24128,12,11,235)
w(65,24129,12,11,236)
w(26,24130,12,11,237)
w(72,24131,12,11,238)
w(79,24132,12,11,239)
r(80,54091,12,12,240)
r(81,26160,12,12,241)
r(28,4256,12,12,242)
r(82,26161,12,12,243)
r(71,22127,12,12,244)
r(85,54094,12,12,245)
r(46,10162,12,12,246)
r(35,54096,12,12,247)
r(50,20127,12,12,248)
r(55,2220,12,12,249)
r(20,22132,12,12,250)
r(56,10206,12,12,251)
r(74,26142,12,12,252)
w(21,24133,12,12,253)
w(83,24134,12,12,254)
w(65,24135,12,12,255)
w(16,24136,12,12,256)
w(76,24137,12,12,257)
w(30,24138,12,12,258)
w(49,24139,12,12,259)
r(41,54092,12,13,260)
r(8,4251,12,13,261)
r(85,54094,12,13,262)
r(57,54098,12,13,263)
r(35,54096,12,13,264)
r(86,10205,12,13,265)
r(31,54086,12,13,266)
r(79,8248,12,13,267)
r(25,22126,12,13,268)
r(91,2229,12,13,269)
r(53,54104,12,13,270)
r(46,34193,12,13,271)
w(11,24140,12,13,272)
w(31,24141,12,13,273)
w(54,24142,12,13,274)
w(95,24143,12,13,275)
w(25,24144,12,13,276)
w(2,24145,12,13,277)
w(66,24146,12,13,278)
w(89,24147,12,13,279)
w(36,24148,12,14,280)
w(45,24149,12,14,281)
w(25,24150,12,14,282)
w(42,24151,12,14,283)
w(39,24152,12,14,284)
w(57,24153,12,14,285)
w(64,24154,12,14,286)
w(27,24155,12,14,287)
w(97,24156,12,14,288)
w(28,24157,12,14,289)
w(15,24158,12,14,290)
w(53,24159,12,14,291)
w(5,24160,12,14,292)
w(23,24161,12,14,293)
w(45,24162,12,14,294)
w(93,24163,12,14,295)
w(6,24164,12,14,296)
w(21,24165,12,14,297)
w(61,24166,12,14,298)
w(15,24167,12,14,299)
r(12,26176,12,15,300)
r(79,8248,12,15,301)
r(29,34202,12,15,302)
r(68,2234,12,15,303)
r(87,22134,12,15,304)
r(53,24159,12,15,305)
r(8,4251,12,15,306)
r(36,24148,12,15,307)
w(40,24168,12,15,308)
w(47,24169,12,15,309)
w(12,24170,12,15,310)
w(62,24171,12,15,311)
w(37,24172,12,15,312)
w(23,24173,12,15,313)
w(16,24174,12,15,314)
w(61,24175,12,15,315)
w(84,24176,12,15,316)
w(89,24177,12,15,317)
w(27,24178,12,15,318)
w(67,24179,12,15,319)
r(43,2248,12,16,320)
r(33,26164,12,16,321)
r(23,24173,12,16,322)
r(40,24168,12,16,323)
r(91,10216,12,16,324)
r(49,54111,12,16,325)
r(22,34206,12,16,326)
r(19,2249,12,16,327)
r(23,24173,12,16,328)
r(54,10214,12,16,329)
r(21,2251,12,16,330)
r(97,22155,12,16,331)
r(22,34206,12,16,332)
r(50,34205,12,16,333)
r(42,2250,12,16,334)
r(9,2200,12,16,335)
r(55,8261,12,16,336)
r(29,34202,12,16,337)
r(37,24172,12,16,338)
r(22,34206,12,16,339)
w(0,24180,12,17,340)
w(37,24181,12,17,341)
w(66,24182,12,17,342)
w(20,24183,12,17,343)
w(77,24184,12,17,344)
w(36,24185,12,17,345)
w(77,24186,12,17,346)
w(79,24187,12,17,347)
w(66,24188,12,17,348)
w(34,24189,12,17,349)
w(69,24190,12,17,350)
w(64,24191,12,17,351)
w(45,24192,12,17,352)
w(26,24193,12,17,353)
w(66,24194,12,17,354)
w(26,24195,12,17,355)
w(67,24196,12,17,356)
w(72,24197,12,17,357)
w(40,24198,12,17,358)
w(31,24199,12,17,359)
r(70,26169,12,18,360)
r(52,4278,12,18,361)
r(87,22134,12,18,362)
r(52,4278,12,18,363)
r(43,2248,12,18,364)
r(26,24195,12,18,365)
r(30,2254,12,18,366)
r(90,54084,12,18,367)
r(2,34214,12,18,368)
r(2,34214,12,18,369)
r(90,54084,12,18,370)
w(36,24200,12,18,371)
w(33,24201,12,18,372)
w(31,24202,12,18,373)
w(88,24203,12,18,374)
w(63,24204,12,18,375)
w(17,24205,12,18,376)
w(25,24206,12,18,377)
w(70,24207,12,18,378)
w(97,24208,12,18,379)
r(73,4304,12,19,380)
r(40,24198,12,19,381)
r(72,8287,12,19,382)
r(64,54138,12,19,383)
r(52,20167,12,19,384)
r(23,26196,12,19,385)
r(68,4311,12,19,386)
r(94,20145,12,19,387)
r(89,34234,12,19,388)
w(6,24209,12,19,389)
w(40,24210,12,19,390)
w(60,24211,12,19,391)
w(96,24212,12,19,392)
w(89,24213,12,19,393)
w(60,24214,12,19,394)
w(65,24215,12,19,395)
w(99,24216,12,19,396)
w(1,24217,12,19,397)
w(15,24218,12,19,398)
w(80,24219,12,19,399)
r(10,6303,12,20,400)
r(34,24189,12,20,401)
r(99,24216,12,20,402)
r(11,8275,12,20,403)
r(80,24219,12,20,404)
r(2,4301,12,20,405)
r(53,8272,12,20,406)
r(78,6298,12,20,407)
r(32,34255,12,20,408)
r(30,22170,12,20,409)
r(18,8301,12,20,410)
r(14,10245,12,20,411)
r(57,48156,12,20,412)
r(57,48156,12,20,413)
r(23,22189,12,20,414)
w(39,24220,12,20,415)
w(61,24221,12,20,416)
w(32,24222,12,20,417)
w(88,24223,12,20,418)
w(86,24224,12,20,419)
r(72,26214,12,21,420)
r(45,22183,12,21,421)
r(93,48173,12,21,422)
r(7,6316,12,21,423)
r(91,4296,12,21,424)
r(7,6316,12,21,425)
r(12,26220,12,21,426)
r(75,22176,12,21,427)
r(29,22197,12,21,428)
w(54,24225,12,21,429)
w(25,24226,12,21,430)
w(32,24227,12,21,431)
w(35,24228,12,21,432)
w(98,24229,12,21,433)
w(57,24230,12,21,434)
w(23,24231,12,21,435)
w(36,24232,12,21,436)
w(38,24233,12,21,437)
w(6,24234,12,21,438)
w(85,24235,12,21,439)
r(31,34264,12,22,440)
r(56,6341,12,22,441)
r(67,8305,12,22,442)
r(78,22218,12,22,443)
r(16,22214,12,22,444)
r(90,6333,12,22,445)
r(79,22184,12,22,446)
r(68,4311,12,22,447)
w(20,24236,12,22,448)
w(82,24237,12,22,449)
w(34,24238,12,22,450)
w(28,24239,12,22,451)
w(15,24240,12,22,452)
w(65,24241,12,22,453)
w(5,24242,12,22,454)
w(33,24243,12,22,455)
w(5,24244,12,22,456)
w(32,24245,12,22,457)
w(61,24246,12,22,458)
w(88,24247,12,22,459)
r(3,8331,12,23,460)
r(86,8325,12,23,461)
r(50,20221,12,23,462)
r(11,48180,12,23,463)
r(31,34264,12,23,464)
r(62,8335,12,23,465)
r(34,24238,12,23,466)
r(81,8338,12,23,467)
r(24,2298,12,23,468)
r(35,20220,12,23,469)
r(22,2305,12,23,470)
w(94,24248,12,23,471)
w(37,24249,12,23,472)
w(1,24250,12,23,473)
w(57,24251,12,23,474)
w(88,24252,12,23,475)
w(97,24253,12,23,476)
w(55,24254,12,23,477)
w(99,24255,12,23,478)
w(30,24256,12,23,479)
r(21,54182,12,24,480)
r(69,48205,12,24,481)
r(82,24237,12,24,482)
r(0,56188,12,24,483)
r(31,34264,12,24,484)
r(17,54184,12,24,485)
r(44,6360,12,24,486)
r(98,8329,12,24,487)
w(25,24257,12,24,488)
w(54,24258,12,24,489)
w(28,24259,12,24,490)
w(54,24260,12,24,491)
w(94,24261,12,24,492)
w(70,24262,12,24,493)
w(15,24263,12,24,494)
w(92,24264,12,24,495)
w(4,24265,12,24,496)
w(33,24266,12,24,497)
w(40,24267,12,24,498)
w(93,24268,12,24,499)
r(15,24263,12,25,500)
r(82,24237,12,25,501)
r(6,54211,12,25,502)
r(18,2295,12,25,503)
r(74,6366,12,25,504)
r(4,24265,12,25,505)
r(98,8329,12,25,506)
r(10,26240,12,25,507)
r(26,48202,12,25,508)
r(35,20220,12,25,509)
r(90,48200,12,25,510)
r(86,8325,12,25,511)
r(89,34289,12,25,512)
r(87,34274,12,25,513)
r(23,54213,12,25,514)
r(75,48204,12,25,515)
r(53,8340,12,25,516)
r(25,24257,12,25,517)
r(11,48180,12,25,518)
r(56,48215,12,25,519)
r(0,54212,12,26,520)
r(68,48216,12,26,521)
r(22,48217,12,26,522)
r(14,10245,12,26,523)
r(62,54204,12,26,524)
r(97,24253,12,26,525)
r(13,8351,12,26,526)
r(84,22238,12,26,527)
r(82,24237,12,26,528)
r(88,24252,12,26,529)
r(37,24249,12,26,530)
w(3,24269,12,26,531)
w(93,24270,12,26,532)
w(94,24271,12,26,533)
w(54,24272,12,26,534)
w(30,24273,12,26,535)
w(1,24274,12,26,536)
w(99,24275,12,26,537)
w(30,24276,12,26,538)
w(10,24277,12,26,539)
r(75,48204,12,27,540)
r(89,6378,12,27,541)
r(89,6378,12,27,542)
r(67,10311,12,27,543)
r(94,24271,12,27,544)
r(22,48226,12,27,545)
r(67,10311,12,27,546)
r(26,48202,12,27,547)
r(88,8362,12,27,548)
r(54,24272,12,27,549)
r(74,48225,12,27,550)
r(84,22238,12,27,551)
r(59,2324,12,27,552)
r(21,54182,12,27,553)
r(67,10311,12,27,554)
r(62,34295,12,27,555)
r(73,6382,12,27,556)
r(93,24270,12,27,557)
r(44,6360,12,27,558)
r(86,8325,12,27,559)
r(4,24265,12,28,560)
r(12,34302,12,28,561)
r(12,34302,12,28,562)
r(9,6385,12,28,563)
r(93,24270,12,28,564)
r(40,8361,12,28,565)
r(69,34294,12,28,566)
r(1,24274,12,28,567)
r(63,8357,12,28,568)
w(19,24278,12,28,569)
w(51,24279,12,28,570)
w(56,24280,12,28,571)
w(48,24281,12,28,572)
w(86,24282,12,28,573)
w(82,24283,12,28,574)
w(88,24284,12,28,575)
w(70,24285,12,28,576)
w(49,24286,12,28,577)
w(46,24287,12,28,578)
w(9,24288,12,28,579)
r(48,26268,12,29,580)
r(57,26267,12,29,581)
r(82,48238,12,29,582)
r(34,36262,12,29,583)
r(49,10333,12,29,584)
r(13,34307,12,29,585)
r(23,54213,12,29,586)
r(66,26241,12,29,587)
r(47,54220,12,29,588)
r(37,20276,12,29,589)
r(38,20269,12,29,590)
w(77,24289,12,29,591)
w(43,24290,12,29,592)
w(24,24291,12,29,593)
w(38,24292,12,29,594)
w(34,24293,12,29,595)
w(9,24294,12,29,596)
w(19,24295,12,29,597)
w(27,24296,12,29,598)
w(2,24297,12,29,599)
r(69,22259,12,30,600)
r(33,54223,12,30,601)
r(45,20266,12,30,602)
r(52,10347,12,30,603)
r(40,26278,12,30,604)
r(91,34305,12,30,605)
r(45,20266,12,30,606)
r(17,34298,12,30,607)
r(31,2341,12,30,608)
r(83,20274,12,30,609)
r(39,54183,12,30,610)
w(68,24298,12,30,611)
w(52,24299,12,30,612)
w(36,24300,12,30,613)
w(86,24301,12,30,614)
w(26,24302,12,30,615)
w(25,24303,12,30,616)
w(3,24304,12,30,617)
w(20,24305,12,30,618)
w(65,24306,12,30,619)
r(56,8386,12,31,620)
r(6,26290,12,31,621)
r(54,26264,12,31,622)
r(99,48250,12,31,623)
r(44,22250,12,31,624)
r(98,8390,12,31,625)
r(60,48274,12,31,626)
r(3,24304,12,31,627)
w(67,24307,12,31,628)
w(53,24308,12,31,629)
w(29,24309,12,31,630)
w(93,24310,12,31,631)
w(17,24311,12,31,632)
w(23,24312,12,31,633)
w(70,24313,12,31,634)
w(61,24314,12,31,635)
w(4,24315,12,31,636)
w(24,24316,12,31,637)
w(52,24317,12,31,638)
w(66,24318,12,31,639)
r(65,26306,12,32,640)
r(24,24316,12,32,641)
r(9,8379,12,32,642)
r(51,54286,12,32,643)
r(78,10334,12,32,644)
r(49,54272,12,32,645)
r(29,26297,12,32,646)
r(98,8399,12,32,647)
r(50,54264,12,32,648)
r(82,20310,12,32,649)
r(68,20307,12,32,650)
r(59,20308,12,32,651)
r(7,6406,12,32,652)
w(7,24319,12,32,653)
w(32,24320,12,32,654)
w(55,24321,12,32,655)
w(57,24322,12,32,656)
w(57,24323,12,32,657)
w(68,24324,12,32,658)
w(36,24325,12,32,659)
r(67,48311,12,33,660)
r(52,8412,12,33,661)
r(30,26307,12,33,662)
r(45,2365,12,33,663)
r(23,24312,12,33,664)
r(89,2368,12,33,665)
r(30,26307,12,33,666)
r(24,24316,12,33,667)
r(41,54277,12,33,668)
r(42,54280,12,33,669)
r(24,24316,12,33,670)
w(66,24326,12,33,671)
w(88,24327,12,33,672)
w(95,24328,12,33,673)
w(67,24329,12,33,674)
w(83,24330,12,33,675)
w(12,24331,12,33,676)
w(30,24332,12,33,677)
w(16,24333,12,33,678)
w(14,24334,12,33,679)
r(96,8398,12,34,680)
r(82,4409,12,34,681)
r(91,22285,12,34,682)
r(62,54298,12,34,683)
r(39,26336,12,34,684)
r(20,4411,12,34,685)
r(0,10393,12,34,686)
r(82,4409,12,34,687)
r(9,20319,12,34,688)
r(87,20311,12,34,689)
r(84,54284,12,34,690)
r(0,10393,12,34,691)
r(12,4410,12,34,692)
r(91,22285,12,34,693)
r(94,34355,12,34,694)
r(72,10402,12,34,695)
r(19,34367,12,34,696)
r(68,54295,12,34,697)
r(47,34360,12,34,698)
r(58,8419,12,34,699)
r(20,4411,12,35,700)
r(82,4409,12,35,701)
r(3,6435,12,35,702)
r(32,4415,12,35,703)
r(72,10402,12,35,704)
r(72,10402,12,35,705)
r(9,20319,12,35,706)
r(51,8410,12,35,707)
r(30,24332,12,35,708)
r(10,2387,12,35,709)
r(51,8410,12,35,710)
r(43,48313,12,35,711)
r(55,24321,12,35,712)
r(42,34357,12,35,713)
r(58,8419,12,35,714)
r(63,26300,12,35,715)
r(58,8419,12,35,716)
r(73,2393,12,35,717)
r(6,20318,12,35,718)
r(25,6439,12,35,719)
r(10,2387,12,36,720)
r(86,54299,12,36,721)
r(16,24333,12,36,722)
r(51,8410,12,36,723)
r(11,48322,12,36,724)
r(68,54295,12,36,725)
r(14,24334,12,36,726)
r(83,8432,12,36,727)
r(39,26336,12,36,728)
r(49,4418,12,36,729)
r(96,8398,12,36,730)
r(9,20319,12,36,731)
r(98,10385,12,36,732)
r(14,24334,12,36,733)
r(30,24332,12,36,734)
r(4,54290,12,36,735)
r(50,34353,12,36,736)
r(35,26335,12,36,737)
r(80,8425,12,36,738)
r(0,10393,12,36,739)
r(78,4416,12,37,740)
r(99,8429,12,37,741)
r(1,34365,12,37,742)
r(8,8393,12,37,743)
r(10,2387,12,37,744)
r(36,24325,12,37,745)
r(18,34361,12,37,746)
r(36,24325,12,37,747)
r(25,6439,12,37,748)
r(19,34367,12,37,749)
r(79,6425,12,37,750)
r(51,8410,12,37,751)
r(9,20319,12,37,752)
r(56,22286,12,37,753)
r(84,54284,12,37,754)
r(14,24334,12,37,755)
r(87,20311,12,37,756)
r(33,2358,12,37,757)
r(33,2358,12,37,758)
r(99,8429,12,37,759)
r(31,8431,12,38,760)
r(37,10394,12,38,761)
r(97,8430,12,38,762)
r(25,6439,12,38,763)
r(57,24323,12,38,764)
r(57,24323,12,38,765)
r(58,8419,12,38,766)
r(11,48322,12,38,767)
r(25,6439,12,38,768)
r(88,34362,12,38,769)
r(43,48313,12,38,770)
w(0,24335,12,38,771)
w(8,24336,12,38,772)
w(64,24337,12,38,773)
w(60,24338,12,38,774)
w(64,24339,12,38,775)
w(18,24340,12,38,776)
w(15,24341,12,38,777)
w(9,24342,12,38,778)
w(82,24343,12,38,779)
r(37,6454,12,39,780)
r(36,24325,12,39,781)
r(78,8441,12,39,782)
r(67,48311,12,39,783)
r(14,2406,12,39,784)
r(59,4419,12,39,785)
r(94,34355,12,39,786)
w(70,24344,12,39,787)
w(52,24345,12,39,788)
w(39,24346,12,39,789)
w(79,24347,12,39,790)
w(51,24348,12,39,791)
w(93,24349,12,39,792)
w(40,24350,12,39,793)
w(89,24351,12,39,794)
w(17,24352,12,39,795)
w(40,24353,12,39,796)
w(12,24354,12,39,797)
w(71,24355,12,39,798)
w(83,24356,12,39,799)
w(73,24357,12,40,800)
w(75,24358,12,40,801)
w(35,24359,12,40,802)
w(92,24360,12,40,803)
w(17,24361,12,40,804)
w(20,24362,12,40,805)
w(43,24363,12,40,806)
w(54,24364,12,40,807)
w(36,24365,12,40,808)
w(55,24366,12,40,809)
w(27,24367,12,40,810)
w(6,24368,12,40,811)
w(5,24369,12,40,812)
w(6,24370,12,40,813)
w(53,24371,12,40,814)
w(24,24372,12,40,815)
w(93,24373,12,40,816)
w(61,24374,12,40,817)
w(80,24375,12,40,818)
w(96,24376,12,40,819)
w(89,24377,12,41,820)
w(77,24378,12,41,821)
w(45,24379,12,41,822)
w(37,24380,12,41,823)
w(23,24381,12,41,824)
w(46,24382,12,41,825)
w(20,24383,12,41,826)
w(97,24384,12,41,827)
w(32,24385,12,41,828)
w(25,24386,12,41,829)
w(14,24387,12,41,830)
w(10,24388,12,41,831)
w(3,24389,12,41,832)
w(42,24390,12,41,833)
w(30,24391,12,41,834)
w(69,24392,12,41,835)
w(71,24393,12,41,836)
w(52,24394,12,41,837)
w(51,24395,12,41,838)
w(37,24396,12,41,839)
r(23,6473,12,42,840)
r(44,22250,12,42,841)
r(94,34355,12,42,842)
r(84,20389,12,42,843)
r(39,54343,12,42,844)
r(9,6512,12,42,845)
r(79,48350,12,42,846)
r(40,20353,12,42,847)
r(49,54353,12,42,848)
r(93,54350,12,42,849)
w(70,24397,12,42,850)
w(10,24398,12,42,851)
w(24,24399,12,42,852)
w(17,24400,12,42,853)
w(36,24401,12,42,854)
w(67,24402,12,42,855)
w(86,24403,12,42,856)
w(38,24404,12,42,857)
w(44,24405,12,42,858)
w(63,24406,12,42,859)
r(25,6536,12,43,860)
r(50,26406,12,43,861)
r(64,4469,12,43,862)
r(4,20396,12,43,863)
r(77,54373,12,43,864)
r(33,4456,12,43,865)
r(19,8492,12,43,866)
r(60,54348,12,43,867)
r(2,20393,12,43,868)
r(11,26378,12,43,869)
w(24,24407,12,43,870)
w(78,24408,12,43,871)
w(85,24409,12,43,872)
w(42,24410,12,43,873)
w(89,24411,12,43,874)
w(36,24412,12,43,875)
w(20,24413,12,43,876)
w(54,24414,12,43,877)
w(66,24415,12,43,878)
w(83,24416,12,43,879)
r(21,48347,12,44,880)
r(47,6551,12,44,881)
r(72,8501,12,44,882)
r(95,22336,12,44,883)
r(83,24416,12,44,884)
r(92,26407,12,44,885)
r(87,22322,12,44,886)
r(7,26403,12,44,887)
w(73,24417,12,44,888)
w(74,24418,12,44,889)
w(92,24419,12,44,890)
w(6,24420,12,44,891)
w(41,24421,12,44,892)
w(96,24422,12,44,893)
w(3,24423,12,44,894)
w(32,24424,12,44,895)
w(92,24425,12,44,896)
w(44,24426,12,44,897)
w(33,24427,12,44,898)
w(50,24428,12,44,899)
r(91,8529,12,45,900)
r(2,34448,12,45,901)
r(56,2487,12,45,902)
r(18,34456,12,45,903)
r(74,24418,12,45,904)
r(76,8530,12,45,905)
r(26,2488,12,45,906)
r(29,8513,12,45,907)
w(69,24429,12,45,908)
w(66,24430,12,45,909)
w(10,24431,12,45,910)
w(76,24432,12,45,911)
w(78,24433,12,45,912)
w(25,24434,12,45,913)
w(28,24435,12,45,914)
w(38,24436,12,45,915)
w(21,24437,12,45,916)
w(35,24438,12,45,917)
w(49,24439,12,45,918)
w(16,24440,12,45,919)
r(40,8573,12,46,920)
r(97,6590,12,46,921)
r(51,54406,12,46,922)
r(5,10487,12,46,923)
r(73,8566,12,46,924)
r(24,22375,12,46,925)
r(21,8556,12,46,926)
r(59,22382,12,46,927)
r(39,2511,12,46,928)
r(94,8548,12,46,929)
r(94,8548,12,46,930)
r(93,34461,12,46,931)
w(97,24441,12,46,932)
w(62,24442,12,46,933)
w(37,24443,12,46,934)
w(61,24444,12,46,935)
w(64,24445,12,46,936)
w(6,24446,12,46,937)
w(83,24447,12,46,938)
w(63,24448,12,46,939)
r(97,24441,12,47,940)
r(4,26459,12,47,941)
r(99,26429,12,47,942)
r(10,10485,12,47,943)
r(43,26462,12,47,944)
r(62,24442,12,47,945)
r(48,26463,12,47,946)
r(8,10481,12,47,947)
r(34,8557,12,47,948)
r(14,54428,12,47,949)
r(30,10498,12,47,950)
w(91,24449,12,47,951)
w(45,24450,12,47,952)
w(70,24451,12,47,953)
w(66,24452,12,47,954)
w(95,24453,12,47,955)
w(18,24454,12,47,956)
w(72,24455,12,47,957)
w(13,24456,12,47,958)
w(47,24457,12,47,959)
r(96,26446,12,48,960)
r(85,26470,12,48,961)
r(1,48400,12,48,962)
r(23,26448,12,48,963)
r(58,26451,12,48,964)
r(81,4541,12,48,965)
r(18,48401,12,48,966)
r(9,48410,12,48,967)
r(80,14413,12,48,968)
r(78,48404,12,48,969)
r(86,8583,12,48,970)
r(96,26446,12,48,971)
r(4,54440,12,48,972)
w(97,24458,12,48,973)
w(4,24459,12,48,974)
w(90,24460,12,48,975)
w(10,24461,12,48,976)
w(37,24462,12,48,977)
w(18,24463,12,48,978)
w(32,24464,12,48,979)
r(1,10510,12,49,980)
r(13,24456,12,49,981)
r(23,54450,12,49,982)
r(11,48384,12,49,983)
r(77,48412,12,49,984)
r(46,8575,12,49,985)
r(6,10502,12,49,986)
r(66,8581,12,49,987)
w(3,24465,12,49,988)
w(56,24466,12,49,989)
w(86,24467,12,49,990)
w(99,24468,12,49,991)
w(34,24469,12,49,992)
w(41,24470,12,49,993)
w(59,24471,12,49,994)
w(22,24472,12,49,995)
w(61,24473,12,49,996)
w(86,24474,12,49,997)
w(5,24475,12,49,998)
w(30,24476,12,49,999)
r(44,26500,12,50,1000)
r(47,24457,12,50,1001)
r(3,24465,12,50,1002)
r(96,26446,12,50,1003)
r(93,22393,12,50,1004)
r(55,2515,12,50,1005)
r(62,54442,12,50,1006)
r(6,22403,12,50,1007)
r(19,6624,12,50,1008)
r(64,54446,12,50,1009)
w(54,24477,12,50,1010)
w(65,24478,12,50,1011)
w(72,24479,12,50,1012)
w(91,24480,12,50,1013)
w(41,24481,12,50,1014)
w(76,24482,12,50,1015)
w(7,24483,12,50,1016)
w(48,24484,12,50,1017)
w(99,24485,12,50,1018)
w(63,24486,12,50,1019)
r(59,24471,12,51,1020)
r(3,24465,12,51,1021)
r(65,48418,12,51,1022)
r(11,48384,12,51,1023)
r(77,48424,12,51,1024)
r(18,2532,12,51,1025)
r(82,10519,12,51,1026)
r(67,10515,12,51,1027)
r(27,8600,12,51,1028)
w(16,24487,12,51,1029)
w(19,24488,12,51,1030)
w(44,24489,12,51,1031)
w(8,24490,12,51,1032)
w(53,24491,12,51,1033)
w(80,24492,12,51,1034)
w(99,24493,12,51,1035)
w(44,24494,12,51,1036)
w(85,24495,12,51,1037)
w(99,24496,12,51,1038)
w(65,24497,12,51,1039)
r(86,24474,12,52,1040)
r(96,4568,12,52,1041)
r(28,26496,12,52,1042)
r(7,4562,12,52,1043)
r(75,4576,12,52,1044)
r(8,24490,12,52,1045)
r(15,54448,12,52,1046)
r(27,8600,12,52,1047)
r(97,4573,12,52,1048)
r(85,24495,12,52,1049)
r(22,6643,12,52,1050)
w(81,24498,12,52,1051)
w(62,24499,12,52,1052)
w(17,24500,12,52,1053)
w(34,24501,12,52,1054)
w(59,24502,12,52,1055)
w(33,24503,12,52,1056)
w(82,24504,12,52,1057)
w(48,24505,12,52,1058)
w(89,24506,12,52,1059)
r(48,24505,12,53,1060)
r(26,22415,12,53,1061)
r(72,22400,12,53,1062)
r(8,24490,12,53,1063)
r(81,24498,12,53,1064)
r(68,4583,12,53,1065)
r(27,8618,12,53,1066)
r(19,26509,12,53,1067)
r(77,48436,12,53,1068)
r(22,6643,12,53,1069)
r(62,24499,12,53,1070)
r(81,24498,12,53,1071)
r(28,26496,12,53,1072)
w(59,24507,12,53,1073)
w(66,24508,12,53,1074)
w(96,24509,12,53,1075)
w(77,24510,12,53,1076)
w(82,24511,12,53,1077)
w(1,24512,12,53,1078)
w(94,24513,12,53,1079)
r(88,22423,12,54,1080)
r(8,24490,12,54,1081)
r(63,20486,12,54,1082)
r(78,26506,12,54,1083)
r(69,26510,12,54,1084)
r(34,24501,12,54,1085)
r(65,24497,12,54,1086)
r(46,22413,12,54,1087)
w(47,24514,12,54,1088)
w(19,24515,12,54,1089)
w(2,24516,12,54,1090)
w(86,24517,12,54,1091)
w(45,24518,12,54,1092)
w(17,24519,12,54,1093)
w(57,24520,12,54,1094)
w(24,24521,12,54,1095)
w(11,24522,12,54,1096)
w(85,24523,12,54,1097)
w(55,24524,12,54,1098)
w(30,24525,12,54,1099)
r(17,24519,12,55,1100)
r(62,24499,12,55,1101)
r(1,4578,12,55,1102)
r(8,24490,12,55,1103)
r(81,4605,12,55,1104)
r(0,54463,12,55,1105)
r(10,22440,12,55,1106)
r(36,54481,12,55,1107)
r(69,2558,12,55,1108)
r(31,22425,12,55,1109)
r(21,4612,12,55,1110)
w(59,24526,12,55,1111)
w(15,24527,12,55,1112)
w(80,24528,12,55,1113)
w(17,24529,12,55,1114)
w(45,24530,12,55,1115)
w(53,24531,12,55,1116)
w(8,24532,12,55,1117)
w(29,24533,12,55,1118)
w(15,24534,12,55,1119)
r(27,22439,12,56,1120)
r(92,54471,12,56,1121)
r(17,22452,12,56,1122)
r(25,10539,12,56,1123)
r(73,22453,12,56,1124)
r(36,54481,12,56,1125)
r(24,24521,12,56,1126)
r(76,54486,12,56,1127)
r(36,54481,12,56,1128)
r(98,54476,12,56,1129)
r(14,34543,12,56,1130)
w(27,24535,12,56,1131)
w(26,24536,12,56,1132)
w(20,24537,12,56,1133)
w(43,24538,12,56,1134)
w(46,24539,12,56,1135)
w(27,24540,12,56,1136)
w(82,24541,12,56,1137)
w(77,24542,12,56,1138)
w(78,24543,12,56,1139)
r(38,4610,12,57,1140)
r(40,4602,12,57,1141)
r(36,54481,12,57,1142)
r(28,34552,12,57,1143)
r(11,24522,12,57,1144)
r(14,12393,12,57,1145)
r(54,20498,12,57,1146)
r(3,34539,12,57,1147)
r(17,20511,12,57,1148)
r(83,10544,12,57,1149)
r(85,24523,12,57,1150)
r(57,6681,12,57,1151)
r(36,54481,12,57,1152)
r(61,6687,12,57,1153)
r(51,20512,12,57,1154)
r(62,12394,12,57,1155)
r(60,34555,12,57,1156)
r(20,24537,12,57,1157)
r(22,12395,12,57,1158)
r(98,34551,12,57,1159)
w(12,24544,12,58,1160)
w(73,24545,12,58,1161)
w(62,24546,12,58,1162)
w(45,24547,12,58,1163)
w(30,24548,12,58,1164)
w(59,24549,12,58,1165)
w(16,24550,12,58,1166)
w(15,24551,12,58,1167)
w(95,24552,12,58,1168)
w(3,24553,12,58,1169)
w(30,24554,12,58,1170)
w(24,24555,12,58,1171)
w(64,24556,12,58,1172)
w(37,24557,12,58,1173)
w(63,24558,12,58,1174)
w(49,24559,12,58,1175)
w(88,24560,12,58,1176)
w(20,24561,12,58,1177)
w(35,24562,12,58,1178)
w(46,24563,12,58,1179)
r(75,4576,12,59,1180)
r(72,26514,12,59,1181)
r(25,48457,12,59,1182)
r(19,34571,12,59,1183)
r(61,6687,12,59,1184)
r(27,24540,12,59,1185)
w(55,24564,12,59,1186)
w(67,24565,12,59,1187)
w(44,24566,12,59,1188)
w(59,24567,12,59,1189)
w(94,24568,12,59,1190)
w(39,24569,12,59,1191)
w(93,24570,12,59,1192)
w(17,24571,12,59,1193)
w(69,24572,12,59,1194)
w(77,24573,12,59,1195)
w(20,24574,12,59,1196)
w(58,24575,12,59,1197)
w(7,24576,12,59,1198)
w(43,24577,12,59,1199)
w(17,24578,12,60,1200)
w(74,24579,12,60,1201)
w(66,24580,12,60,1202)
w(57,24581,12,60,1203)
w(67,24582,12,60,1204)
w(20,24583,12,60,1205)
w(0,24584,12,60,1206)
w(23,24585,12,60,1207)
w(87,24586,12,60,1208)
w(53,24587,12,60,1209)
w(34,24588,12,60,1210)
w(7,24589,12,60,1211)
w(53,24590,12,60,1212)
w(33,24591,12,60,1213)
w(51,24592,12,60,1214)
w(86,24593,12,60,1215)
w(62,24594,12,60,1216)
w(49,24595,12,60,1217)
w(7,24596,12,60,1218)
w(4,24597,12,60,1219)
r(47,22493,12,61,1220)
r(82,26559,12,61,1221)
r(48,10609,12,61,1222)
r(6,34593,12,61,1223)
r(40,10582,12,61,1224)
r(86,24593,12,61,1225)
r(58,24575,12,61,1226)
r(21,2585,12,61,1227)
r(48,10609,12,61,1228)
r(12,22489,12,61,1229)
r(18,26550,12,61,1230)
w(3,24598,12,61,1231)
w(31,24599,12,61,1232)
w(93,24600,12,61,1233)
w(61,24601,12,61,1234)
w(1,24602,12,61,1235)
w(32,24603,12,61,1236)
w(53,24604,12,61,1237)
w(32,24605,12,61,1238)
w(7,24606,12,61,1239)
r(43,20595,12,62,1240)
r(64,20592,12,62,1241)
r(35,4686,12,62,1242)
r(23,2617,12,62,1243)
r(92,20575,12,62,1244)
r(33,34614,12,62,1245)
r(81,22514,12,62,1246)
r(78,4673,12,62,1247)
r(10,4689,12,62,1248)
r(13,26522,12,62,1249)
w(99,24607,12,62,1250)
w(9,24608,12,62,1251)
w(57,24609,12,62,1252)
w(92,24610,12,62,1253)
w(86,24611,12,62,1254)
w(99,24612,12,62,1255)
w(52,24613,12,62,1256)
w(23,24614,12,62,1257)
w(59,24615,12,62,1258)
w(20,24616,12,62,1259)
w(68,24617,12,63,1260)
w(97,24618,12,63,1261)
w(50,24619,12,63,1262)
w(61,24620,12,63,1263)
w(75,24621,12,63,1264)
w(1,24622,12,63,1265)
w(18,24623,12,63,1266)
w(23,24624,12,63,1267)
w(77,24625,12,63,1268)
w(12,24626,12,63,1269)
w(6,24627,12,63,1270)
w(80,24628,12,63,1271)
w(86,24629,12,63,1272)
w(85,24630,12,63,1273)
w(21,24631,12,63,1274)
w(82,24632,12,63,1275)
w(5,24633,12,63,1276)
w(88,24634,12,63,1277)
w(91,24635,12,63,1278)
w(85,24636,12,63,1279)
w(6,24637,12,64,1280)
w(69,24638,12,64,1281)
w(59,24639,12,64,1282)
w(41,24640,12,64,1283)
w(60,24641,12,64,1284)
w(53,24642,12,64,1285)
w(28,24643,12,64,1286)
w(41,24644,12,64,1287)
w(4,24645,12,64,1288)
w(10,24646,12,64,1289)
w(80,24647,12,64,1290)
w(78,24648,12,64,1291)
w(6,24649,12,64,1292)
w(85,24650,12,64,1293)
w(70,24651,12,64,1294)
w(32,24652,12,64,1295)
w(75,24653,12,64,1296)
w(86,24654,12,64,1297)
w(2,24655,12,64,1298)
w(15,24656,12,64,1299)
r(53,22579,12,65,1300)
r(63,34672,12,65,1301)
r(56,20675,12,65,1302)
r(52,20670,12,65,1303)
r(62,4719,12,65,1304)
r(30,6800,12,65,1305)
r(98,10723,12,65,1306)
r(2,24655,12,65,1307)
r(52,20670,12,65,1308)
r(62,4719,12,65,1309)
r(32,24652,12,65,1310)
w(55,24657,12,65,1311)
w(19,24658,12,65,1312)
w(90,24659,12,65,1313)
w(84,24660,12,65,1314)
w(11,24661,12,65,1315)
w(81,24662,12,65,1316)
w(5,24663,12,65,1317)
w(57,24664,12,65,1318)
w(99,24665,12,65,1319)
r(54,6817,12,66,1320)
r(64,26684,12,66,1321)
r(44,4773,12,66,1322)
r(51,26676,12,66,1323)
r(4,20692,12,66,1324)
r(12,48583,12,66,1325)
w(86,24666,12,66,1326)
w(62,24667,12,66,1327)
w(79,24668,12,66,1328)
w(50,24669,12,66,1329)
w(53,24670,12,66,1330)
w(68,24671,12,66,1331)
w(52,24672,12,66,1332)
w(60,24673,12,66,1333)
w(82,24674,12,66,1334)
w(73,24675,12,66,1335)
w(13,24676,12,66,1336)
w(8,24677,12,66,1337)
w(61,24678,12,66,1338)
w(5,24679,12,66,1339)
r(93,48613,12,67,1340)
r(43,2715,12,67,1341)
r(57,8818,12,67,1342)
r(43,2715,12,67,1343)
r(49,22608,12,67,1344)
r(26,8816,12,67,1345)
r(59,8828,12,67,1346)
r(33,4793,12,67,1347)
r(26,8816,12,67,1348)
r(28,26724,12,67,1349)
r(42,48601,12,67,1350)
r(38,48616,12,67,1351)
w(69,24680,12,67,1352)
w(7,24681,12,67,1353)
w(61,24682,12,67,1354)
w(3,24683,12,67,1355)
w(51,24684,12,67,1356)
w(19,24685,12,67,1357)
w(33,24686,12,67,1358)
w(0,24687,12,67,1359)
r(77,34708,12,68,1360)
r(73,4809,12,68,1361)
r(50,6843,12,68,1362)
r(8,24677,12,68,1363)
r(15,26708,12,68,1364)
r(56,20708,12,68,1365)
r(85,20719,12,68,1366)
r(27,22627,12,68,1367)
r(5,2746,12,68,1368)
r(20,8820,12,68,1369)
r(28,26724,12,68,1370)
w(31,24688,12,68,1371)
w(37,24689,12,68,1372)
w(95,24690,12,68,1373)
w(45,24691,12,68,1374)
w(31,24692,12,68,1375)
w(0,24693,12,68,1376)
w(49,24694,12,68,1377)
w(50,24695,12,68,1378)
w(6,24696,12,68,1379)
r(78,8827,12,69,1380)
r(94,26710,12,69,1381)
r(78,8827,12,69,1382)
r(49,22608,12,69,1383)
r(34,48608,12,69,1384)
r(72,6855,12,69,1385)
r(70,48593,12,69,1386)
r(79,8834,12,69,1387)
r(91,6850,12,69,1388)
r(3,24683,12,69,1389)
r(69,54663,12,69,1390)
r(2,22645,12,69,1391)
r(6,24696,12,69,1392)
r(48,22595,12,69,1393)
r(26,8816,12,69,1394)
r(5,22644,12,69,1395)
r(23,4791,12,69,1396)
r(9,34695,12,69,1397)
r(13,6848,12,69,1398)
r(88,2747,12,69,1399)
w(20,24697,12,70,1400)
w(56,24698,12,70,1401)
w(4,24699,12,70,1402)
w(69,24700,12,70,1403)
w(3,24701,12,70,1404)
w(59,24702,12,70,1405)
w(97,24703,12,70,1406)
w(11,24704,12,70,1407)
w(85,24705,12,70,1408)
w(60,24706,12,70,1409)
w(45,24707,12,70,1410)
w(76,24708,12,70,1411)
w(90,24709,12,70,1412)
w(70,24710,12,70,1413)
w(98,24711,12,70,1414)
w(11,24712,12,70,1415)
w(62,24713,12,70,1416)
w(23,24714,12,70,1417)
w(26,24715,12,70,1418)
w(69,24716,12,70,1419)
r(34,48608,12,71,1420)
r(92,20728,12,71,1421)
r(52,8848,12,71,1422)
r(90,24709,12,71,1423)
r(20,24697,12,71,1424)
r(94,26710,12,71,1425)
r(74,4823,12,71,1426)
r(6,24696,12,71,1427)
r(7,34728,12,71,1428)
r(44,4795,12,71,1429)
r(1,2730,12,71,1430)
w(68,24717,12,71,1431)
w(10,24718,12,71,1432)
w(16,24719,12,71,1433)
w(26,24720,12,71,1434)
w(26,24721,12,71,1435)
w(30,24722,12,71,1436)
w(85,24723,12,71,1437)
w(30,24724,12,71,1438)
w(42,24725,12,71,1439)
r(51,4830,12,72,1440)
r(27,6872,12,72,1441)
r(50,20723,12,72,1442)
r(70,24710,12,72,1443)
r(92,20740,12,72,1444)
r(45,24707,12,72,1445)
r(14,20746,12,72,1446)
r(66,54671,12,72,1447)
r(53,2759,12,72,1448)
r(33,20748,12,72,1449)
r(64,20749,12,72,1450)
r(9,54669,12,72,1451)
w(30,24726,12,72,1452)
w(75,24727,12,72,1453)
w(27,24728,12,72,1454)
w(19,24729,12,72,1455)
w(68,24730,12,72,1456)
w(82,24731,12,72,1457)
w(16,24732,12,72,1458)
w(19,24733,12,72,1459)
r(41,34724,12,73,1460)
r(3,8870,12,73,1461)
r(31,22668,12,73,1462)
r(36,22676,12,73,1463)
r(1,22663,12,73,1464)
r(13,20736,12,73,1465)
r(41,34724,12,73,1466)
r(8,54688,12,73,1467)
r(73,2776,12,73,1468)
r(47,22673,12,73,1469)
w(22,24734,12,73,1470)
w(13,24735,12,73,1471)
w(24,24736,12,73,1472)
w(1,24737,12,73,1473)
w(93,24738,12,73,1474)
w(70,24739,12,73,1475)
w(6,24740,12,73,1476)
w(21,24741,12,73,1477)
w(86,24742,12,73,1478)
w(79,24743,12,73,1479)
w(40,24744,12,74,1480)
w(28,24745,12,74,1481)
w(66,24746,12,74,1482)
w(35,24747,12,74,1483)
w(48,24748,12,74,1484)
w(88,24749,12,74,1485)
w(38,24750,12,74,1486)
w(83,24751,12,74,1487)
w(34,24752,12,74,1488)
w(6,24753,12,74,1489)
w(90,24754,12,74,1490)
w(99,24755,12,74,1491)
w(43,24756,12,74,1492)
w(59,24757,12,74,1493)
w(71,24758,12,74,1494)
w(83,24759,12,74,1495)
w(90,24760,12,74,1496)
w(10,24761,12,74,1497)
w(94,24762,12,74,1498)
w(36,24763,12,74,1499)
r(0,8873,12,75,1500)
r(27,20771,12,75,1501)
r(88,10790,12,75,1502)
r(30,22702,12,75,1503)
r(82,6908,12,75,1504)
r(57,20772,12,75,1505)
r(60,22671,12,75,1506)
r(8,8917,12,75,1507)
r(29,8912,12,75,1508)
w(70,24764,12,75,1509)
w(98,24765,12,75,1510)
w(46,24766,12,75,1511)
w(86,24767,12,75,1512)
w(81,24768,12,75,1513)
w(81,24769,12,75,1514)
w(90,24770,12,75,1515)
w(67,24771,12,75,1516)
w(65,24772,12,75,1517)
w(29,24773,12,75,1518)
w(81,24774,12,75,1519)
r(91,10825,12,76,1520)
r(38,20793,12,76,1521)
r(60,26772,12,76,1522)
r(78,26778,12,76,1523)
r(20,20774,12,76,1524)
r(37,4873,12,76,1525)
r(2,4882,12,76,1526)
r(47,54726,12,76,1527)
r(56,26773,12,76,1528)
r(55,6914,12,76,1529)
r(20,20774,12,76,1530)
r(9,48662,12,76,1531)
r(99,26770,12,76,1532)
r(62,22713,12,76,1533)
r(97,10824,12,76,1534)
r(11,4866,12,76,1535)
r(44,20794,12,76,1536)
r(78,26778,12,76,1537)
r(42,22712,12,76,1538)
r(73,8905,12,76,1539)
r(13,8928,12,77,1540)
r(29,24773,12,77,1541)
r(8,8917,12,77,1542)
r(62,22713,12,77,1543)
r(4,2810,12,77,1544)
r(14,10818,12,77,1545)
r(53,4879,12,77,1546)
r(42,22712,12,77,1547)
r(66,6920,12,77,1548)
r(7,4883,12,77,1549)
r(91,10825,12,77,1550)
r(55,6914,12,77,1551)
r(8,8917,12,77,1552)
r(34,4874,12,77,1553)
r(87,6916,12,77,1554)
r(4,2810,12,77,1555)
r(3,26776,12,77,1556)
r(95,10805,12,77,1557)
r(48,6932,12,77,1558)
r(58,6923,12,77,1559)
r(51,26774,12,78,1560)
r(14,10818,12,78,1561)
r(82,6908,12,78,1562)
r(72,54728,12,78,1563)
r(88,54732,12,78,1564)
r(64,10816,12,78,1565)
r(13,8928,12,78,1566)
r(57,20791,12,78,1567)
r(53,4879,12,78,1568)
r(28,54720,12,78,1569)
r(69,22714,12,78,1570)
r(15,22706,12,78,1571)
r(67,24771,12,78,1572)
w(64,24775,12,78,1573)
w(40,24776,12,78,1574)
w(77,24777,12,78,1575)
w(99,24778,12,78,1576)
w(19,24779,12,78,1577)
w(63,24780,12,78,1578)
w(54,24781,12,78,1579)
r(89,10771,12,79,1580)
r(94,10826,12,79,1581)
r(7,10827,12,79,1582)
r(98,24765,12,79,1583)
r(73,8905,12,79,1584)
r(6,24753,12,79,1585)
r(54,24781,12,79,1586)
r(91,10825,12,79,1587)
r(66,6920,12,79,1588)
r(91,10825,12,79,1589)
w(72,24782,12,79,1590)
w(43,24783,12,79,1591)
w(91,24784,12,79,1592)
w(75,24785,12,79,1593)
w(22,24786,12,79,1594)
w(76,24787,12,79,1595)
w(79,24788,12,79,1596)
w(65,24789,12,79,1597)
w(4,24790,12,79,1598)
w(82,24791,12,79,1599)
w(91,24792,12,80,1600)
w(88,24793,12,80,1601)
w(19,24794,12,80,1602)
w(8,24795,12,80,1603)
w(5,24796,12,80,1604)
w(82,24797,12,80,1605)
w(99,24798,12,80,1606)
w(39,24799,12,80,1607)
w(1,24800,12,80,1608)
w(56,24801,12,80,1609)
w(16,24802,12,80,1610)
w(91,24803,12,80,1611)
w(98,24804,12,80,1612)
w(54,24805,12,80,1613)
w(68,24806,12,80,1614)
w(16,24807,12,80,1615)
w(74,24808,12,80,1616)
w(41,24809,12,80,1617)
w(35,24810,12,80,1618)
w(69,24811,12,80,1619)
r(35,24810,12,81,1620)
r(25,54747,12,81,1621)
r(39,24799,12,81,1622)
r(24,10854,12,81,1623)
r(85,8936,12,81,1624)
r(66,10851,12,81,1625)
r(51,26774,12,81,1626)
r(67,48672,12,81,1627)
r(38,10853,12,81,1628)
r(22,54766,12,81,1629)
r(68,24806,12,81,1630)
r(52,54758,12,81,1631)
r(21,6926,12,81,1632)
r(91,24803,12,81,1633)
r(34,4874,12,81,1634)
r(63,24780,12,81,1635)
r(68,24806,12,81,1636)
r(44,54754,12,81,1637)
r(76,48691,12,81,1638)
r(40,22724,12,81,1639)
r(8,24795,12,82,1640)
r(21,6926,12,82,1641)
r(10,54748,12,82,1642)
r(39,24799,12,82,1643)
r(31,54761,12,82,1644)
r(75,54759,12,82,1645)
r(42,22712,12,82,1646)
r(65,24789,12,82,1647)
r(51,26774,12,82,1648)
w(36,24812,12,82,1649)
w(16,24813,12,82,1650)
w(65,24814,12,82,1651)
w(88,24815,12,82,1652)
w(60,24816,12,82,1653)
w(66,24817,12,82,1654)
w(81,24818,12,82,1655)
w(50,24819,12,82,1656)
w(47,24820,12,82,1657)
w(80,24821,12,82,1658)
w(75,24822,12,82,1659)
r(92,4909,12,83,1660)
r(53,54743,12,83,1661)
r(46,10842,12,83,1662)
r(25,54747,12,83,1663)
r(84,20812,12,83,1664)
r(14,10848,12,83,1665)
r(17,54763,12,83,1666)
r(63,8961,12,83,1667)
r(14,10848,12,83,1668)
r(62,4918,12,83,1669)
r(61,22726,12,83,1670)
r(8,8959,12,83,1671)
w(66,24823,12,83,1672)
w(60,24824,12,83,1673)
w(18,24825,12,83,1674)
w(56,24826,12,83,1675)
w(56,24827,12,83,1676)
w(82,24828,12,83,1677)
w(62,24829,12,83,1678)
w(1,24830,12,83,1679)
r(84,20812,12,84,1680)
r(9,8950,12,84,1681)
r(60,54791,12,84,1682)
r(84,20812,12,84,1683)
r(46,10842,12,84,1684)
r(93,48702,12,84,1685)
r(74,6979,12,84,1686)
r(10,10861,12,84,1687)
r(56,20833,12,84,1688)
r(5,8956,12,84,1689)
r(85,8947,12,84,1690)
r(12,6985,12,84,1691)
r(98,24804,12,84,1692)
w(41,24831,12,84,1693)
w(77,24832,12,84,1694)
w(80,24833,12,84,1695)
w(82,24834,12,84,1696)
w(55,24835,12,84,1697)
w(95,24836,12,84,1698)
w(3,24837,12,84,1699)
w(62,24838,12,85,1700)
w(93,24839,12,85,1701)
w(79,24840,12,85,1702)
w(28,24841,12,85,1703)
w(4,24842,12,85,1704)
w(26,24843,12,85,1705)
w(5,24844,12,85,1706)
w(5,24845,12,85,1707)
w(74,24846,12,85,1708)
w(32,24847,12,85,1709)
w(90,24848,12,85,1710)
w(2,24849,12,85,1711)
w(56,24850,12,85,1712)
w(34,24851,12,85,1713)
w(13,24852,12,85,1714)
w(75,24853,12,85,1715)
w(25,24854,12,85,1716)
w(22,24855,12,85,1717)
w(36,24856,12,85,1718)
w(94,24857,12,85,1719)
r(96,22781,12,86,1720)
r(43,48759,12,86,1721)
r(8,48763,12,86,1722)
r(26,20862,12,86,1723)
r(28,48750,12,86,1724)
r(94,24857,12,86,1725)
r(76,20875,12,86,1726)
r(79,20884,12,86,1727)
r(32,54811,12,86,1728)
r(58,22771,12,86,1729)
r(2,10878,12,86,1730)
r(46,9000,12,86,1731)
r(6,34885,12,86,1732)
r(42,20855,12,86,1733)
r(99,20845,12,86,1734)
r(22,22791,12,86,1735)
r(16,4954,12,86,1736)
r(90,22764,12,86,1737)
r(27,54809,12,86,1738)
r(54,34879,12,86,1739)
w(44,24858,12,87,1740)
w(15,24859,12,87,1741)
w(40,24860,12,87,1742)
w(81,24861,12,87,1743)
w(10,24862,12,87,1744)
w(56,24863,12,87,1745)
w(46,24864,12,87,1746)
w(14,24865,12,87,1747)
w(25,24866,12,87,1748)
w(91,24867,12,87,1749)
w(37,24868,12,87,1750)
w(58,24869,12,87,1751)
w(75,24870,12,87,1752)
w(37,24871,12,87,1753)
w(35,24872,12,87,1754)
w(9,24873,12,87,1755)
w(87,24874,12,87,1756)
w(30,24875,12,87,1757)
w(73,24876,12,87,1758)
w(85,24877,12,87,1759)
r(93,2856,12,88,1760)
r(48,8991,12,88,1761)
r(46,22811,12,88,1762)
r(44,54825,12,88,1763)
r(42,54818,12,88,1764)
r(98,4969,12,88,1765)
r(93,2856,12,88,1766)
r(14,54839,12,88,1767)
r(60,54815,12,88,1768)
r(72,54826,12,88,1769)
r(81,10916,12,88,1770)
r(29,2866,12,88,1771)
r(78,9006,12,88,1772)
r(54,54842,12,88,1773)
r(94,4961,12,88,1774)
r(34,54840,12,88,1775)
r(62,9004,12,88,1776)
r(13,26835,12,88,1777)
r(92,22809,12,88,1778)
r(29,2866,12,88,1779)
r(8,2863,12,89,1780)
r(48,8991,12,89,1781)
r(1,54808,12,89,1782)
r(31,10911,12,89,1783)
r(27,26832,12,89,1784)
r(63,8998,12,89,1785)
r(98,4969,12,89,1786)
r(91,48754,12,89,1787)
r(7,48749,12,89,1788)
r(52,54824,12,89,1789)
r(34,54840,12,89,1790)
r(25,2857,12,89,1791)
w(40,24878,12,89,1792)
w(77,24879,12,89,1793)
w(99,24880,12,89,1794)
w(26,24881,12,89,1795)
w(59,24882,12,89,1796)
w(39,24883,12,89,1797)
w(75,24884,12,89,1798)
w(6,24885,12,89,1799)
r(19,20876,12,90,1800)
r(33,48798,12,90,1801)
r(32,4971,12,90,1802)
r(31,10911,12,90,1803)
r(13,26835,12,90,1804)
r(98,26851,12,90,1805)
r(14,54839,12,90,1806)
r(90,22764,12,90,1807)
r(25,4981,12,90,1808)
r(31,10911,12,90,1809)
r(42,34907,12,90,1810)
r(97,54855,12,90,1811)
r(29,36013,12,90,1812)
w(5,24886,12,90,1813)
w(33,24887,12,90,1814)
w(60,24888,12,90,1815)
w(59,24889,12,90,1816)
w(43,24890,12,90,1817)
w(25,24891,12,90,1818)
w(40,24892,12,90,1819)
r(12,4970,12,91,1820)
r(48,8991,12,91,1821)
r(77,2877,12,91,1822)
r(36,20914,12,91,1823)
r(41,36014,12,91,1824)
r(85,20920,12,91,1825)
r(4,4984,12,91,1826)
r(45,2870,12,91,1827)
w(31,24893,12,91,1828)
w(23,24894,12,91,1829)
w(57,24895,12,91,1830)
w(54,24896,12,91,1831)
w(30,24897,12,91,1832)
w(89,24898,12,91,1833)
w(93,24899,12,91,1834)
w(93,24900,12,91,1835)
w(87,24901,12,91,1836)
w(74,24902,12,91,1837)
w(52,24903,12,91,1838)
w(58,24904,12,91,1839)
r(65,48828,12,92,1840)
r(53,26887,12,92,1841)
r(29,36013,12,92,1842)
r(63,26885,12,92,1843)
r(63,26885,12,92,1844)
r(4,26869,12,92,1845)
r(90,26889,12,92,1846)
r(8,26890,12,92,1847)
w(75,24905,12,92,1848)
w(13,24906,12,92,1849)
w(86,24907,12,92,1850)
w(88,24908,12,92,1851)
w(73,24909,12,92,1852)
w(12,24910,12,92,1853)
w(56,24911,12,92,1854)
w(19,24912,12,92,1855)
w(52,24913,12,92,1856)
w(1,24914,12,92,1857)
w(33,24915,12,92,1858)
w(28,24916,12,92,1859)
r(60,20945,12,93,1860)
r(55,36040,12,93,1861)
r(10,2889,12,93,1862)
r(83,34922,12,93,1863)
r(5,22846,12,93,1864)
r(68,36016,12,93,1865)
r(30,48845,12,93,1866)
r(58,24904,12,93,1867)
r(7,20954,12,93,1868)
r(31,20944,12,93,1869)
r(53,48833,12,93,1870)
r(79,20948,12,93,1871)
r(2,26878,12,93,1872)
r(47,36025,12,93,1873)
r(19,24912,12,93,1874)
r(15,48844,12,93,1875)
r(47,36025,12,93,1876)
r(46,10923,12,93,1877)
r(34,20950,12,93,1878)
r(24,54868,12,93,1879)
r(19,24912,12,94,1880)
r(33,24915,12,94,1881)
r(74,10926,12,94,1882)
r(96,26882,12,94,1883)
r(43,20939,12,94,1884)
r(32,34920,12,94,1885)
r(14,54864,12,94,1886)
r(31,20944,12,94,1887)
r(24,54868,12,94,1888)
r(31,20944,12,94,1889)
r(80,5018,12,94,1890)
r(1,24914,12,94,1891)
r(92,22843,12,94,1892)
r(65,48830,12,94,1893)
r(66,54869,12,94,1894)
r(68,36016,12,94,1895)
r(38,9038,12,94,1896)
r(21,48836,12,94,1897)
r(76,26880,12,94,1898)
r(90,34931,12,94,1899)
r(60,20945,12,95,1900)
r(34,20950,12,95,1901)
r(57,24895,12,95,1902)
r(51,48834,12,95,1903)
r(18,48846,12,95,1904)
r(98,20933,12,95,1905)
r(21,48836,12,95,1906)
r(61,54863,12,95,1907)
r(40,10925,12,95,1908)
r(51,48834,12,95,1909)
r(37,10927,12,95,1910)
r(70,48818,12,95,1911)
r(48,20951,12,95,1912)
r(67,54874,12,95,1913)
r(75,24905,12,95,1914)
r(25,48837,12,95,1915)
r(4,36036,12,95,1916)
r(6,24885,12,95,1917)
r(24,54868,12,95,1918)
r(2,26878,12,95,1919)
r(70,48818,12,96,1920)
r(10,2889,12,96,1921)
r(54,2890,12,96,1922)
r(81,20943,12,96,1923)
r(51,48834,12,96,1924)
r(52,24913,12,96,1925)
r(68,36016,12,96,1926)
r(33,24915,12,96,1927)
r(51,48834,12,96,1928)
r(46,10923,12,96,1929)
r(22,48838,12,96,1930)
r(4,36036,12,96,1931)
r(14,54864,12,96,1932)
r(55,36040,12,96,1933)
r(12,24910,12,96,1934)
r(54,2890,12,96,1935)
r(59,24889,12,96,1936)
r(97,26876,12,96,1937)
r(3,48822,12,96,1938)
r(67,54874,12,96,1939)
r(40,10925,12,97,1940)
r(1,24914,12,97,1941)
r(60,20945,12,97,1942)
r(73,24909,12,97,1943)
r(11,26886,12,97,1944)
r(53,48833,12,97,1945)
r(91,36039,12,97,1946)
r(50,54881,12,97,1947)
r(9,34928,12,97,1948)
r(58,24904,12,97,1949)
w(15,24917,12,97,1950)
w(99,24918,12,97,1951)
w(98,24919,12,97,1952)
w(88,24920,12,97,1953)
w(96,24921,12,97,1954)
w(7,24922,12,97,1955)
w(36,24923,12,97,1956)
w(46,24924,12,97,1957)
w(72,24925,12,97,1958)
w(23,24926,12,97,1959)
r(19,54889,12,98,1960)
r(53,48833,12,98,1961)
r(32,48862,12,98,1962)
r(43,20939,12,98,1963)
r(45,2870,12,98,1964)
r(36,34927,12,98,1965)
r(78,9006,12,98,1966)
r(36,34927,12,98,1967)
r(96,26882,12,98,1968)
w(12,24927,12,98,1969)
w(56,24928,12,98,1970)
w(6,24929,12,98,1971)
w(34,24930,12,98,1972)
w(88,24931,12,98,1973)
w(70,24932,12,98,1974)
w(16,24933,12,98,1975)
w(14,24934,12,98,1976)
w(75,24935,12,98,1977)
w(42,24936,12,98,1978)
w(96,24937,12,98,1979)
r(86,48887,12,99,1980)
r(93,2929,12,99,1981)
r(94,36067,12,99,1982)
r(17,36063,12,99,1983)
r(5,48876,12,99,1984)
r(75,36068,12,99,1985)
r(76,34948,12,99,1986)
r(18,44009,12,99,1987)
w(92,24938,12,99,1988)
w(75,24939,12,99,1989)
w(72,24940,12,99,1990)
w(14,24941,12,99,1991)
w(91,24942,12,99,1992)
w(69,24943,12,99,1993)
w(7,24944,12,99,1994)
w(52,24945,12,99,1995)
w(27,24946,12,99,1996)
w(51,24947,12,99,1997)
w(6,24948,12,99,1998)
w(69,24949,12,99,1999)
w(59,24001,12,100,2000)
w(79,24002,12,100,2001)
w(70,24003,12,100,2002)
w(4,24004,12,100,2003)
w(89,24005,12,100,2004)
w(56,24006,12,100,2005)
w(64,24007,12,100,2006)
w(85,24008,12,100,2007)
w(11,24009,12,100,2008)
w(98,24010,12,100,2009)
w(72,24011,12,100,2010)
w(29,24012,12,100,2011)
w(42,24013,12,100,2012)
w(68,24014,12,100,2013)
w(61,24015,12,100,2014)
w(9,24016,12,100,2015)
w(26,24017,12,100,2016)
w(54,24018,12,100,2017)
w(9,24019,12,100,2018)
w(84,24020,12,100,2019)
r(39,36077,12,101,2020)
r(25,48837,12,101,2021)
r(82,34979,12,101,2022)
r(5,34963,12,101,2023)
r(99,19,12,101,2024)
r(41,54892,12,101,2025)
r(34,22873,12,101,2026)
r(32,44004,12,101,2027)
r(86,36071,12,101,2028)
r(93,17,12,101,2029)
r(94,36067,12,101,2030)
r(87,54898,12,101,2031)
r(40,36081,12,101,2032)
r(37,48907,12,101,2033)
r(73,20,12,101,2034)
r(24,54896,12,101,2035)
r(6,24948,12,101,2036)
r(59,24001,12,101,2037)
r(82,34979,12,101,2038)
r(82,34979,12,101,2039)
r(69,44024,12,102,2040)
r(28,48860,12,102,2041)
r(9,24019,12,102,2042)
r(71,44006,12,102,2043)
r(95,36078,12,102,2044)
r(63,4042,12,102,2045)
r(97,44026,12,102,2046)
r(75,34982,12,102,2047)
w(55,24021,12,102,2048)
w(57,24022,12,102,2049)
w(98,24023,12,102,2050)
w(70,24024,12,102,2051)
w(24,24025,12,102,2052)
w(25,24026,12,102,2053)
w(29,24027,12,102,2054)
w(98,24028,12,102,2055)
w(84,24029,12,102,2056)
w(21,24030,12,102,2057)
w(17,24031,12,102,2058)
w(74,24032,12,102,2059)
r(24,34986,12,103,2060)
r(58,22871,12,103,2061)
r(5,34997,12,103,2062)
r(89,22899,12,103,2063)
r(17,24031,12,103,2064)
r(47,54909,12,103,2065)
r(21,24030,12,103,2066)
r(19,4057,12,103,2067)
r(96,44027,12,103,2068)
w(4,24033,12,103,2069)
w(49,24034,12,103,2070)
w(62,24035,12,103,2071)
w(89,24036,12,103,2072)
w(58,24037,12,103,2073)
w(58,24038,12,103,2074)
w(27,24039,12,103,2075)
w(34,24040,12,103,2076)
w(66,24041,12,103,2077)
w(66,24042,12,103,2078)
w(75,24043,12,103,2079)
w(7,24044,12,104,2080)
w(14,24045,12,104,2081)
w(25,24046,12,104,2082)
w(7,24047,12,104,2083)
w(75,24048,12,104,2084)
w(4,24049,12,104,2085)
w(71,24050,12,104,2086)
w(43,24051,12,104,2087)
w(71,24052,12,104,2088)
w(1,24053,12,104,2089)
w(58,24054,12,104,2090)
w(55,24055,12,104,2091)
w(47,24056,12,104,2092)
w(52,24057,12,104,2093)
w(3,24058,12,104,2094)
w(13,24059,12,104,2095)
w(26,24060,12,104,2096)
w(69,24061,12,104,2097)
w(37,24062,12,104,2098)
w(76,24063,12,104,2099)
r(79,48931,12,105,2100)
r(29,36108,12,105,2101)
r(39,4082,12,105,2102)
r(77,26949,12,105,2103)
r(64,28002,12,105,2104)
r(19,26953,12,105,2105)
r(16,44061,12,105,2106)
w(96,24064,12,105,2107)
w(24,24065,12,105,2108)
w(46,24066,12,105,2109)
w(15,24067,12,105,2110)
w(70,24068,12,105,2111)
w(73,24069,12,105,2112)
w(87,24070,12,105,2113)
w(60,24071,12,105,2114)
w(72,24072,12,105,2115)
w(65,24073,12,105,2116)
w(71,24074,12,105,2117)
w(97,24075,12,105,2118)
w(15,24076,12,105,2119)
w(64,24077,12,106,2120)
w(75,24078,12,106,2121)
w(36,24079,12,106,2122)
w(14,24080,12,106,2123)
w(91,24081,12,106,2124)
w(12,24082,12,106,2125)
w(47,24083,12,106,2126)
w(76,24084,12,106,2127)
w(37,24085,12,106,2128)
w(4,24086,12,106,2129)
w(11,24087,12,106,2130)
w(32,24088,12,106,2131)
w(46,24089,12,106,2132)
w(2,24090,12,106,2133)
w(84,24091,12,106,2134)
w(94,24092,12,106,2135)
w(23,24093,12,106,2136)
w(31,24094,12,106,2137)
w(22,24095,12,106,2138)
w(67,24096,12,106,2139)
r(59,4131,12,107,2140)
r(21,77,12,107,2141)
r(51,4129,12,107,2142)
r(77,38089,12,107,2143)
r(69,38043,12,107,2144)
r(24,54958,12,107,2145)
r(4,24086,12,107,2146)
r(78,28054,12,107,2147)
r(79,28057,12,107,2148)
r(52,57,12,107,2149)
r(29,59,12,107,2150)
r(76,24084,12,107,2151)
r(94,24092,12,107,2152)
r(88,22965,12,107,2153)
r(95,22979,12,107,2154)
r(53,26972,12,107,2155)
r(69,38043,12,107,2156)
r(37,24085,12,107,2157)
r(47,24083,12,107,2158)
r(78,28054,12,107,2159)
r(9,35025,12,108,2160)
r(80,4126,12,108,2161)
r(31,24094,12,108,2162)
r(31,24094,12,108,2163)
r(58,22973,12,108,2164)
r(26,22958,12,108,2165)
r(40,4130,12,108,2166)
r(18,28059,12,108,2167)
w(30,24097,12,108,2168)
w(45,24098,12,108,2169)
w(92,24099,12,108,2170)
w(79,24100,12,108,2171)
w(60,24101,12,108,2172)
w(61,24102,12,108,2173)
w(88,24103,12,108,2174)
w(39,24104,12,108,2175)
w(90,24105,12,108,2176)
w(35,24106,12,108,2177)
w(64,24107,12,108,2178)
w(97,24108,12,108,2179)
r(33,54967,12,109,2180)
r(11,24087,12,109,2181)
r(84,24091,12,109,2182)
r(12,24082,12,109,2183)
r(29,59,12,109,2184)
r(82,26984,12,109,2185)
r(80,4126,12,109,2186)
r(27,4133,12,109,2187)
r(60,24101,12,109,2188)
r(57,92,12,109,2189)
r(20,28058,12,109,2190)
w(77,24109,12,109,2191)
w(36,24110,12,109,2192)
w(71,24111,12,109,2193)
w(85,24112,12,109,2194)
w(60,24113,12,109,2195)
w(17,24114,12,109,2196)
w(55,24115,12,109,2197)
w(5,24116,12,109,2198)
w(13,24117,12,109,2199)
w(43,24118,12,110,2200)
w(74,24119,12,110,2201)
w(60,24120,12,110,2202)
w(19,24121,12,110,2203)
w(6,24122,12,110,2204)
w(84,24123,12,110,2205)
w(3,24124,12,110,2206)
w(88,24125,12,110,2207)
w(97,24126,12,110,2208)
w(13,24127,12,110,2209)
w(14,24128,12,110,2210)
w(31,24129,12,110,2211)
w(42,24130,12,110,2212)
w(2,24131,12,110,2213)
w(87,24132,12,110,2214)
w(5,24133,12,110,2215)
w(97,24134,12,110,2216)
w(2,24135,12,110,2217)
w(93,24136,12,110,2218)
w(7,24137,12,110,2219)
r(90,49031,12,111,2220)
r(77,27001,12,111,2221)
r(93,24136,12,111,2222)
r(13,24127,12,111,2223)
r(28,49029,12,111,2224)
r(48,54995,12,111,2225)
r(64,55002,12,111,2226)
r(96,28079,12,111,2227)
r(63,36179,12,111,2228)
r(87,24132,12,111,2229)
r(6,28095,12,111,2230)
r(31,24129,12,111,2231)
r(53,49033,12,111,2232)
r(88,36183,12,111,2233)
r(37,49009,12,111,2234)
r(66,35064,12,111,2235)
r(43,38106,12,111,2236)
r(69,44119,12,111,2237)
r(41,49032,12,111,2238)
r(66,35064,12,111,2239)
r(88,36183,12,112,2240)
r(26,22958,12,112,2241)
r(29,109,12,112,2242)
r(58,35084,12,112,2243)
r(88,36183,12,112,2244)
r(46,38139,12,112,2245)
r(9,35025,12,112,2246)
r(91,49017,12,112,2247)
r(34,36185,12,112,2248)
r(11,28103,12,112,2249)
r(98,44131,12,112,2250)
r(90,49031,12,112,2251)
w(62,24138,12,112,2252)
w(86,24139,12,112,2253)
w(87,24140,12,112,2254)
w(61,24141,12,112,2255)
w(53,24142,12,112,2256)
w(54,24143,12,112,2257)
w(57,24144,12,112,2258)
w(29,24145,12,112,2259)
r(66,54007,12,113,2260)
r(10,36207,12,113,2261)
r(31,36189,12,113,2262)
r(0,36193,12,113,2263)
r(71,24111,12,113,2264)
r(59,54001,12,113,2265)
r(89,118,12,113,2266)
r(35,110,12,113,2267)
r(52,54008,12,113,2268)
r(8,44135,12,113,2269)
r(73,36187,12,113,2270)
r(39,36210,12,113,2271)
r(90,49031,12,113,2272)
r(70,36203,12,113,2273)
r(95,125,12,113,2274)
r(16,55020,12,113,2275)
r(35,110,12,113,2276)
r(55,123,12,113,2277)
r(41,36195,12,113,2278)
r(40,36200,12,113,2279)
r(37,4173,12,114,2280)
r(55,123,12,114,2281)
r(27,16015,12,114,2282)
r(64,38147,12,114,2283)
r(67,16002,12,114,2284)
r(52,54008,12,114,2285)
r(35,110,12,114,2286)
r(7,24137,12,114,2287)
w(96,24146,12,114,2288)
w(85,24147,12,114,2289)
w(53,24148,12,114,2290)
w(39,24149,12,114,2291)
w(27,24150,12,114,2292)
w(96,24151,12,114,2293)
w(77,24152,12,114,2294)
w(67,24153,12,114,2295)
w(69,24154,12,114,2296)
w(80,24155,12,114,2297)
w(46,24156,12,114,2298)
w(21,24157,12,114,2299)
r(99,129,12,115,2300)
r(54,24143,12,115,2301)
r(97,24134,12,115,2302)
r(49,23034,12,115,2303)
r(3,54010,12,115,2304)
r(98,36220,12,115,2305)
r(9,35025,12,115,2306)
r(2,36217,12,115,2307)
r(50,28098,12,115,2308)
r(66,54007,12,115,2309)
r(12,23044,12,115,2310)
w(35,24158,12,115,2311)
w(44,24159,12,115,2312)
w(56,24160,12,115,2313)
w(3,24161,12,115,2314)
w(97,24162,12,115,2315)
w(26,24163,12,115,2316)
w(25,24164,12,115,2317)
w(18,24165,12,115,2318)
w(83,24166,12,115,2319)
r(38,38180,12,116,2320)
r(48,38185,12,116,2321)
r(49,28122,12,116,2322)
r(14,140,12,116,2323)
r(3,24161,12,116,2324)
r(0,36193,12,116,2325)
r(0,36193,12,116,2326)
r(58,44180,12,116,2327)
w(86,24167,12,116,2328)
w(98,24168,12,116,2329)
w(55,24169,12,116,2330)
w(57,24170,12,116,2331)
w(26,24171,12,116,2332)
w(84,24172,12,116,2333)
w(67,24173,12,116,2334)
w(73,24174,12,116,2335)
w(34,24175,12,116,2336)
w(42,24176,12,116,2337)
w(19,24177,12,116,2338)
w(68,24178,12,116,2339)
r(63,38151,12,117,2340)
r(35,24158,12,117,2341)
r(1,36235,12,117,2342)
r(92,4192,12,117,2343)
r(65,36236,12,117,2344)
r(68,24178,12,117,2345)
r(89,54022,12,117,2346)
r(51,4198,12,117,2347)
r(34,24175,12,117,2348)
r(26,24171,12,117,2349)
r(5,16048,12,117,2350)
r(84,24172,12,117,2351)
r(8,4193,12,117,2352)
r(38,38180,12,117,2353)
r(34,24175,12,117,2354)
r(33,4189,12,117,2355)
r(70,28118,12,117,2356)
r(93,16050,12,117,2357)
r(41,26046,12,117,2358)
r(24,36242,12,117,2359)
w(46,24179,12,118,2360)
w(51,24180,12,118,2361)
w(20,24181,12,118,2362)
w(14,24182,12,118,2363)
w(0,24183,12,118,2364)
w(33,24184,12,118,2365)
w(2,24185,12,118,2366)
w(31,24186,12,118,2367)
w(63,24187,12,118,2368)
w(41,24188,12,118,2369)
w(33,24189,12,118,2370)
w(25,24190,12,118,2371)
w(3,24191,12,118,2372)
w(47,24192,12,118,2373)
w(7,24193,12,118,2374)
w(66,24194,12,118,2375)
w(84,24195,12,118,2376)
w(24,24196,12,118,2377)
w(8,24197,12,118,2378)
w(35,24198,12,118,2379)
r(65,26096,12,119,2380)
r(7,24193,12,119,2381)
r(7,24193,12,119,2382)
r(15,26065,12,119,2383)
r(26,219,12,119,2384)
r(6,16059,12,119,2385)
w(1,24199,12,119,2386)
w(81,24200,12,119,2387)
w(65,24201,12,119,2388)
w(46,24202,12,119,2389)
w(0,24203,12,119,2390)
w(55,24204,12,119,2391)
w(67,24205,12,119,2392)
w(33,24206,12,119,2393)
w(91,24207,12,119,2394)
w(4,24208,12,119,2395)
w(42,24209,12,119,2396)
w(79,24210,12,119,2397)
w(75,24211,12,119,2398)
w(29,24212,12,119,2399)
w(65,24213,12,120,2400)
w(82,24214,12,120,2401)
w(46,24215,12,120,2402)
w(64,24216,12,120,2403)
w(11,24217,12,120,2404)
w(98,24218,12,120,2405)
w(1,24219,12,120,2406)
w(16,24220,12,120,2407)
w(86,24221,12,120,2408)
w(63,24222,12,120,2409)
w(2,24223,12,120,2410)
w(27,24224,12,120,2411)
w(74,24225,12,120,2412)
w(64,24226,12,120,2413)
w(2,24227,12,120,2414)
w(3,24228,12,120,2415)
w(82,24229,12,120,2416)
w(54,24230,12,120,2417)
w(87,24231,12,120,2418)
w(79,24232,12,120,2419)
r(26,16089,12,121,2420)
r(85,28214,12,121,2421)
r(81,26113,12,121,2422)
r(6,16079,12,121,2423)
r(73,16100,12,121,2424)
r(36,16091,12,121,2425)
r(11,4272,12,121,2426)
r(50,54063,12,121,2427)
r(77,28194,12,121,2428)
w(62,24233,12,121,2429)
w(7,24234,12,121,2430)
w(68,24235,12,121,2431)
w(85,24236,12,121,2432)
w(26,24237,12,121,2433)
w(89,24238,12,121,2434)
w(11,24239,12,121,2435)
w(82,24240,12,121,2436)
w(34,24241,12,121,2437)
w(55,24242,12,121,2438)
w(47,24243,12,121,2439)
r(64,54090,12,122,2440)
r(5,52044,12,122,2441)
r(15,38254,12,122,2442)
r(42,38257,12,122,2443)
r(64,54090,12,122,2444)
r(74,24225,12,122,2445)
r(60,28230,12,122,2446)
r(68,24235,12,122,2447)
r(30,52043,12,122,2448)
r(16,44226,12,122,2449)
r(59,262,12,122,2450)
r(66,44210,12,122,2451)
r(70,54087,12,122,2452)
r(89,24238,12,122,2453)
r(46,24202,12,122,2454)
r(68,24235,12,122,2455)
r(84,266,12,122,2456)
r(1,267,12,122,2457)
r(76,246,12,122,2458)
r(21,44215,12,122,2459)
w(70,24244,12,123,2460)
w(17,24245,12,123,2461)
w(48,24246,12,123,2462)
w(25,24247,12,123,2463)
w(1,24248,12,123,2464)
w(29,24249,12,123,2465)
w(4,24250,12,123,2466)
w(80,24251,12,123,2467)
w(24,24252,12,123,2468)
w(99,24253,12,123,2469)
w(86,24254,12,123,2470)
w(11,24255,12,123,2471)
w(78,24256,12,123,2472)
w(49,24257,12,123,2473)
w(51,24258,12,123,2474)
w(59,24259,12,123,2475)
w(48,24260,12,123,2476)
w(40,24261,12,123,2477)
w(10,24262,12,123,2478)
w(8,24263,12,123,2479)
r(60,16111,12,124,2480)
r(83,26128,12,124,2481)
r(27,24224,12,124,2482)
r(5,52044,12,124,2483)
r(27,24224,12,124,2484)
r(21,44215,12,124,2485)
r(35,24198,12,124,2486)
r(47,24243,12,124,2487)
r(6,16079,12,124,2488)
r(37,28213,12,124,2489)
r(23,4269,12,124,2490)
r(53,38261,12,124,2491)
w(85,24264,12,124,2492)
w(48,24265,12,124,2493)
w(26,24266,12,124,2494)
w(47,24267,12,124,2495)
w(11,24268,12,124,2496)
w(65,24269,12,124,2497)
w(0,24270,12,124,2498)
w(35,24271,12,124,2499)
w(79,24272,12,125,2500)
w(13,24273,12,125,2501)
w(99,24274,12,125,2502)
w(98,24275,12,125,2503)
w(39,24276,12,125,2504)
w(69,24277,12,125,2505)
w(28,24278,12,125,2506)
w(73,24279,12,125,2507)
w(94,24280,12,125,2508)
w(55,24281,12,125,2509)
w(19,24282,12,125,2510)
w(97,24283,12,125,2511)
w(97,24284,12,125,2512)
w(55,24285,12,125,2513)
w(22,24286,12,125,2514)
w(26,24287,12,125,2515)
w(10,24288,12,125,2516)
w(73,24289,12,125,2517)
w(43,24290,12,125,2518)
w(25,24291,12,125,2519)
r(20,265,12,126,2520)
r(35,50276,12,126,2521)
r(54,38277,12,126,2522)
r(27,24224,12,126,2523)
r(69,26141,12,126,2524)
r(75,48232,12,126,2525)
r(30,48234,12,126,2526)
r(27,24224,12,126,2527)
r(85,26150,12,126,2528)
r(19,16115,12,126,2529)
w(70,24292,12,126,2530)
w(49,24293,12,126,2531)
w(28,24294,12,126,2532)
w(50,24295,12,126,2533)
w(78,24296,12,126,2534)
w(78,24297,12,126,2535)
w(94,24298,12,126,2536)
w(56,24299,12,126,2537)
w(34,24300,12,126,2538)
w(1,24301,12,126,2539)
r(15,50272,12,127,2540)
r(80,50321,12,127,2541)
r(57,299,12,127,2542)
r(77,50279,12,127,2543)
r(14,20016,12,127,2544)
r(13,2231,12,127,2545)
r(94,24298,12,127,2546)
r(12,50306,12,127,2547)
r(36,2245,12,127,2548)
r(29,52062,12,127,2549)
r(58,2227,12,127,2550)
w(34,24302,12,127,2551)
w(75,24303,12,127,2552)
w(71,24304,12,127,2553)
w(68,24305,12,127,2554)
w(28,24306,12,127,2555)
w(6,24307,12,127,2556)
w(69,24308,12,127,2557)
w(43,24309,12,127,2558)
w(30,24310,12,127,2559)
r(25,52110,12,128,2560)
r(30,24310,12,128,2561)
r(62,36317,12,128,2562)
r(26,50287,12,128,2563)
r(93,36369,12,128,2564)
r(45,38260,12,128,2565)
r(87,26180,12,128,2566)
r(36,52109,12,128,2567)
r(44,20069,12,128,2568)
r(84,18055,12,128,2569)
r(37,50336,12,128,2570)
r(53,50283,12,128,2571)
r(54,38277,12,128,2572)
r(23,38307,12,128,2573)
r(71,36356,12,128,2574)
r(31,50273,12,128,2575)
r(73,325,12,128,2576)
r(1,24301,12,128,2577)
r(58,2227,12,128,2578)
r(25,52110,12,128,2579)
r(44,20069,12,129,2580)
r(17,2238,12,129,2581)
r(16,328,12,129,2582)
r(46,331,12,129,2583)
r(14,316,12,129,2584)
r(6,44287,12,129,2585)
r(98,44289,12,129,2586)
r(7,4325,12,129,2587)
r(9,48290,12,129,2588)
r(95,50349,12,129,2589)
r(20,2243,12,129,2590)
r(99,48296,12,129,2591)
r(68,317,12,129,2592)
r(56,48294,12,129,2593)
r(17,2238,12,129,2594)
r(47,26181,12,129,2595)
r(49,26187,12,129,2596)
r(64,36363,12,129,2597)
r(47,26181,12,129,2598)
r(68,317,12,129,2599)
r(16,328,12,130,2600)
r(51,48245,12,130,2601)
r(67,50341,12,130,2602)
r(94,50339,12,130,2603)
r(44,20069,12,130,2604)
r(9,48290,12,130,2605)
r(14,316,12,130,2606)
r(17,2238,12,130,2607)
r(37,50336,12,130,2608)
w(97,24311,12,130,2609)
w(29,24312,12,130,2610)
w(26,24313,12,130,2611)
w(69,24314,12,130,2612)
w(37,24315,12,130,2613)
w(49,24316,12,130,2614)
w(10,24317,12,130,2615)
w(27,24318,12,130,2616)
w(12,24319,12,130,2617)
w(8,24320,12,130,2618)
w(51,24321,12,130,2619)
w(8,24322,12,131,2620)
w(29,24323,12,131,2621)
w(11,24324,12,131,2622)
w(26,24325,12,131,2623)
w(22,24326,12,131,2624)
w(16,24327,12,131,2625)
w(45,24328,12,131,2626)
w(72,24329,12,131,2627)
w(29,24330,12,131,2628)
w(30,24331,12,131,2629)
w(17,24332,12,131,2630)
w(58,24333,12,131,2631)
w(59,24334,12,131,2632)
w(55,24335,12,131,2633)
w(38,24336,12,131,2634)
w(50,24337,12,131,2635)
w(31,24338,12,131,2636)
w(83,24339,12,131,2637)
w(41,24340,12,131,2638)
w(9,24341,12,131,2639)
r(19,2316,12,132,2640)
r(56,26207,12,132,2641)
r(19,2316,12,132,2642)
r(21,2315,12,132,2643)
r(59,2303,12,132,2644)
r(66,2012,12,132,2645)
r(27,18066,12,132,2646)
r(77,2300,12,132,2647)
r(21,2315,12,132,2648)
r(36,52109,12,132,2649)
r(69,24308,12,132,2650)
r(50,44309,12,132,2651)
r(30,24310,12,132,2652)
r(58,2311,12,132,2653)
r(82,20098,12,132,2654)
r(22,52142,12,132,2655)
r(48,20104,12,132,2656)
r(90,36380,12,132,2657)
r(69,24308,12,132,2658)
r(76,246,12,132,2659)
r(40,20101,12,133,2660)
r(98,2320,12,133,2661)
r(2,50284,12,133,2662)
r(7,4325,12,133,2663)
r(52,20099,12,133,2664)
r(51,2304,12,133,2665)
r(42,48306,12,133,2666)
r(2,50284,12,133,2667)
r(63,50379,12,133,2668)
r(29,52141,12,133,2669)
w(1,24342,12,133,2670)
w(8,24343,12,133,2671)
w(79,24344,12,133,2672)
w(92,24345,12,133,2673)
w(70,24346,12,133,2674)
w(5,24347,12,133,2675)
w(71,24348,12,133,2676)
w(35,24349,12,133,2677)
w(35,24350,12,133,2678)
w(55,24351,12,133,2679)
r(2,50446,12,134,2680)
r(77,46047,12,134,2681)
r(56,26207,12,134,2682)
r(9,30045,12,134,2683)
r(95,54201,12,134,2684)
r(72,20114,12,134,2685)
r(3,46052,12,134,2686)
r(22,46050,12,134,2687)
r(80,48339,12,134,2688)
r(91,46040,12,134,2689)
r(76,246,12,134,2690)
r(67,54202,12,134,2691)
r(72,20114,12,134,2692)
w(51,24352,12,134,2693)
w(91,24353,12,134,2694)
w(78,24354,12,134,2695)
w(64,24355,12,134,2696)
w(22,24356,12,134,2697)
w(6,24357,12,134,2698)
w(44,24358,12,134,2699)
r(31,30033,12,135,2700)
r(75,2020,12,135,2701)
r(59,46020,12,135,2702)
r(29,52141,12,135,2703)
r(69,24308,12,135,2704)
r(25,20090,12,135,2705)
r(92,44310,12,135,2706)
r(9,20110,12,135,2707)
r(32,54184,12,135,2708)
r(5,30034,12,135,2709)
r(82,48344,12,135,2710)
r(3,50418,12,135,2711)
r(3,50418,12,135,2712)
r(0,30035,12,135,2713)
r(37,44312,12,135,2714)
r(85,50424,12,135,2715)
r(24,52134,12,135,2716)
r(98,2320,12,135,2717)
r(16,2010,12,135,2718)
r(18,36360,12,135,2719)
w(85,24001,12,136,2720)
w(5,24002,12,136,2721)
w(83,24003,12,136,2722)
w(80,24004,12,136,2723)
w(37,24005,12,136,2724)
w(81,24006,12,136,2725)
w(71,24007,12,136,2726)
w(33,24008,12,136,2727)
w(18,24009,12,136,2728)
w(87,24010,12,136,2729)
w(76,24011,12,136,2730)
w(11,24012,12,136,2731)
w(21,24013,12,136,2732)
w(62,24014,12,136,2733)
w(13,24015,12,136,2734)
w(68,24016,12,136,2735)
w(21,24017,12,136,2736)
w(82,24018,12,136,2737)
w(2,24019,12,136,2738)
w(54,24020,12,136,2739)
w(21,24021,12,137,2740)
w(85,24022,12,137,2741)
w(38,24023,12,137,2742)
w(8,24024,12,137,2743)
w(86,24025,12,137,2744)
w(12,24026,12,137,2745)
w(59,24027,12,137,2746)
w(61,24028,12,137,2747)
w(64,24029,12,137,2748)
w(85,24030,12,137,2749)
w(99,24031,12,137,2750)
w(69,24032,12,137,2751)
w(85,24033,12,137,2752)
w(40,24034,12,137,2753)
w(49,24035,12,137,2754)
w(82,24036,12,137,2755)
w(72,24037,12,137,2756)
w(65,24038,12,137,2757)
w(93,24039,12,137,2758)
w(95,24040,12,137,2759)
w(85,24041,12,138,2760)
w(39,24042,12,138,2761)
w(5,24043,12,138,2762)
w(29,24044,12,138,2763)
w(22,24045,12,138,2764)
w(60,24046,12,138,2765)
w(96,24047,12,138,2766)
w(45,24048,12,138,2767)
w(95,24049,12,138,2768)
w(20,24050,12,138,2769)
w(77,24051,12,138,2770)
w(72,24052,12,138,2771)
w(56,24053,12,138,2772)
w(12,24054,12,138,2773)
w(46,24055,12,138,2774)
w(49,24056,12,138,2775)
w(9,24057,12,138,2776)
w(78,24058,12,138,2777)
w(98,24059,12,138,2778)
w(12,24060,12,138,2779)
r(3,46127,12,139,2780)
r(17,12020,12,139,2781)
r(19,2106,12,139,2782)
r(81,46159,12,139,2783)
r(80,48354,12,139,2784)
r(55,46141,12,139,2785)
r(45,50535,12,139,2786)
w(80,24061,12,139,2787)
w(20,24062,12,139,2788)
w(76,24063,12,139,2789)
w(1,24064,12,139,2790)
w(32,24065,12,139,2791)
w(1,24066,12,139,2792)
w(93,24067,12,139,2793)
w(82,24068,12,139,2794)
w(44,24069,12,139,2795)
w(97,24070,12,139,2796)
w(46,24071,12,139,2797)
w(59,24072,12,139,2798)
w(76,24073,12,139,2799)
r(29,20214,12,140,2800)
r(95,50575,12,140,2801)
r(1,26252,12,140,2802)
r(25,2129,12,140,2803)
r(68,50567,12,140,2804)
r(82,50554,12,140,2805)
r(94,30173,12,140,2806)
r(75,36443,12,140,2807)
r(63,30185,12,140,2808)
r(39,50569,12,140,2809)
r(7,2134,12,140,2810)
r(80,50571,12,140,2811)
r(0,2139,12,140,2812)
r(51,56057,12,140,2813)
r(70,52176,12,140,2814)
r(60,20209,12,140,2815)
r(78,46187,12,140,2816)
r(83,26251,12,140,2817)
r(61,46186,12,140,2818)
r(61,46186,12,140,2819)
r(79,50540,12,141,2820)
r(82,50554,12,141,2821)
r(33,46175,12,141,2822)
r(3,50574,12,141,2823)
r(32,30168,12,141,2824)
r(8,30183,12,141,2825)
r(32,30168,12,141,2826)
r(68,50567,12,141,2827)
r(53,50564,12,141,2828)
w(10,24074,12,141,2829)
w(36,24075,12,141,2830)
w(78,24076,12,141,2831)
w(99,24077,12,141,2832)
w(42,24078,12,141,2833)
w(26,24079,12,141,2834)
w(10,24080,12,141,2835)
w(65,24081,12,141,2836)
w(79,24082,12,141,2837)
w(58,24083,12,141,2838)
w(4,24084,12,141,2839)
w(45,24085,12,142,2840)
w(52,24086,12,142,2841)
w(59,24087,12,142,2842)
w(50,24088,12,142,2843)
w(49,24089,12,142,2844)
w(44,24090,12,142,2845)
w(29,24091,12,142,2846)
w(99,24092,12,142,2847)
w(38,24093,12,142,2848)
w(50,24094,12,142,2849)
w(99,24095,12,142,2850)
w(70,24096,12,142,2851)
w(77,24097,12,142,2852)
w(58,24098,12,142,2853)
w(47,24099,12,142,2854)
w(30,24100,12,142,2855)
w(9,24101,12,142,2856)
w(17,24102,12,142,2857)
w(30,24103,12,142,2858)
w(85,24104,12,142,2859)
w(60,24105,12,143,2860)
w(77,24106,12,143,2861)
w(62,24107,12,143,2862)
w(6,24108,12,143,2863)
w(13,24109,12,143,2864)
w(26,24110,12,143,2865)
w(2,24111,12,143,2866)
w(34,24112,12,143,2867)
w(58,24113,12,143,2868)
w(38,24114,12,143,2869)
w(78,24115,12,143,2870)
w(70,24116,12,143,2871)
w(52,24117,12,143,2872)
w(39,24118,12,143,2873)
w(34,24119,12,143,2874)
w(6,24120,12,143,2875)
w(85,24121,12,143,2876)
w(25,24122,12,143,2877)
w(85,24123,12,143,2878)
w(21,24124,12,143,2879)
w(33,24125,12,144,2880)
w(96,24126,12,144,2881)
w(9,24127,12,144,2882)
w(77,24128,12,144,2883)
w(99,24129,12,144,2884)
w(77,24130,12,144,2885)
w(5,24131,12,144,2886)
w(76,24132,12,144,2887)
w(25,24133,12,144,2888)
w(7,24134,12,144,2889)
w(83,24135,12,144,2890)
w(56,24136,12,144,2891)
w(55,24137,12,144,2892)
w(34,24138,12,144,2893)
w(48,24139,12,144,2894)
w(5,24140,12,144,2895)
w(18,24141,12,144,2896)
w(61,24142,12,144,2897)
w(13,24143,12,144,2898)
w(47,24144,12,144,2899)
r(17,48054,12,145,2900)
r(61,30209,12,145,2901)
r(97,28394,12,145,2902)
r(28,20204,12,145,2903)
r(40,50590,12,145,2904)
r(20,2141,12,145,2905)
r(74,50563,12,145,2906)
r(32,30214,12,145,2907)
r(20,2141,12,145,2908)
r(91,50587,12,145,2909)
w(42,24145,12,145,2910)
w(59,24146,12,145,2911)
w(4,24147,12,145,2912)
w(39,24148,12,145,2913)
w(91,24149,12,145,2914)
w(58,24150,12,145,2915)
w(61,24151,12,145,2916)
w(33,24152,12,145,2917)
w(32,24153,12,145,2918)
w(95,24154,12,145,2919)
r(63,4040,12,146,2920)
r(26,50614,12,146,2921)
r(58,2181,12,146,2922)
r(33,30240,12,146,2923)
r(72,50631,12,146,2924)
r(61,30209,12,146,2925)
r(85,30239,12,146,2926)
r(33,30240,12,146,2927)
r(4,50642,12,146,2928)
w(39,24155,12,146,2929)
w(78,24156,12,146,2930)
w(35,24157,12,146,2931)
w(37,24158,12,146,2932)
w(36,24159,12,146,2933)
w(19,24160,12,146,2934)
w(87,24161,12,146,2935)
w(13,24162,12,146,2936)
w(16,24163,12,146,2937)
w(78,24164,12,146,2938)
w(2,24165,12,146,2939)
r(16,46267,12,147,2940)
r(19,2106,12,147,2941)
r(54,30256,12,147,2942)
r(85,30239,12,147,2943)
r(56,4042,12,147,2944)
r(62,4071,12,147,2945)
r(38,30266,12,147,2946)
r(59,50636,12,147,2947)
r(19,2106,12,147,2948)
r(31,50641,12,147,2949)
w(99,24166,12,147,2950)
w(70,24167,12,147,2951)
w(75,24168,12,147,2952)
w(80,24169,12,147,2953)
w(95,24170,12,147,2954)
w(22,24171,12,147,2955)
w(59,24172,12,147,2956)
w(84,24173,12,147,2957)
w(97,24174,12,147,2958)
w(45,24175,12,147,2959)
r(85,2239,12,148,2960)
r(86,50644,12,148,2961)
r(70,8025,12,148,2962)
r(69,20005,12,148,2963)
r(71,50697,12,148,2964)
r(75,36525,12,148,2965)
r(87,50696,12,148,2966)
r(17,50652,12,148,2967)
r(10,50682,12,148,2968)
r(66,36521,12,148,2969)
w(69,24176,12,148,2970)
w(24,24177,12,148,2971)
w(1,24178,12,148,2972)
w(56,24179,12,148,2973)
w(63,24180,12,148,2974)
w(67,24181,12,148,2975)
w(53,24182,12,148,2976)
w(5,24183,12,148,2977)
w(63,24184,12,148,2978)
w(57,24185,12,148,2979)
r(50,50670,12,149,2980)
r(59,36519,12,149,2981)
r(7,2011,12,149,2982)
r(10,46328,12,149,2983)
r(96,46319,12,149,2984)
r(4,8021,12,149,2985)
r(55,30341,12,149,2986)
r(80,20008,12,149,2987)
r(80,20008,12,149,2988)
r(82,30293,12,149,2989)
r(52,50701,12,149,2990)
r(4,8021,12,149,2991)
r(87,50696,12,149,2992)
w(76,24186,12,149,2993)
w(45,24187,12,149,2994)
w(59,24188,12,149,2995)
w(56,24189,12,149,2996)
w(53,24190,12,149,2997)
w(53,24191,12,149,2998)
w(64,24192,12,149,2999)
r(30,30344,12,150,3000)
r(52,50701,12,150,3001)
r(57,30273,12,150,3002)
r(8,2236,12,150,3003)
r(33,2199,12,150,3004)
r(46,2221,12,150,3005)
r(96,46319,12,150,3006)
r(14,30350,12,150,3007)
w(29,24193,12,150,3008)
w(95,24194,12,150,3009)
w(46,24195,12,150,3010)
w(64,24196,12,150,3011)
w(51,24197,12,150,3012)
w(40,24198,12,150,3013)
w(25,24199,12,150,3014)
w(53,24200,12,150,3015)
w(79,24201,12,150,3016)
w(25,24202,12,150,3017)
w(67,24203,12,150,3018)
w(96,24204,12,150,3019)
r(32,44439,12,151,3020)
r(2,50789,12,151,3021)
r(31,50787,12,151,3022)
r(9,18299,12,151,3023)
r(61,44434,12,151,3024)
r(99,30395,12,151,3025)
r(41,30393,12,151,3026)
r(66,8037,12,151,3027)
r(36,30360,12,151,3028)
r(49,30391,12,151,3029)
r(64,26020,12,151,3030)
r(72,30370,12,151,3031)
w(70,24001,12,151,3032)
w(32,24002,12,151,3033)
w(33,24003,12,151,3034)
w(21,24004,12,151,3035)
w(58,24005,12,151,3036)
w(43,24006,12,151,3037)
w(0,24007,12,151,3038)
w(21,24008,12,151,3039)
r(63,30351,12,152,3040)
r(50,50670,12,152,3041)
r(55,30341,12,152,3042)
r(59,56197,12,152,3043)
r(93,44451,12,152,3044)
r(74,44450,12,152,3045)
r(26,46386,12,152,3046)
r(37,56193,12,152,3047)
r(83,52296,12,152,3048)
r(88,30405,12,152,3049)
r(73,20097,12,152,3050)
r(35,26022,12,152,3051)
r(24,46341,12,152,3052)
w(61,24009,12,152,3053)
w(11,24010,12,152,3054)
w(34,24011,12,152,3055)
w(32,24012,12,152,3056)
w(44,24013,12,152,3057)
w(11,24014,12,152,3058)
w(54,24015,12,152,3059)
r(18,50781,12,153,3060)
r(98,12115,12,153,3061)
r(93,44451,12,153,3062)
r(15,44444,12,153,3063)
r(64,2030,12,153,3064)
r(12,16383,12,153,3065)
r(45,12069,12,153,3066)
r(22,26018,12,153,3067)
r(0,30414,12,153,3068)
r(45,12069,12,153,3069)
w(28,24016,12,153,3070)
w(8,24017,12,153,3071)
w(10,24018,12,153,3072)
w(94,24019,12,153,3073)
w(38,24020,12,153,3074)
w(45,24021,12,153,3075)
w(15,24022,12,153,3076)
w(64,24023,12,153,3077)
w(43,24024,12,153,3078)
w(11,24025,12,153,3079)
r(97,26073,12,154,3080)
r(91,36553,12,154,3081)
r(57,26093,12,154,3082)
r(13,26076,12,154,3083)
r(2,6020,12,154,3084)
r(37,6018,12,154,3085)
r(13,26076,12,154,3086)
r(65,26013,12,154,3087)
r(21,26091,12,154,3088)
w(24,24026,12,154,3089)
w(82,24027,12,154,3090)
w(86,24028,12,154,3091)
w(49,24029,12,154,3092)
w(79,24030,12,154,3093)
w(16,24031,12,154,3094)
w(68,24032,12,154,3095)
w(61,24033,12,154,3096)
w(30,24034,12,154,3097)
w(94,24035,12,154,3098)
w(11,24036,12,154,3099)
r(88,26086,12,155,3100)
r(72,30370,12,155,3101)
r(29,30424,12,155,3102)
r(61,24033,12,155,3103)
r(50,6044,12,155,3104)
r(98,46427,12,155,3105)
r(54,6016,12,155,3106)
r(77,30434,12,155,3107)
r(86,24028,12,155,3108)
r(57,6038,12,155,3109)
r(88,26086,12,155,3110)
r(41,46436,12,155,3111)
r(52,6039,12,155,3112)
r(13,26076,12,155,3113)
r(9,16395,12,155,3114)
r(53,6036,12,155,3115)
r(66,46447,12,155,3116)
r(60,30433,12,155,3117)
r(88,26086,12,155,3118)
r(86,24028,12,155,3119)
r(44,6047,12,156,3120)
r(3,6035,12,156,3121)
r(70,26072,12,156,3122)
r(31,6046,12,156,3123)
r(46,36550,12,156,3124)
r(21,46442,12,156,3125)
r(36,46444,12,156,3126)
r(68,24032,12,156,3127)
r(57,6038,12,156,3128)
r(55,46438,12,156,3129)
r(41,46436,12,156,3130)
r(55,46438,12,156,3131)
r(85,6048,12,156,3132)
w(95,24037,12,156,3133)
w(67,24038,12,156,3134)
w(29,24039,12,156,3135)
w(94,24040,12,156,3136)
w(18,24041,12,156,3137)
w(24,24042,12,156,3138)
w(19,24043,12,156,3139)
r(16,20157,12,157,3140)
r(17,46424,12,157,3141)
r(33,12153,12,157,3142)
r(99,50036,12,157,3143)
r(92,46466,12,157,3144)
r(50,6044,12,157,3145)
r(45,6049,12,157,3146)
r(69,6061,12,157,3147)
r(18,24041,12,157,3148)
w(33,24044,12,157,3149)
w(34,24045,12,157,3150)
w(99,24046,12,157,3151)
w(51,24047,12,157,3152)
w(96,24048,12,157,3153)
w(12,24049,12,157,3154)
w(57,24050,12,157,3155)
w(84,24051,12,157,3156)
w(3,24052,12,157,3157)
w(79,24053,12,157,3158)
w(28,24054,12,157,3159)
w(56,24055,12,158,3160)
w(54,24056,12,158,3161)
w(9,24057,12,158,3162)
w(40,24058,12,158,3163)
w(5,24059,12,158,3164)
w(22,24060,12,158,3165)
w(74,24061,12,158,3166)
w(87,24062,12,158,3167)
w(60,24063,12,158,3168)
w(89,24064,12,158,3169)
w(74,24065,12,158,3170)
w(19,24066,12,158,3171)
w(45,24067,12,158,3172)
w(98,24068,12,158,3173)
w(88,24069,12,158,3174)
w(13,24070,12,158,3175)
w(64,24071,12,158,3176)
w(50,24072,12,158,3177)
w(65,24073,12,158,3178)
w(97,24074,12,158,3179)
r(27,36548,12,159,3180)
r(67,8101,12,159,3181)
r(22,50086,12,159,3182)
r(51,50080,12,159,3183)
r(24,50092,12,159,3184)
r(6,20163,12,159,3185)
r(34,20171,12,159,3186)
r(70,30442,12,159,3187)
r(93,26122,12,159,3188)
r(69,50102,12,159,3189)
w(21,24075,12,159,3190)
w(53,24076,12,159,3191)
w(75,24077,12,159,3192)
w(81,24078,12,159,3193)
w(73,24079,12,159,3194)
w(32,24080,12,159,3195)
w(63,24081,12,159,3196)
w(53,24082,12,159,3197)
w(4,24083,12,159,3198)
w(14,24084,12,159,3199)
w(95,24085,12,160,3200)
w(40,24086,12,160,3201)
w(37,24087,12,160,3202)
w(40,24088,12,160,3203)
w(88,24089,12,160,3204)
w(26,24090,12,160,3205)
w(37,24091,12,160,3206)
w(58,24092,12,160,3207)
w(66,24093,12,160,3208)
w(92,24094,12,160,3209)
w(99,24095,12,160,3210)
w(81,24096,12,160,3211)
w(58,24097,12,160,3212)
w(61,24098,12,160,3213)
w(4,24099,12,160,3214)
w(45,24100,12,160,3215)
w(82,24101,12,160,3216)
w(58,24102,12,160,3217)
w(60,24103,12,160,3218)
w(5,24104,12,160,3219)
r(62,50122,12,161,3220)
r(28,20203,12,161,3221)
r(20,50058,12,161,3222)
r(63,24081,12,161,3223)
r(37,30481,12,161,3224)
r(84,26162,12,161,3225)
r(45,8111,12,161,3226)
r(23,8110,12,161,3227)
r(47,50068,12,161,3228)
r(61,6062,12,161,3229)
r(21,46508,12,161,3230)
r(89,20176,12,161,3231)
r(26,50055,12,161,3232)
r(21,46508,12,161,3233)
r(44,30491,12,161,3234)
r(55,26139,12,161,3235)
r(53,50117,12,161,3236)
r(74,30483,12,161,3237)
r(85,6083,12,161,3238)
r(5,20184,12,161,3239)
r(68,20205,12,162,3240)
r(26,50055,12,162,3241)
r(70,30442,12,162,3242)
r(46,26152,12,162,3243)
r(11,6103,12,162,3244)
r(24,50092,12,162,3245)
r(50,46507,12,162,3246)
r(46,26152,12,162,3247)
r(34,26155,12,162,3248)
r(39,50091,12,162,3249)
r(52,8112,12,162,3250)
r(69,26165,12,162,3251)
w(24,24105,12,162,3252)
w(58,24106,12,162,3253)
w(53,24107,12,162,3254)
w(94,24108,12,162,3255)
w(64,24109,12,162,3256)
w(48,24110,12,162,3257)
w(91,24111,12,162,3258)
w(49,24112,12,162,3259)
r(19,6107,12,163,3260)
r(63,24081,12,163,3261)
r(60,50100,12,163,3262)
r(64,24109,12,163,3263)
r(45,8111,12,163,3264)
r(43,26153,12,163,3265)
r(66,30493,12,163,3266)
r(56,50099,12,163,3267)
r(61,6062,12,163,3268)
r(77,46503,12,163,3269)
w(33,24113,12,163,3270)
w(4,24114,12,163,3271)
w(45,24115,12,163,3272)
w(75,24116,12,163,3273)
w(88,24117,12,163,3274)
w(15,24118,12,163,3275)
w(29,24119,12,163,3276)
w(85,24120,12,163,3277)
w(9,24121,12,163,3278)
w(7,24122,12,163,3279)
r(94,24108,12,164,3280)
r(44,38623,12,164,3281)
r(95,46512,12,164,3282)
r(63,24081,12,164,3283)
r(39,50091,12,164,3284)
r(0,6102,12,164,3285)
r(35,6109,12,164,3286)
r(93,38618,12,164,3287)
r(29,24119,12,164,3288)
r(43,30519,12,164,3289)
r(76,50116,12,164,3290)
r(78,26156,12,164,3291)
r(96,26176,12,164,3292)
r(82,30480,12,164,3293)
r(4,24114,12,164,3294)
r(54,26177,12,164,3295)
r(29,24119,12,164,3296)
r(76,50116,12,164,3297)
r(86,30484,12,164,3298)
r(63,24081,12,164,3299)
r(0,6102,12,165,3300)
r(36,12178,12,165,3301)
r(57,46505,12,165,3302)
r(5,20184,12,165,3303)
r(49,24112,12,165,3304)
r(36,12178,12,165,3305)
r(34,26155,12,165,3306)
r(15,20200,12,165,3307)
r(50,46507,12,165,3308)
w(29,24001,12,165,3309)
w(42,24002,12,165,3310)
w(48,24003,12,165,3311)
w(69,24004,12,165,3312)
w(98,24005,12,165,3313)
w(8,24006,12,165,3314)
w(0,24007,12,165,3315)
w(14,24008,12,165,3316)
w(75,24009,12,165,3317)
w(21,24010,12,165,3318)
w(75,24011,12,165,3319)
r(52,30532,12,166,3320)
r(4,24114,12,166,3321)
r(81,30526,12,166,3322)
r(73,2001,12,166,3323)
r(58,24106,12,166,3324)
r(3,2020,12,166,3325)
r(10,46527,12,166,3326)
r(10,46527,12,166,3327)
r(21,26181,12,166,3328)
r(34,30533,12,166,3329)
r(36,2014,12,166,3330)
w(46,24012,12,166,3331)
w(23,24013,12,166,3332)
w(88,24014,12,166,3333)
w(98,24015,12,166,3334)
w(83,24016,12,166,3335)
w(85,24017,12,166,3336)
w(78,24018,12,166,3337)
w(77,24019,12,166,3338)
w(71,24020,12,166,3339)
w(66,24021,12,167,3340)
w(28,24022,12,167,3341)
w(7,24023,12,167,3342)
w(58,24024,12,167,3343)
w(8,24025,12,167,3344)
w(19,24026,12,167,3345)
w(2,24027,12,167,3346)
w(80,24028,12,167,3347)
w(39,24029,12,167,3348)
w(67,24030,12,167,3349)
w(46,24031,12,167,3350)
w(32,24032,12,167,3351)
w(99,24033,12,167,3352)
w(62,24034,12,167,3353)
w(59,24035,12,167,3354)
w(75,24036,12,167,3355)
w(51,24037,12,167,3356)
w(61,24038,12,167,3357)
w(87,24039,12,167,3358)
w(4,24040,12,167,3359)
r(58,30551,12,168,3360)
r(70,20218,12,168,3361)
r(6,50164,12,168,3362)
r(19,30556,12,168,3363)
r(28,20203,12,168,3364)
r(45,30546,12,168,3365)
r(37,20231,12,168,3366)
r(11,46524,12,168,3367)
r(53,24107,12,168,3368)
r(47,30535,12,168,3369)
r(77,30527,12,168,3370)
r(62,30517,12,168,3371)
r(17,30525,12,168,3372)
r(95,30555,12,168,3373)
r(1,30531,12,168,3374)
r(8,6135,12,168,3375)
r(90,20225,12,168,3376)
r(7,30545,12,168,3377)
r(74,6137,12,168,3378)
r(13,46537,12,168,3379)
r(22,26182,12,169,3380)
r(41,12176,12,169,3381)
r(6,50164,12,169,3382)
r(47,30535,12,169,3383)
r(10,46527,12,169,3384)
r(46,30537,12,169,3385)
r(96,6141,12,169,3386)
r(69,2022,12,169,3387)
r(40,20230,12,169,3388)
r(68,30549,12,169,3389)
r(90,20225,12,169,3390)
r(52,30532,12,169,3391)
r(23,6124,12,169,3392)
w(19,24001,12,169,3393)
w(15,24002,12,169,3394)
w(29,24003,12,169,3395)
w(86,24004,12,169,3396)
w(32,24005,12,169,3397)
w(20,24006,12,169,3398)
w(46,24007,12,169,3399)
r(40,46593,12,170,3400)
r(70,8151,12,170,3401)
r(84,50173,12,170,3402)
r(90,2039,12,170,3403)
r(68,30549,12,170,3404)
r(85,38678,12,170,3405)
r(36,38675,12,170,3406)
r(76,56323,12,170,3407)
r(57,8150,12,170,3408)
r(38,54428,12,170,3409)
r(40,46593,12,170,3410)
w(24,24008,12,170,3411)
w(49,24009,12,170,3412)
w(1,24010,12,170,3413)
w(54,24011,12,170,3414)
w(18,24012,12,170,3415)
w(23,24013,12,170,3416)
w(11,24014,12,170,3417)
w(90,24015,12,170,3418)
w(95,24016,12,170,3419)
r(61,50269,12,171,3420)
r(40,50249,12,171,3421)
r(75,18422,12,171,3422)
r(29,10068,12,171,3423)
r(86,46663,12,171,3424)
r(89,50254,12,171,3425)
r(87,50260,12,171,3426)
r(90,50271,12,171,3427)
r(42,22106,12,171,3428)
r(48,6253,12,171,3429)
r(41,50253,12,171,3430)
r(50,30552,12,171,3431)
r(40,50249,12,171,3432)
r(2,50261,12,171,3433)
r(27,10065,12,171,3434)
r(46,30633,12,171,3435)
r(99,38719,12,171,3436)
r(29,10068,12,171,3437)
r(7,6196,12,171,3438)
r(74,50217,12,171,3439)
