r(32,4092,13,0,0)
r(55,8084,13,0,1)
r(76,6097,13,0,2)
r(23,8048,13,0,3)
r(38,4078,13,0,4)
r(67,4111,13,0,5)
r(3,8067,13,0,6)
r(9,4089,13,0,7)
w(47,26001,13,0,8)
w(90,26002,13,0,9)
w(38,26003,13,0,10)
w(72,26004,13,0,11)
w(83,26005,13,0,12)
w(78,26006,13,0,13)
w(45,26007,13,0,14)
w(6,26008,13,0,15)
w(84,26009,13,0,16)
w(92,26010,13,0,17)
w(63,26011,13,0,18)
w(50,26012,13,0,19)
r(81,4130,13,1,20)
r(94,4104,13,1,21)
r(70,6084,13,1,22)
r(19,2102,13,1,23)
r(18,10090,13,1,24)
r(44,0,13,1,25)
r(21,34014,13,1,26)
r(56,6104,13,1,27)
r(54,6102,13,1,28)
r(76,10098,13,1,29)
r(28,4116,13,1,30)
r(52,4119,13,1,31)
r(54,6102,13,1,32)
w(86,26013,13,1,33)
w(8,26014,13,1,34)
w(82,26015,13,1,35)
w(83,26016,13,1,36)
w(63,26017,13,1,37)
w(24,26018,13,1,38)
w(98,26019,13,1,39)
w(73,26020,13,2,40)
w(86,26021,13,2,41)
w(51,26022,13,2,42)
w(62,26023,13,2,43)
w(83,26024,13,2,44)
w(57,26025,13,2,45)
w(98,26026,13,2,46)
w(19,26027,13,2,47)
w(28,26028,13,2,48)
w(86,26029,13,2,49)
w(55,26030,13,2,50)
w(81,26031,13,2,51)
w(60,26032,13,2,52)
w(78,26033,13,2,53)
w(91,26034,13,2,54)
w(70,26035,13,2,55)
w(52,26036,13,2,56)
w(74,26037,13,2,57)
w(33,26038,13,2,58)
w(85,26039,13,2,59)
r(91,26034,13,3,60)
r(68,20014,13,3,61)
r(25,10120,13,3,62)
r(70,8124,13,3,63)
r(27,8097,13,3,64)
r(10,4113,13,3,65)
r(33,26038,13,3,66)
r(16,6120,13,3,67)
w(65,26040,13,3,68)
w(3,26041,13,3,69)
w(32,26042,13,3,70)
w(43,26043,13,3,71)
w(88,26044,13,3,72)
w(37,26045,13,3,73)
w(45,26046,13,3,74)
w(13,26047,13,3,75)
w(18,26048,13,3,76)
w(2,26049,13,3,77)
w(45,26050,13,3,78)
w(56,26051,13,3,79)
r(93,34019,13,4,80)
r(64,22042,13,4,81)
r(67,4146,13,4,82)
r(68,34064,13,4,83)
r(73,6124,13,4,84)
r(12,6155,13,4,85)
r(81,34068,13,4,86)
r(22,4158,13,4,87)
r(34,10139,13,4,88)
r(98,4161,13,4,89)
r(98,4161,13,4,90)
r(65,26040,13,4,91)
r(35,6151,13,4,92)
r(8,34026,13,4,93)
r(87,8148,13,4,94)
r(66,8144,13,4,95)
r(44,34056,13,4,96)
r(89,20037,13,4,97)
r(56,26051,13,4,98)
r(90,20039,13,4,99)
r(80,34061,13,5,100)
r(94,34022,13,5,101)
r(27,4153,13,5,102)
r(5,10125,13,5,103)
r(58,6157,13,5,104)
r(55,22039,13,5,105)
r(95,4154,13,5,106)
r(57,4141,13,5,107)
w(80,26052,13,5,108)
w(66,26053,13,5,109)
w(81,26054,13,5,110)
w(46,26055,13,5,111)
w(4,26056,13,5,112)
w(44,26057,13,5,113)
w(99,26058,13,5,114)
w(56,26059,13,5,115)
w(14,26060,13,5,116)
w(45,26061,13,5,117)
w(16,26062,13,5,118)
w(86,26063,13,5,119)
r(29,20048,13,6,120)
r(27,6166,13,6,121)
r(21,34078,13,6,122)
r(57,6160,13,6,123)
r(86,26063,13,6,124)
r(22,4158,13,6,125)
r(40,34060,13,6,126)
r(16,26062,13,6,127)
r(69,28066,13,6,128)
r(91,4165,13,6,129)
r(11,34079,13,6,130)
r(26,22052,13,6,131)
r(69,28066,13,6,132)
r(68,34064,13,6,133)
w(40,26064,13,6,134)
w(60,26065,13,6,135)
w(55,26066,13,6,136)
w(53,26067,13,6,137)
w(21,26068,13,6,138)
w(17,26069,13,6,139)
r(68,34064,13,7,140)
r(88,22044,13,7,141)
r(56,26059,13,7,142)
r(11,34079,13,7,143)
r(39,2164,13,7,144)
r(68,34064,13,7,145)
r(11,34079,13,7,146)
r(35,24055,13,7,147)
r(80,6180,13,7,148)
r(20,20058,13,7,149)
r(11,34079,13,7,150)
w(33,26070,13,7,151)
w(46,26071,13,7,152)
w(86,26072,13,7,153)
w(79,26073,13,7,154)
w(35,26074,13,7,155)
w(56,26075,13,7,156)
w(18,26076,13,7,157)
w(55,26077,13,7,158)
w(3,26078,13,7,159)
w(35,26079,13,8,160)
w(25,26080,13,8,161)
w(53,26081,13,8,162)
w(17,26082,13,8,163)
w(81,26083,13,8,164)
w(74,26084,13,8,165)
w(99,26085,13,8,166)
w(12,26086,13,8,167)
w(56,26087,13,8,168)
w(91,26088,13,8,169)
w(23,26089,13,8,170)
w(46,26090,13,8,171)
w(50,26091,13,8,172)
w(30,26092,13,8,173)
w(24,26093,13,8,174)
w(26,26094,13,8,175)
w(95,26095,13,8,176)
w(21,26096,13,8,177)
w(37,26097,13,8,178)
w(50,26098,13,8,179)
r(73,10159,13,9,180)
r(86,26072,13,9,181)
r(80,2185,13,9,182)
r(17,20067,13,9,183)
r(10,8182,13,9,184)
r(25,34102,13,9,185)
r(14,48045,13,9,186)
r(67,4146,13,9,187)
r(97,54032,13,9,188)
w(22,26099,13,9,189)
w(38,26100,13,9,190)
w(65,26101,13,9,191)
w(55,26102,13,9,192)
w(1,26103,13,9,193)
w(65,26104,13,9,194)
w(31,26105,13,9,195)
w(89,26106,13,9,196)
w(53,26107,13,9,197)
w(41,26108,13,9,198)
w(95,26109,13,9,199)
r(27,6166,13,10,200)
r(75,4202,13,10,201)
r(18,26076,13,10,202)
r(98,24090,13,10,203)
r(31,26105,13,10,204)
r(20,4185,13,10,205)
r(43,20081,13,10,206)
r(0,2175,13,10,207)
r(40,6211,13,10,208)
r(73,10159,13,10,209)
r(48,2187,13,10,210)
r(19,48015,13,10,211)
r(82,34103,13,10,212)
r(71,24086,13,10,213)
r(29,54049,13,10,214)
r(19,48015,13,10,215)
r(62,54037,13,10,216)
r(25,34134,13,10,217)
r(8,4205,13,10,218)
r(25,34134,13,10,219)
r(93,2196,13,11,220)
r(96,20059,13,11,221)
r(47,48036,13,11,222)
r(2,2192,13,11,223)
r(79,26073,13,11,224)
r(71,24086,13,11,225)
r(93,2196,13,11,226)
r(24,26093,13,11,227)
r(78,6213,13,11,228)
r(18,26076,13,11,229)
r(58,34100,13,11,230)
w(23,26110,13,11,231)
w(47,26111,13,11,232)
w(36,26112,13,11,233)
w(6,26113,13,11,234)
w(11,26114,13,11,235)
w(35,26115,13,11,236)
w(61,26116,13,11,237)
w(50,26117,13,11,238)
w(76,26118,13,11,239)
r(15,34144,13,12,240)
r(31,48080,13,12,241)
r(25,34153,13,12,242)
r(95,26109,13,12,243)
r(53,48077,13,12,244)
r(0,4224,13,12,245)
r(97,6219,13,12,246)
r(2,22101,13,12,247)
r(28,4222,13,12,248)
w(21,26119,13,12,249)
w(28,26120,13,12,250)
w(33,26121,13,12,251)
w(41,26122,13,12,252)
w(36,26123,13,12,253)
w(97,26124,13,12,254)
w(16,26125,13,12,255)
w(70,26126,13,12,256)
w(23,26127,13,12,257)
w(16,26128,13,12,258)
w(82,26129,13,12,259)
r(39,2197,13,13,260)
r(62,54037,13,13,261)
r(8,4229,13,13,262)
r(90,48073,13,13,263)
r(51,4227,13,13,264)
r(71,22104,13,13,265)
r(13,8208,13,13,266)
w(55,26130,13,13,267)
w(82,26131,13,13,268)
w(31,26132,13,13,269)
w(48,26133,13,13,270)
w(81,26134,13,13,271)
w(70,26135,13,13,272)
w(59,26136,13,13,273)
w(59,26137,13,13,274)
w(87,26138,13,13,275)
w(73,26139,13,13,276)
w(55,26140,13,13,277)
w(57,26141,13,13,278)
w(74,26142,13,13,279)
w(25,26143,13,14,280)
w(65,26144,13,14,281)
w(48,26145,13,14,282)
w(4,26146,13,14,283)
w(3,26147,13,14,284)
w(38,26148,13,14,285)
w(47,26149,13,14,286)
w(5,26150,13,14,287)
w(92,26151,13,14,288)
w(78,26152,13,14,289)
w(79,26153,13,14,290)
w(94,26154,13,14,291)
w(94,26155,13,14,292)
w(84,26156,13,14,293)
w(37,26157,13,14,294)
w(37,26158,13,14,295)
w(1,26159,13,14,296)
w(81,26160,13,14,297)
w(82,26161,13,14,298)
w(30,26162,13,14,299)
r(95,6251,13,15,300)
r(66,6249,13,15,301)
r(72,24131,13,15,302)
r(90,54084,13,15,303)
r(34,2235,13,15,304)
r(30,26162,13,15,305)
r(68,2234,13,15,306)
r(32,22129,13,15,307)
r(95,6251,13,15,308)
r(64,2213,13,15,309)
r(9,2200,13,15,310)
w(72,26163,13,15,311)
w(33,26164,13,15,312)
w(29,26165,13,15,313)
w(18,26166,13,15,314)
w(57,26167,13,15,315)
w(27,26168,13,15,316)
w(70,26169,13,15,317)
w(26,26170,13,15,318)
w(84,26171,13,15,319)
r(51,22121,13,16,320)
r(13,2231,13,16,321)
r(63,34169,13,16,322)
r(86,10205,13,16,323)
r(13,2231,13,16,324)
r(76,48110,13,16,325)
r(6,4263,13,16,326)
r(76,48110,13,16,327)
r(92,48119,13,16,328)
r(62,24124,13,16,329)
r(65,24135,13,16,330)
r(82,26161,13,16,331)
w(73,26172,13,16,332)
w(44,26173,13,16,333)
w(18,26174,13,16,334)
w(61,26175,13,16,335)
w(12,26176,13,16,336)
w(40,26177,13,16,337)
w(43,26178,13,16,338)
w(25,26179,13,16,339)
w(83,26180,13,17,340)
w(31,26181,13,17,341)
w(73,26182,13,17,342)
w(18,26183,13,17,343)
w(75,26184,13,17,344)
w(72,26185,13,17,345)
w(33,26186,13,17,346)
w(95,26187,13,17,347)
w(99,26188,13,17,348)
w(60,26189,13,17,349)
w(12,26190,13,17,350)
w(37,26191,13,17,351)
w(89,26192,13,17,352)
w(59,26193,13,17,353)
w(66,26194,13,17,354)
w(67,26195,13,17,355)
w(23,26196,13,17,356)
w(3,26197,13,17,357)
w(22,26198,13,17,358)
w(75,26199,13,17,359)
r(58,2263,13,18,360)
r(37,24181,13,18,361)
r(55,8261,13,18,362)
r(18,26174,13,18,363)
r(60,2260,13,18,364)
r(9,48136,13,18,365)
w(59,26200,13,18,366)
w(75,26201,13,18,367)
w(7,26202,13,18,368)
w(98,26203,13,18,369)
w(94,26204,13,18,370)
w(22,26205,13,18,371)
w(13,26206,13,18,372)
w(72,26207,13,18,373)
w(50,26208,13,18,374)
w(99,26209,13,18,375)
w(60,26210,13,18,376)
w(45,26211,13,18,377)
w(19,26212,13,18,378)
w(1,26213,13,18,379)
r(25,24206,13,19,380)
r(92,8288,13,19,381)
r(45,34241,13,19,382)
r(35,22164,13,19,383)
r(35,22164,13,19,384)
r(1,10230,13,19,385)
r(11,8275,13,19,386)
r(39,8285,13,19,387)
r(52,20167,13,19,388)
r(64,54138,13,19,389)
r(69,4310,13,19,390)
r(19,2249,13,19,391)
r(32,34255,13,19,392)
r(81,4294,13,19,393)
r(15,34242,13,19,394)
r(19,2249,13,19,395)
r(22,26198,13,19,396)
r(55,34244,13,19,397)
r(12,48140,13,19,398)
r(56,6297,13,19,399)
r(43,4309,13,20,400)
r(31,34249,13,20,401)
r(54,4299,13,20,402)
r(2,4301,13,20,403)
r(48,48144,13,20,404)
r(9,48136,13,20,405)
r(1,10230,13,20,406)
r(61,24175,13,20,407)
r(85,34251,13,20,408)
r(24,34253,13,20,409)
r(36,24200,13,20,410)
w(72,26214,13,20,411)
w(9,26215,13,20,412)
w(52,26216,13,20,413)
w(37,26217,13,20,414)
w(22,26218,13,20,415)
w(84,26219,13,20,416)
w(12,26220,13,20,417)
w(37,26221,13,20,418)
w(84,26222,13,20,419)
r(50,8273,13,21,420)
r(26,34252,13,21,421)
r(27,34239,13,21,422)
r(1,8306,13,21,423)
r(97,8311,13,21,424)
r(81,4294,13,21,425)
r(81,4294,13,21,426)
r(48,8299,13,21,427)
r(15,6311,13,21,428)
r(94,22178,13,21,429)
w(58,26223,13,21,430)
w(27,26224,13,21,431)
w(98,26225,13,21,432)
w(32,26226,13,21,433)
w(87,26227,13,21,434)
w(94,26228,13,21,435)
w(29,26229,13,21,436)
w(92,26230,13,21,437)
w(96,26231,13,21,438)
w(2,26232,13,21,439)
r(90,6333,13,22,440)
r(39,4329,13,22,441)
r(30,48183,13,22,442)
r(29,26229,13,22,443)
r(11,48180,13,22,444)
r(23,4327,13,22,445)
r(15,8322,13,22,446)
r(19,4325,13,22,447)
r(54,22194,13,22,448)
r(52,20199,13,22,449)
r(75,10272,13,22,450)
r(67,8305,13,22,451)
w(71,26233,13,22,452)
w(89,26234,13,22,453)
w(86,26235,13,22,454)
w(27,26236,13,22,455)
w(18,26237,13,22,456)
w(83,26238,13,22,457)
w(34,26239,13,22,458)
w(10,26240,13,22,459)
r(22,2305,13,23,460)
r(3,8331,13,23,461)
r(83,48195,13,23,462)
r(85,24235,13,23,463)
r(72,6332,13,23,464)
r(62,8335,13,23,465)
r(59,20211,13,23,466)
r(36,2292,13,23,467)
r(17,54184,13,23,468)
r(27,8334,13,23,469)
r(9,4344,13,23,470)
w(66,26241,13,23,471)
w(65,26242,13,23,472)
w(8,26243,13,23,473)
w(55,26244,13,23,474)
w(27,26245,13,23,475)
w(19,26246,13,23,476)
w(77,26247,13,23,477)
w(50,26248,13,23,478)
w(56,26249,13,23,479)
r(80,54168,13,24,480)
r(95,8286,13,24,481)
r(78,22218,13,24,482)
r(60,6342,13,24,483)
r(99,10281,13,24,484)
r(52,20199,13,24,485)
r(44,6360,13,24,486)
r(30,20238,13,24,487)
w(21,26250,13,24,488)
w(58,26251,13,24,489)
w(91,26252,13,24,490)
w(41,26253,13,24,491)
w(7,26254,13,24,492)
w(11,26255,13,24,493)
w(87,26256,13,24,494)
w(13,26257,13,24,495)
w(99,26258,13,24,496)
w(13,26259,13,24,497)
w(70,26260,13,24,498)
w(2,26261,13,24,499)
r(23,54213,13,25,500)
r(15,24263,13,25,501)
r(66,26241,13,25,502)
r(88,8362,13,25,503)
r(12,34302,13,25,504)
r(37,48224,13,25,505)
w(76,26262,13,25,506)
w(81,26263,13,25,507)
w(54,26264,13,25,508)
w(64,26265,13,25,509)
w(80,26266,13,25,510)
w(57,26267,13,25,511)
w(48,26268,13,25,512)
w(80,26269,13,25,513)
w(75,26270,13,25,514)
w(85,26271,13,25,515)
w(72,26272,13,25,516)
w(96,26273,13,25,517)
w(49,26274,13,25,518)
w(56,26275,13,25,519)
r(24,20257,13,26,520)
r(63,8357,13,26,521)
r(8,26243,13,26,522)
r(26,48202,13,26,523)
r(81,26263,13,26,524)
r(53,48220,13,26,525)
r(59,2324,13,26,526)
r(16,20258,13,26,527)
r(92,24264,13,26,528)
r(1,24274,13,26,529)
r(55,54207,13,26,530)
r(29,34281,13,26,531)
r(1,24274,13,26,532)
w(77,26276,13,26,533)
w(18,26277,13,26,534)
w(40,26278,13,26,535)
w(19,26279,13,26,536)
w(36,26280,13,26,537)
w(79,26281,13,26,538)
w(93,26282,13,26,539)
r(77,26276,13,27,540)
r(22,48226,13,27,541)
r(80,10330,13,27,542)
r(47,54220,13,27,543)
r(60,6342,13,27,544)
r(25,54229,13,27,545)
r(23,54213,13,27,546)
w(87,26283,13,27,547)
w(68,26284,13,27,548)
w(95,26285,13,27,549)
w(72,26286,13,27,550)
w(41,26287,13,27,551)
w(84,26288,13,27,552)
w(50,26289,13,27,553)
w(6,26290,13,27,554)
w(42,26291,13,27,555)
w(31,26292,13,27,556)
w(18,26293,13,27,557)
w(15,26294,13,27,558)
w(51,26295,13,27,559)
r(92,48270,13,28,560)
r(49,10333,13,28,561)
r(62,8377,13,28,562)
r(50,26289,13,28,563)
r(94,4374,13,28,564)
r(85,4375,13,28,565)
r(2,54244,13,28,566)
r(97,2353,13,28,567)
r(70,26260,13,28,568)
r(18,26293,13,28,569)
r(92,48270,13,28,570)
r(79,22265,13,28,571)
r(43,8392,13,28,572)
r(62,8377,13,28,573)
r(28,48272,13,28,574)
r(16,8380,13,28,575)
r(90,10342,13,28,576)
r(49,10333,13,28,577)
r(30,8375,13,28,578)
r(30,8375,13,28,579)
r(18,26293,13,29,580)
r(40,26278,13,29,581)
r(84,26288,13,29,582)
r(5,4386,13,29,583)
r(21,2364,13,29,584)
r(88,22266,13,29,585)
r(57,4383,13,29,586)
r(0,22256,13,29,587)
r(99,48250,13,29,588)
r(76,2357,13,29,589)
r(4,34317,13,29,590)
r(44,22250,13,29,591)
r(74,10344,13,29,592)
r(61,2363,13,29,593)
r(64,6403,13,29,594)
r(83,6410,13,29,595)
r(91,8381,13,29,596)
r(18,26293,13,29,597)
r(12,48264,13,29,598)
r(89,2368,13,29,599)
r(30,8375,13,30,600)
r(9,8379,13,30,601)
r(44,22250,13,30,602)
r(96,26273,13,30,603)
r(96,26273,13,30,604)
r(26,22264,13,30,605)
r(30,8375,13,30,606)
r(57,4383,13,30,607)
r(18,26293,13,30,608)
r(29,6411,13,30,609)
r(40,26278,13,30,610)
r(2,54244,13,30,611)
w(60,26296,13,30,612)
w(29,26297,13,30,613)
w(32,26298,13,30,614)
w(70,26299,13,30,615)
w(63,26300,13,30,616)
w(55,26301,13,30,617)
w(65,26302,13,30,618)
w(43,26303,13,30,619)
r(77,24289,13,31,620)
r(45,2365,13,31,621)
r(15,4392,13,31,622)
r(12,20295,13,31,623)
r(20,24305,13,31,624)
r(71,6429,13,31,625)
r(1,6427,13,31,626)
r(66,26241,13,31,627)
w(20,26304,13,31,628)
w(1,26305,13,31,629)
w(65,26306,13,31,630)
w(30,26307,13,31,631)
w(38,26308,13,31,632)
w(43,26309,13,31,633)
w(68,26310,13,31,634)
w(43,26311,13,31,635)
w(97,26312,13,31,636)
w(90,26313,13,31,637)
w(31,26314,13,31,638)
w(27,26315,13,31,639)
r(41,26287,13,32,640)
r(35,2370,13,32,641)
r(88,2383,13,32,642)
r(54,26264,13,32,643)
r(75,54265,13,32,644)
r(98,8390,13,32,645)
r(7,6406,13,32,646)
r(92,48270,13,32,647)
r(71,6429,13,32,648)
r(62,8377,13,32,649)
r(33,2358,13,32,650)
r(70,54270,13,32,651)
r(70,54270,13,32,652)
r(76,10364,13,32,653)
r(56,54252,13,32,654)
r(97,26312,13,32,655)
r(59,10369,13,32,656)
r(16,54269,13,32,657)
r(60,10375,13,32,658)
r(20,26304,13,32,659)
r(30,26307,13,33,660)
r(42,26291,13,33,661)
r(94,4374,13,33,662)
r(51,20292,13,33,663)
r(36,20282,13,33,664)
r(21,54268,13,33,665)
r(63,26300,13,33,666)
r(32,26298,13,33,667)
r(86,2380,13,33,668)
r(93,20293,13,33,669)
r(10,10366,13,33,670)
r(62,8377,13,33,671)
r(70,54270,13,33,672)
r(19,20290,13,33,673)
r(50,54264,13,33,674)
r(15,4392,13,33,675)
r(60,10375,13,33,676)
r(58,54254,13,33,677)
r(0,10374,13,33,678)
r(46,6431,13,33,679)
r(1,26305,13,34,680)
r(59,10369,13,34,681)
r(3,24304,13,34,682)
r(95,48292,13,34,683)
r(22,2369,13,34,684)
r(78,10334,13,34,685)
r(11,2382,13,34,686)
r(22,2369,13,34,687)
w(34,26316,13,34,688)
w(22,26317,13,34,689)
w(49,26318,13,34,690)
w(47,26319,13,34,691)
w(45,26320,13,34,692)
w(39,26321,13,34,693)
w(62,26322,13,34,694)
w(13,26323,13,34,695)
w(81,26324,13,34,696)
w(46,26325,13,34,697)
w(80,26326,13,34,698)
w(93,26327,13,34,699)
r(60,10375,13,35,700)
r(93,26327,13,35,701)
r(59,6440,13,35,702)
r(40,20321,13,35,703)
r(17,10391,13,35,704)
r(70,24313,13,35,705)
r(88,2383,13,35,706)
r(24,24316,13,35,707)
r(24,24316,13,35,708)
r(33,2358,13,35,709)
r(30,26307,13,35,710)
r(25,6439,13,35,711)
r(28,54278,13,35,712)
r(57,24323,13,35,713)
r(7,24319,13,35,714)
r(89,2368,13,35,715)
r(92,48270,13,35,716)
r(6,20318,13,35,717)
r(65,48312,13,35,718)
r(17,10391,13,35,719)
r(49,20323,13,36,720)
r(45,26320,13,36,721)
r(16,54269,13,36,722)
r(62,26322,13,36,723)
r(66,20316,13,36,724)
r(55,24321,13,36,725)
r(68,24324,13,36,726)
r(67,48311,13,36,727)
r(47,26319,13,36,728)
r(35,2370,13,36,729)
r(3,6435,13,36,730)
r(60,10375,13,36,731)
r(91,20317,13,36,732)
r(29,4408,13,36,733)
r(83,6437,13,36,734)
r(1,4406,13,36,735)
r(79,6425,13,36,736)
r(57,24323,13,36,737)
r(68,24324,13,36,738)
r(95,20322,13,36,739)
r(70,24313,13,37,740)
r(33,2358,13,37,741)
r(16,54269,13,37,742)
r(98,10385,13,37,743)
r(17,10391,13,37,744)
r(75,8404,13,37,745)
r(0,10374,13,37,746)
r(65,48312,13,37,747)
r(23,24312,13,37,748)
r(24,24316,13,37,749)
r(50,54264,13,37,750)
r(2,54244,13,37,751)
r(5,4391,13,37,752)
r(77,34348,13,37,753)
r(56,8405,13,37,754)
r(72,20320,13,37,755)
r(46,26325,13,37,756)
r(58,8419,13,37,757)
r(33,2358,13,37,758)
r(97,48309,13,37,759)
r(10,2387,13,38,760)
r(10,2387,13,38,761)
r(98,10385,13,38,762)
r(26,2391,13,38,763)
r(0,10374,13,38,764)
r(85,8416,13,38,765)
r(44,22250,13,38,766)
r(22,26317,13,38,767)
r(46,26325,13,38,768)
r(3,6435,13,38,769)
r(60,10375,13,38,770)
w(11,26328,13,38,771)
w(23,26329,13,38,772)
w(97,26330,13,38,773)
w(68,26331,13,38,774)
w(49,26332,13,38,775)
w(7,26333,13,38,776)
w(74,26334,13,38,777)
w(35,26335,13,38,778)
w(39,26336,13,38,779)
w(68,26337,13,39,780)
w(88,26338,13,39,781)
w(78,26339,13,39,782)
w(17,26340,13,39,783)
w(63,26341,13,39,784)
w(97,26342,13,39,785)
w(63,26343,13,39,786)
w(96,26344,13,39,787)
w(80,26345,13,39,788)
w(90,26346,13,39,789)
w(31,26347,13,39,790)
w(2,26348,13,39,791)
w(35,26349,13,39,792)
w(65,26350,13,39,793)
w(36,26351,13,39,794)
w(85,26352,13,39,795)
w(4,26353,13,39,796)
w(47,26354,13,39,797)
w(6,26355,13,39,798)
w(86,26356,13,39,799)
w(24,26357,13,40,800)
w(94,26358,13,40,801)
w(50,26359,13,40,802)
w(30,26360,13,40,803)
w(53,26361,13,40,804)
w(6,26362,13,40,805)
w(42,26363,13,40,806)
w(42,26364,13,40,807)
w(96,26365,13,40,808)
w(50,26366,13,40,809)
w(91,26367,13,40,810)
w(90,26368,13,40,811)
w(36,26369,13,40,812)
w(73,26370,13,40,813)
w(58,26371,13,40,814)
w(48,26372,13,40,815)
w(17,26373,13,40,816)
w(87,26374,13,40,817)
w(34,26375,13,40,818)
w(25,26376,13,40,819)
w(97,26377,13,41,820)
w(11,26378,13,41,821)
w(95,26379,13,41,822)
w(39,26380,13,41,823)
w(94,26381,13,41,824)
w(66,26382,13,41,825)
w(36,26383,13,41,826)
w(28,26384,13,41,827)
w(76,26385,13,41,828)
w(4,26386,13,41,829)
w(97,26387,13,41,830)
w(34,26388,13,41,831)
w(93,26389,13,41,832)
w(85,26390,13,41,833)
w(18,26391,13,41,834)
w(23,26392,13,41,835)
w(49,26393,13,41,836)
w(72,26394,13,41,837)
w(12,26395,13,41,838)
w(10,26396,13,41,839)
r(43,20379,13,42,840)
r(40,20353,13,42,841)
r(99,48349,13,42,842)
r(60,54348,13,42,843)
r(64,4469,13,42,844)
r(3,4470,13,42,845)
r(97,26387,13,42,846)
r(15,20368,13,42,847)
r(56,4457,13,42,848)
r(56,4457,13,42,849)
r(38,4445,13,42,850)
r(49,26393,13,42,851)
r(82,6519,13,42,852)
r(41,54346,13,42,853)
r(80,34425,13,42,854)
r(7,34423,13,42,855)
r(36,26383,13,42,856)
r(41,54346,13,42,857)
r(71,24393,13,42,858)
r(38,4445,13,42,859)
r(78,6531,13,43,860)
r(86,6514,13,43,861)
r(19,4459,13,43,862)
r(26,4447,13,43,863)
r(45,48346,13,43,864)
r(23,26392,13,43,865)
r(67,4472,13,43,866)
r(99,48349,13,43,867)
r(49,26393,13,43,868)
r(87,34424,13,43,869)
r(55,4460,13,43,870)
r(71,24393,13,43,871)
r(1,6503,13,43,872)
r(39,26380,13,43,873)
r(90,54351,13,43,874)
r(23,26392,13,43,875)
r(8,6532,13,43,876)
r(83,34421,13,43,877)
r(60,54348,13,43,878)
r(56,4457,13,43,879)
r(18,26391,13,44,880)
r(82,6519,13,44,881)
r(48,6529,13,44,882)
r(55,4460,13,44,883)
r(3,4470,13,44,884)
r(64,4469,13,44,885)
r(20,20385,13,44,886)
r(2,6520,13,44,887)
r(50,26366,13,44,888)
w(75,26397,13,44,889)
w(57,26398,13,44,890)
w(42,26399,13,44,891)
w(48,26400,13,44,892)
w(11,26401,13,44,893)
w(70,26402,13,44,894)
w(7,26403,13,44,895)
w(98,26404,13,44,896)
w(32,26405,13,44,897)
w(50,26406,13,44,898)
w(92,26407,13,44,899)
r(31,6528,13,45,900)
r(6,20399,13,45,901)
r(98,26404,13,45,902)
r(59,20383,13,45,903)
r(27,4462,13,45,904)
r(53,6550,13,45,905)
r(68,8489,13,45,906)
r(56,20401,13,45,907)
r(47,6551,13,45,908)
r(26,6535,13,45,909)
r(85,26390,13,45,910)
r(8,6532,13,45,911)
r(26,6535,13,45,912)
r(24,20398,13,45,913)
r(7,26403,13,45,914)
r(62,6553,13,45,915)
r(11,26378,13,45,916)
r(99,48349,13,45,917)
r(16,54369,13,45,918)
r(19,8492,13,45,919)
r(59,20383,13,46,920)
r(76,54370,13,46,921)
r(73,8491,13,46,922)
r(26,6535,13,46,923)
r(42,48356,13,46,924)
r(85,26390,13,46,925)
r(18,26391,13,46,926)
r(68,8489,13,46,927)
r(24,20398,13,46,928)
r(50,26406,13,46,929)
r(15,20368,13,46,930)
r(82,54374,13,46,931)
w(18,26408,13,46,932)
w(10,26409,13,46,933)
w(98,26410,13,46,934)
w(69,26411,13,46,935)
w(79,26412,13,46,936)
w(7,26413,13,46,937)
w(91,26414,13,46,938)
w(82,26415,13,46,939)
w(31,26416,13,47,940)
w(15,26417,13,47,941)
w(40,26418,13,47,942)
w(14,26419,13,47,943)
w(76,26420,13,47,944)
w(27,26421,13,47,945)
w(54,26422,13,47,946)
w(14,26423,13,47,947)
w(7,26424,13,47,948)
w(23,26425,13,47,949)
w(75,26426,13,47,950)
w(36,26427,13,47,951)
w(69,26428,13,47,952)
w(99,26429,13,47,953)
w(68,26430,13,47,954)
w(43,26431,13,47,955)
w(73,26432,13,47,956)
w(38,26433,13,47,957)
w(13,26434,13,47,958)
w(8,26435,13,47,959)
r(64,10468,13,48,960)
r(91,8529,13,48,961)
r(94,4505,13,48,962)
r(93,34461,13,48,963)
r(39,4504,13,48,964)
r(27,26421,13,48,965)
r(86,2485,13,48,966)
r(54,26422,13,48,967)
r(9,34477,13,48,968)
r(71,8533,13,48,969)
r(14,26423,13,48,970)
r(63,10455,13,48,971)
r(15,34476,13,48,972)
r(53,6568,13,48,973)
w(87,26436,13,48,974)
w(72,26437,13,48,975)
w(68,26438,13,48,976)
w(87,26439,13,48,977)
w(84,26440,13,48,978)
w(21,26441,13,48,979)
r(37,22371,13,49,980)
r(44,34475,13,49,981)
r(38,26433,13,49,982)
r(86,2485,13,49,983)
r(46,22369,13,49,984)
r(51,6588,13,49,985)
r(79,2490,13,49,986)
r(33,8550,13,49,987)
r(79,2490,13,49,988)
r(51,6588,13,49,989)
r(77,48386,13,49,990)
w(90,26442,13,49,991)
w(41,26443,13,49,992)
w(19,26444,13,49,993)
w(42,26445,13,49,994)
w(96,26446,13,49,995)
w(59,26447,13,49,996)
w(23,26448,13,49,997)
w(7,26449,13,49,998)
w(13,26450,13,49,999)
w(58,26451,13,50,1000)
w(86,26452,13,50,1001)
w(49,26453,13,50,1002)
w(13,26454,13,50,1003)
w(51,26455,13,50,1004)
w(50,26456,13,50,1005)
w(39,26457,13,50,1006)
w(5,26458,13,50,1007)
w(4,26459,13,50,1008)
w(65,26460,13,50,1009)
w(9,26461,13,50,1010)
w(43,26462,13,50,1011)
w(48,26463,13,50,1012)
w(98,26464,13,50,1013)
w(18,26465,13,50,1014)
w(61,26466,13,50,1015)
w(1,26467,13,50,1016)
w(26,26468,13,50,1017)
w(71,26469,13,50,1018)
w(85,26470,13,50,1019)
r(69,26428,13,51,1020)
r(49,26453,13,51,1021)
r(38,8563,13,51,1022)
r(93,34495,13,51,1023)
r(97,6590,13,51,1024)
r(3,24423,13,51,1025)
r(53,6568,13,51,1026)
r(28,22366,13,51,1027)
w(2,26471,13,51,1028)
w(46,26472,13,51,1029)
w(10,26473,13,51,1030)
w(75,26474,13,51,1031)
w(33,26475,13,51,1032)
w(74,26476,13,51,1033)
w(9,26477,13,51,1034)
w(81,26478,13,51,1035)
w(4,26479,13,51,1036)
w(46,26480,13,51,1037)
w(15,26481,13,51,1038)
w(35,26482,13,51,1039)
r(31,34458,13,52,1040)
r(54,2510,13,52,1041)
r(19,6624,13,52,1042)
r(50,26456,13,52,1043)
r(25,10490,13,52,1044)
r(6,24446,13,52,1045)
r(49,26453,13,52,1046)
r(28,22366,13,52,1047)
w(85,26483,13,52,1048)
w(77,26484,13,52,1049)
w(38,26485,13,52,1050)
w(95,26486,13,52,1051)
w(74,26487,13,52,1052)
w(21,26488,13,52,1053)
w(74,26489,13,52,1054)
w(21,26490,13,52,1055)
w(50,26491,13,52,1056)
w(21,26492,13,52,1057)
w(43,26493,13,52,1058)
w(95,26494,13,52,1059)
r(51,22397,13,53,1060)
r(51,22397,13,53,1061)
r(38,26485,13,53,1062)
r(12,22398,13,53,1063)
r(55,2515,13,53,1064)
r(96,26446,13,53,1065)
r(48,4542,13,53,1066)
r(83,10506,13,53,1067)
r(25,54452,13,53,1068)
w(12,26495,13,53,1069)
w(28,26496,13,53,1070)
w(63,26497,13,53,1071)
w(7,26498,13,53,1072)
w(24,26499,13,53,1073)
w(44,26500,13,53,1074)
w(39,26501,13,53,1075)
w(17,26502,13,53,1076)
w(31,26503,13,53,1077)
w(17,26504,13,53,1078)
w(13,26505,13,53,1079)
r(52,54455,13,54,1080)
r(85,26483,13,54,1081)
r(50,8598,13,54,1082)
r(85,26483,13,54,1083)
r(23,54450,13,54,1084)
r(9,48410,13,54,1085)
r(31,26503,13,54,1086)
r(33,10503,13,54,1087)
r(69,8579,13,54,1088)
r(61,6635,13,54,1089)
r(97,2534,13,54,1090)
r(75,54458,13,54,1091)
r(46,8575,13,54,1092)
r(67,20431,13,54,1093)
r(39,26501,13,54,1094)
r(42,2529,13,54,1095)
r(2,4517,13,54,1096)
r(84,54399,13,54,1097)
r(57,6634,13,54,1098)
r(16,8591,13,54,1099)
r(88,8594,13,55,1100)
r(28,26496,13,55,1101)
r(94,6618,13,55,1102)
r(50,8598,13,55,1103)
r(44,26500,13,55,1104)
r(81,54445,13,55,1105)
r(4,54440,13,55,1106)
r(14,54428,13,55,1107)
r(57,6634,13,55,1108)
r(34,48411,13,55,1109)
r(22,4546,13,55,1110)
r(58,2535,13,55,1111)
w(78,26506,13,55,1112)
w(21,26507,13,55,1113)
w(88,26508,13,55,1114)
w(19,26509,13,55,1115)
w(69,26510,13,55,1116)
w(56,26511,13,55,1117)
w(35,26512,13,55,1118)
w(37,26513,13,55,1119)
r(46,22413,13,56,1120)
r(10,6652,13,56,1121)
r(6,4567,13,56,1122)
r(58,4584,13,56,1123)
r(56,26511,13,56,1124)
r(9,6655,13,56,1125)
r(19,26509,13,56,1126)
r(58,4584,13,56,1127)
r(26,22415,13,56,1128)
r(49,8614,13,56,1129)
r(98,22402,13,56,1130)
r(19,26509,13,56,1131)
r(90,6656,13,56,1132)
r(87,6633,13,56,1133)
r(16,24487,13,56,1134)
r(95,4575,13,56,1135)
r(29,34534,13,56,1136)
r(92,54436,13,56,1137)
r(40,10527,13,56,1138)
r(78,26506,13,56,1139)
r(3,24465,13,57,1140)
r(5,10524,13,57,1141)
r(93,54466,13,57,1142)
r(29,34534,13,57,1143)
r(63,48435,13,57,1144)
r(21,26507,13,57,1145)
r(98,22402,13,57,1146)
r(83,8621,13,57,1147)
r(58,4584,13,57,1148)
r(82,10526,13,57,1149)
r(81,48427,13,57,1150)
w(72,26514,13,57,1151)
w(29,26515,13,57,1152)
w(36,26516,13,57,1153)
w(5,26517,13,57,1154)
w(53,26518,13,57,1155)
w(85,26519,13,57,1156)
w(42,26520,13,57,1157)
w(21,26521,13,57,1158)
w(13,26522,13,57,1159)
r(24,10529,13,58,1160)
r(88,22423,13,58,1161)
r(3,24465,13,58,1162)
r(94,6647,13,58,1163)
r(79,22418,13,58,1164)
r(70,34533,13,58,1165)
r(90,54477,13,58,1166)
r(3,24465,13,58,1167)
r(0,54463,13,58,1168)
r(53,26518,13,58,1169)
w(23,26523,13,58,1170)
w(6,26524,13,58,1171)
w(46,26525,13,58,1172)
w(90,26526,13,58,1173)
w(89,26527,13,58,1174)
w(90,26528,13,58,1175)
w(46,26529,13,58,1176)
w(9,26530,13,58,1177)
w(66,26531,13,58,1178)
w(3,26532,13,58,1179)
r(69,48478,13,59,1180)
r(36,8654,13,59,1181)
r(62,24546,13,59,1182)
r(13,26522,13,59,1183)
r(71,20527,13,59,1184)
r(76,54486,13,59,1185)
r(90,26528,13,59,1186)
r(97,20514,13,59,1187)
r(84,34573,13,59,1188)
r(80,24528,13,59,1189)
r(73,24545,13,59,1190)
w(41,26533,13,59,1191)
w(50,26534,13,59,1192)
w(22,26535,13,59,1193)
w(77,26536,13,59,1194)
w(60,26537,13,59,1195)
w(90,26538,13,59,1196)
w(8,26539,13,59,1197)
w(55,26540,13,59,1198)
w(77,26541,13,59,1199)
w(95,26542,13,60,1200)
w(34,26543,13,60,1201)
w(0,26544,13,60,1202)
w(88,26545,13,60,1203)
w(18,26546,13,60,1204)
w(87,26547,13,60,1205)
w(25,26548,13,60,1206)
w(57,26549,13,60,1207)
w(18,26550,13,60,1208)
w(86,26551,13,60,1209)
w(92,26552,13,60,1210)
w(2,26553,13,60,1211)
w(27,26554,13,60,1212)
w(17,26555,13,60,1213)
w(11,26556,13,60,1214)
w(7,26557,13,60,1215)
w(66,26558,13,60,1216)
w(82,26559,13,60,1217)
w(11,26560,13,60,1218)
w(67,26561,13,60,1219)
r(59,24567,13,61,1220)
r(94,10595,13,61,1221)
r(80,10597,13,61,1222)
r(65,8672,13,61,1223)
r(65,8672,13,61,1224)
r(64,10606,13,61,1225)
r(62,20551,13,61,1226)
r(99,8637,13,61,1227)
r(26,20562,13,61,1228)
r(93,10601,13,61,1229)
r(2,26553,13,61,1230)
r(97,2581,13,61,1231)
r(17,26555,13,61,1232)
r(29,8659,13,61,1233)
r(75,20537,13,61,1234)
r(99,8637,13,61,1235)
r(50,26534,13,61,1236)
r(99,8637,13,61,1237)
r(37,24557,13,61,1238)
r(10,8671,13,61,1239)
r(35,20558,13,62,1240)
r(10,8671,13,62,1241)
r(99,8637,13,62,1242)
r(40,10582,13,62,1243)
r(85,20539,13,62,1244)
r(8,10592,13,62,1245)
r(88,26545,13,62,1246)
r(80,10597,13,62,1247)
r(40,10582,13,62,1248)
w(52,26562,13,62,1249)
w(19,26563,13,62,1250)
w(99,26564,13,62,1251)
w(49,26565,13,62,1252)
w(70,26566,13,62,1253)
w(57,26567,13,62,1254)
w(75,26568,13,62,1255)
w(75,26569,13,62,1256)
w(97,26570,13,62,1257)
w(91,26571,13,62,1258)
w(11,26572,13,62,1259)
r(44,48499,13,63,1260)
r(20,22487,13,63,1261)
r(75,26569,13,63,1262)
r(51,20555,13,63,1263)
r(10,8671,13,63,1264)
r(89,34604,13,63,1265)
r(96,2584,13,63,1266)
r(26,20562,13,63,1267)
r(39,24569,13,63,1268)
r(19,26563,13,63,1269)
r(45,34590,13,63,1270)
r(79,34596,13,63,1271)
r(36,10602,13,63,1272)
r(32,22501,13,63,1273)
r(16,2589,13,63,1274)
r(71,48482,13,63,1275)
r(59,10611,13,63,1276)
r(73,8662,13,63,1277)
r(7,22499,13,63,1278)
r(38,54512,13,63,1279)
w(51,26573,13,64,1280)
w(71,26574,13,64,1281)
w(35,26575,13,64,1282)
w(13,26576,13,64,1283)
w(90,26577,13,64,1284)
w(25,26578,13,64,1285)
w(65,26579,13,64,1286)
w(83,26580,13,64,1287)
w(76,26581,13,64,1288)
w(60,26582,13,64,1289)
w(72,26583,13,64,1290)
w(71,26584,13,64,1291)
w(71,26585,13,64,1292)
w(39,26586,13,64,1293)
w(45,26587,13,64,1294)
w(45,26588,13,64,1295)
w(88,26589,13,64,1296)
w(88,26590,13,64,1297)
w(8,26591,13,64,1298)
w(40,26592,13,64,1299)
r(38,2604,13,65,1300)
r(71,26585,13,65,1301)
r(47,8690,13,65,1302)
r(20,2597,13,65,1303)
r(65,26579,13,65,1304)
r(6,4671,13,65,1305)
r(71,26585,13,65,1306)
r(37,20571,13,65,1307)
r(56,20588,13,65,1308)
r(95,4656,13,65,1309)
r(19,4685,13,65,1310)
r(14,28703,13,65,1311)
w(89,26593,13,65,1312)
w(79,26594,13,65,1313)
w(31,26595,13,65,1314)
w(64,26596,13,65,1315)
w(11,26597,13,65,1316)
w(73,26598,13,65,1317)
w(15,26599,13,65,1318)
w(74,26600,13,65,1319)
r(23,48521,13,66,1320)
r(15,26599,13,66,1321)
r(5,2606,13,66,1322)
r(44,8682,13,66,1323)
r(59,8698,13,66,1324)
r(23,48521,13,66,1325)
r(72,6744,13,66,1326)
r(59,8698,13,66,1327)
r(34,4676,13,66,1328)
r(41,6736,13,66,1329)
r(14,28703,13,66,1330)
w(75,26601,13,66,1331)
w(27,26602,13,66,1332)
w(37,26603,13,66,1333)
w(17,26604,13,66,1334)
w(99,26605,13,66,1335)
w(83,26606,13,66,1336)
w(18,26607,13,66,1337)
w(46,26608,13,66,1338)
w(26,26609,13,66,1339)
r(94,2621,13,67,1340)
r(70,6738,13,67,1341)
r(56,20588,13,67,1342)
r(76,26581,13,67,1343)
r(98,8707,13,67,1344)
r(3,6735,13,67,1345)
r(63,2603,13,67,1346)
r(28,10638,13,67,1347)
r(1,8716,13,67,1348)
r(90,26577,13,67,1349)
r(46,26608,13,67,1350)
r(90,26577,13,67,1351)
r(88,6741,13,67,1352)
r(37,26603,13,67,1353)
r(12,34616,13,67,1354)
r(4,22527,13,67,1355)
r(31,26595,13,67,1356)
r(78,10632,13,67,1357)
r(41,6736,13,67,1358)
r(32,6740,13,67,1359)
r(48,10609,13,68,1360)
r(15,26599,13,68,1361)
r(27,26602,13,68,1362)
r(56,20588,13,68,1363)
r(14,28703,13,68,1364)
r(30,10613,13,68,1365)
w(20,26610,13,68,1366)
w(90,26611,13,68,1367)
w(56,26612,13,68,1368)
w(29,26613,13,68,1369)
w(73,26614,13,68,1370)
w(74,26615,13,68,1371)
w(62,26616,13,68,1372)
w(49,26617,13,68,1373)
w(19,26618,13,68,1374)
w(21,26619,13,68,1375)
w(76,26620,13,68,1376)
w(26,26621,13,68,1377)
w(34,26622,13,68,1378)
w(37,26623,13,68,1379)
r(93,4684,13,69,1380)
r(80,20612,13,69,1381)
r(39,26586,13,69,1382)
r(6,2648,13,69,1383)
r(73,4698,13,69,1384)
r(16,48518,13,69,1385)
r(84,20620,13,69,1386)
r(93,4684,13,69,1387)
r(32,54548,13,69,1388)
r(42,10623,13,69,1389)
r(46,26608,13,69,1390)
r(99,26605,13,69,1391)
w(20,26624,13,69,1392)
w(75,26625,13,69,1393)
w(49,26626,13,69,1394)
w(54,26627,13,69,1395)
w(35,26628,13,69,1396)
w(37,26629,13,69,1397)
w(69,26630,13,69,1398)
w(77,26631,13,69,1399)
w(84,26632,13,70,1400)
w(17,26633,13,70,1401)
w(56,26634,13,70,1402)
w(10,26635,13,70,1403)
w(58,26636,13,70,1404)
w(65,26637,13,70,1405)
w(95,26638,13,70,1406)
w(50,26639,13,70,1407)
w(88,26640,13,70,1408)
w(89,26641,13,70,1409)
w(25,26642,13,70,1410)
w(80,26643,13,70,1411)
w(31,26644,13,70,1412)
w(4,26645,13,70,1413)
w(82,26646,13,70,1414)
w(40,26647,13,70,1415)
w(38,26648,13,70,1416)
w(75,26649,13,70,1417)
w(67,26650,13,70,1418)
w(97,26651,13,70,1419)
r(72,2644,13,71,1420)
r(37,4720,13,71,1421)
r(52,22533,13,71,1422)
r(29,48563,13,71,1423)
r(99,26605,13,71,1424)
r(88,24634,13,71,1425)
r(55,10655,13,71,1426)
r(73,4698,13,71,1427)
r(80,4727,13,71,1428)
r(24,48559,13,71,1429)
r(66,54574,13,71,1430)
w(44,26652,13,71,1431)
w(78,26653,13,71,1432)
w(3,26654,13,71,1433)
w(75,26655,13,71,1434)
w(22,26656,13,71,1435)
w(99,26657,13,71,1436)
w(33,26658,13,71,1437)
w(75,26659,13,71,1438)
w(89,26660,13,71,1439)
r(11,34652,13,72,1440)
r(97,22568,13,72,1441)
r(19,6737,13,72,1442)
r(19,6737,13,72,1443)
r(23,6791,13,72,1444)
r(4,26645,13,72,1445)
r(37,4720,13,72,1446)
r(32,6792,13,72,1447)
r(52,22533,13,72,1448)
r(45,4723,13,72,1449)
r(15,4743,13,72,1450)
r(18,2658,13,72,1451)
w(25,26661,13,72,1452)
w(20,26662,13,72,1453)
w(90,26663,13,72,1454)
w(68,26664,13,72,1455)
w(87,26665,13,72,1456)
w(44,26666,13,72,1457)
w(79,26667,13,72,1458)
w(73,26668,13,72,1459)
r(30,48548,13,73,1460)
r(69,26630,13,73,1461)
r(71,54556,13,73,1462)
r(52,22533,13,73,1463)
r(53,48545,13,73,1464)
r(53,48545,13,73,1465)
r(1,8757,13,73,1466)
r(58,6768,13,73,1467)
r(92,4736,13,73,1468)
w(0,26669,13,73,1469)
w(6,26670,13,73,1470)
w(77,26671,13,73,1471)
w(66,26672,13,73,1472)
w(57,26673,13,73,1473)
w(91,26674,13,73,1474)
w(81,26675,13,73,1475)
w(51,26676,13,73,1476)
w(41,26677,13,73,1477)
w(35,26678,13,73,1478)
w(80,26679,13,73,1479)
r(36,20681,13,74,1480)
r(34,6815,13,74,1481)
r(27,54608,13,74,1482)
r(91,26674,13,74,1483)
r(28,20673,13,74,1484)
r(39,20666,13,74,1485)
r(40,34673,13,74,1486)
r(69,10710,13,74,1487)
r(12,22570,13,74,1488)
r(61,2670,13,74,1489)
r(30,6800,13,74,1490)
r(6,26670,13,74,1491)
r(63,34672,13,74,1492)
r(29,10662,13,74,1493)
w(26,26680,13,74,1494)
w(37,26681,13,74,1495)
w(77,26682,13,74,1496)
w(63,26683,13,74,1497)
w(64,26684,13,74,1498)
w(56,26685,13,74,1499)
w(95,26686,13,75,1500)
w(13,26687,13,75,1501)
w(6,26688,13,75,1502)
w(10,26689,13,75,1503)
w(20,26690,13,75,1504)
w(5,26691,13,75,1505)
w(6,26692,13,75,1506)
w(6,26693,13,75,1507)
w(18,26694,13,75,1508)
w(83,26695,13,75,1509)
w(69,26696,13,75,1510)
w(3,26697,13,75,1511)
w(55,26698,13,75,1512)
w(57,26699,13,75,1513)
w(71,26700,13,75,1514)
w(29,26701,13,75,1515)
w(80,26702,13,75,1516)
w(91,26703,13,75,1517)
w(93,26704,13,75,1518)
w(85,26705,13,75,1519)
r(4,20692,13,76,1520)
r(21,10733,13,76,1521)
r(34,34682,13,76,1522)
r(36,22613,13,76,1523)
r(92,4781,13,76,1524)
r(80,26702,13,76,1525)
r(81,22609,13,76,1526)
r(53,22599,13,76,1527)
r(4,20692,13,76,1528)
r(90,24659,13,76,1529)
w(37,26706,13,76,1530)
w(14,26707,13,76,1531)
w(15,26708,13,76,1532)
w(31,26709,13,76,1533)
w(94,26710,13,76,1534)
w(50,26711,13,76,1535)
w(55,26712,13,76,1536)
w(61,26713,13,76,1537)
w(71,26714,13,76,1538)
w(10,26715,13,76,1539)
r(42,48588,13,77,1540)
r(81,2717,13,77,1541)
r(30,48598,13,77,1542)
r(99,22612,13,77,1543)
r(89,22611,13,77,1544)
r(76,22616,13,77,1545)
r(90,24659,13,77,1546)
r(46,6832,13,77,1547)
r(8,20690,13,77,1548)
r(71,26714,13,77,1549)
w(24,26716,13,77,1550)
w(58,26717,13,77,1551)
w(50,26718,13,77,1552)
w(1,26719,13,77,1553)
w(60,26720,13,77,1554)
w(9,26721,13,77,1555)
w(86,26722,13,77,1556)
w(41,26723,13,77,1557)
w(28,26724,13,77,1558)
w(4,26725,13,77,1559)
r(34,48608,13,78,1560)
r(94,26710,13,78,1561)
r(43,2715,13,78,1562)
r(21,10733,13,78,1563)
r(95,48614,13,78,1564)
r(80,26702,13,78,1565)
r(4,26725,13,78,1566)
r(74,48605,13,78,1567)
r(29,6841,13,78,1568)
r(39,20666,13,78,1569)
r(32,4794,13,78,1570)
r(87,6837,13,78,1571)
w(68,26726,13,78,1572)
w(90,26727,13,78,1573)
w(20,26728,13,78,1574)
w(55,26729,13,78,1575)
w(32,26730,13,78,1576)
w(24,26731,13,78,1577)
w(52,26732,13,78,1578)
w(54,26733,13,78,1579)
r(94,54683,13,79,1580)
r(23,24714,13,79,1581)
r(21,10733,13,79,1582)
r(33,34719,13,79,1583)
r(18,54666,13,79,1584)
w(90,26734,13,79,1585)
w(35,26735,13,79,1586)
w(8,26736,13,79,1587)
w(45,26737,13,79,1588)
w(40,26738,13,79,1589)
w(67,26739,13,79,1590)
w(94,26740,13,79,1591)
w(0,26741,13,79,1592)
w(70,26742,13,79,1593)
w(47,26743,13,79,1594)
w(85,26744,13,79,1595)
w(58,26745,13,79,1596)
w(25,26746,13,79,1597)
w(91,26747,13,79,1598)
w(63,26748,13,79,1599)
r(8,54688,13,80,1600)
r(39,6882,13,80,1601)
r(73,2776,13,80,1602)
r(73,2776,13,80,1603)
r(22,48618,13,80,1604)
r(32,26730,13,80,1605)
r(93,2781,13,80,1606)
r(54,8866,13,80,1607)
r(83,22678,13,80,1608)
r(23,6876,13,80,1609)
w(50,26749,13,80,1610)
w(86,26750,13,80,1611)
w(47,26751,13,80,1612)
w(26,26752,13,80,1613)
w(77,26753,13,80,1614)
w(78,26754,13,80,1615)
w(22,26755,13,80,1616)
w(63,26756,13,80,1617)
w(36,26757,13,80,1618)
w(53,26758,13,80,1619)
r(14,48655,13,81,1620)
r(86,26750,13,81,1621)
r(28,10765,13,81,1622)
r(7,8874,13,81,1623)
r(88,34755,13,81,1624)
r(50,26749,13,81,1625)
r(72,54690,13,81,1626)
r(5,22669,13,81,1627)
r(49,34757,13,81,1628)
r(89,10771,13,81,1629)
w(42,26759,13,81,1630)
w(69,26760,13,81,1631)
w(18,26761,13,81,1632)
w(13,26762,13,81,1633)
w(54,26763,13,81,1634)
w(75,26764,13,81,1635)
w(59,26765,13,81,1636)
w(90,26766,13,81,1637)
w(98,26767,13,81,1638)
w(69,26768,13,81,1639)
r(86,20782,13,82,1640)
r(88,10790,13,82,1641)
r(9,48662,13,82,1642)
r(12,6906,13,82,1643)
r(44,22694,13,82,1644)
r(54,8866,13,82,1645)
r(84,10806,13,82,1646)
r(88,10790,13,82,1647)
r(99,6925,13,82,1648)
r(33,6928,13,82,1649)
w(56,26769,13,82,1650)
w(99,26770,13,82,1651)
w(10,26771,13,82,1652)
w(60,26772,13,82,1653)
w(56,26773,13,82,1654)
w(51,26774,13,82,1655)
w(49,26775,13,82,1656)
w(3,26776,13,82,1657)
w(29,26777,13,82,1658)
w(78,26778,13,82,1659)
r(78,26778,13,83,1660)
r(36,54722,13,83,1661)
r(56,26773,13,83,1662)
r(83,24759,13,83,1663)
r(38,20793,13,83,1664)
r(83,24759,13,83,1665)
r(70,20780,13,83,1666)
r(69,22714,13,83,1667)
r(11,4866,13,83,1668)
r(80,4872,13,83,1669)
r(46,20779,13,83,1670)
r(5,54729,13,83,1671)
r(39,10819,13,83,1672)
r(1,34775,13,83,1673)
r(6,24753,13,83,1674)
r(30,4870,13,83,1675)
r(46,20779,13,83,1676)
r(12,34776,13,83,1677)
r(66,6920,13,83,1678)
r(2,4882,13,83,1679)
r(77,6912,13,84,1680)
r(14,10818,13,84,1681)
r(40,20784,13,84,1682)
r(64,10816,13,84,1683)
r(58,6923,13,84,1684)
r(96,22687,13,84,1685)
r(68,10800,13,84,1686)
r(87,6916,13,84,1687)
r(18,4869,13,84,1688)
w(18,26779,13,84,1689)
w(83,26780,13,84,1690)
w(46,26781,13,84,1691)
w(20,26782,13,84,1692)
w(95,26783,13,84,1693)
w(1,26784,13,84,1694)
w(40,26785,13,84,1695)
w(4,26786,13,84,1696)
w(95,26787,13,84,1697)
w(23,26788,13,84,1698)
w(70,26789,13,84,1699)
w(46,26790,13,85,1700)
w(97,26791,13,85,1701)
w(91,26792,13,85,1702)
w(7,26793,13,85,1703)
w(64,26794,13,85,1704)
w(12,26795,13,85,1705)
w(13,26796,13,85,1706)
w(66,26797,13,85,1707)
w(84,26798,13,85,1708)
w(89,26799,13,85,1709)
w(45,26800,13,85,1710)
w(45,26801,13,85,1711)
w(5,26802,13,85,1712)
w(9,26803,13,85,1713)
w(17,26804,13,85,1714)
w(22,26805,13,85,1715)
w(36,26806,13,85,1716)
w(76,26807,13,85,1717)
w(34,26808,13,85,1718)
w(38,26809,13,85,1719)
r(51,26774,13,86,1720)
r(94,8960,13,86,1721)
r(0,10813,13,86,1722)
r(88,24815,13,86,1723)
r(86,54745,13,86,1724)
r(13,10833,13,86,1725)
r(21,6926,13,86,1726)
r(2,54737,13,86,1727)
w(41,26810,13,86,1728)
w(79,26811,13,86,1729)
w(9,26812,13,86,1730)
w(25,26813,13,86,1731)
w(92,26814,13,86,1732)
w(91,26815,13,86,1733)
w(13,26816,13,86,1734)
w(81,26817,13,86,1735)
w(76,26818,13,86,1736)
w(3,26819,13,86,1737)
w(65,26820,13,86,1738)
w(17,26821,13,86,1739)
r(97,22725,13,87,1740)
r(79,26811,13,87,1741)
r(73,20813,13,87,1742)
r(1,22750,13,87,1743)
r(30,6987,13,87,1744)
r(9,26812,13,87,1745)
r(7,54739,13,87,1746)
r(75,24822,13,87,1747)
r(2,54737,13,87,1748)
r(66,24817,13,87,1749)
r(9,26812,13,87,1750)
w(8,26822,13,87,1751)
w(33,26823,13,87,1752)
w(23,26824,13,87,1753)
w(82,26825,13,87,1754)
w(95,26826,13,87,1755)
w(19,26827,13,87,1756)
w(27,26828,13,87,1757)
w(0,26829,13,87,1758)
w(23,26830,13,87,1759)
r(90,22764,13,88,1760)
r(26,20862,13,88,1761)
r(3,24837,13,88,1762)
r(61,20856,13,88,1763)
r(56,20866,13,88,1764)
r(8,2841,13,88,1765)
r(27,26828,13,88,1766)
r(96,22781,13,88,1767)
w(53,26831,13,88,1768)
w(27,26832,13,88,1769)
w(18,26833,13,88,1770)
w(41,26834,13,88,1771)
w(13,26835,13,88,1772)
w(3,26836,13,88,1773)
w(23,26837,13,88,1774)
w(80,26838,13,88,1775)
w(20,26839,13,88,1776)
w(9,26840,13,88,1777)
w(3,26841,13,88,1778)
w(34,26842,13,88,1779)
r(50,34846,13,89,1780)
r(9,26840,13,89,1781)
r(7,48749,13,89,1782)
r(43,48759,13,89,1783)
r(11,4956,13,89,1784)
r(92,26814,13,89,1785)
r(98,34847,13,89,1786)
r(76,20875,13,89,1787)
r(92,26814,13,89,1788)
r(54,34879,13,89,1789)
r(19,20876,13,89,1790)
w(45,26843,13,89,1791)
w(99,26844,13,89,1792)
w(59,26845,13,89,1793)
w(75,26846,13,89,1794)
w(2,26847,13,89,1795)
w(27,26848,13,89,1796)
w(82,26849,13,89,1797)
w(55,26850,13,89,1798)
w(98,26851,13,89,1799)
w(12,26852,13,90,1800)
w(20,26853,13,90,1801)
w(51,26854,13,90,1802)
w(93,26855,13,90,1803)
w(99,26856,13,90,1804)
w(1,26857,13,90,1805)
w(18,26858,13,90,1806)
w(72,26859,13,90,1807)
w(53,26860,13,90,1808)
w(2,26861,13,90,1809)
w(42,26862,13,90,1810)
w(19,26863,13,90,1811)
w(16,26864,13,90,1812)
w(89,26865,13,90,1813)
w(58,26866,13,90,1814)
w(98,26867,13,90,1815)
w(96,26868,13,90,1816)
w(4,26869,13,90,1817)
w(56,26870,13,90,1818)
w(34,26871,13,90,1819)
w(86,26872,13,91,1820)
w(44,26873,13,91,1821)
w(89,26874,13,91,1822)
w(20,26875,13,91,1823)
w(97,26876,13,91,1824)
w(73,26877,13,91,1825)
w(2,26878,13,91,1826)
w(37,26879,13,91,1827)
w(76,26880,13,91,1828)
w(87,26881,13,91,1829)
w(96,26882,13,91,1830)
w(13,26883,13,91,1831)
w(19,26884,13,91,1832)
w(63,26885,13,91,1833)
w(11,26886,13,91,1834)
w(53,26887,13,91,1835)
w(49,26888,13,91,1836)
w(90,26889,13,91,1837)
w(8,26890,13,91,1838)
w(34,26891,13,91,1839)
r(89,26874,13,92,1840)
r(75,2873,13,92,1841)
r(42,34912,13,92,1842)
r(70,48818,13,92,1843)
r(79,36023,13,92,1844)
r(74,48744,13,92,1845)
r(17,54862,13,92,1846)
r(34,26891,13,92,1847)
r(3,48822,13,92,1848)
r(79,36023,13,92,1849)
w(29,26892,13,92,1850)
w(1,26893,13,92,1851)
w(64,26894,13,92,1852)
w(36,26895,13,92,1853)
w(18,26896,13,92,1854)
w(57,26897,13,92,1855)
w(12,26898,13,92,1856)
w(19,26899,13,92,1857)
w(75,26900,13,92,1858)
w(82,26901,13,92,1859)
r(35,36051,13,93,1860)
r(81,48870,13,93,1861)
r(1,48865,13,93,1862)
r(65,5038,13,93,1863)
r(74,48869,13,93,1864)
r(7,4006,13,93,1865)
r(85,54872,13,93,1866)
r(95,4005,13,93,1867)
r(45,2870,13,93,1868)
w(22,26902,13,93,1869)
w(75,26903,13,93,1870)
w(39,26904,13,93,1871)
w(70,26905,13,93,1872)
w(79,26906,13,93,1873)
w(61,26907,13,93,1874)
w(26,26908,13,93,1875)
w(41,26909,13,93,1876)
w(90,26910,13,93,1877)
w(55,26911,13,93,1878)
w(47,26912,13,93,1879)
r(37,20975,13,94,1880)
r(56,36080,13,94,1881)
r(77,22861,13,94,1882)
r(78,9006,13,94,1883)
r(21,2907,13,94,1884)
r(7,36076,13,94,1885)
r(73,36066,13,94,1886)
r(38,4003,13,94,1887)
r(51,48881,13,94,1888)
w(5,26913,13,94,1889)
w(79,26914,13,94,1890)
w(82,26915,13,94,1891)
w(2,26916,13,94,1892)
w(69,26917,13,94,1893)
w(99,26918,13,94,1894)
w(73,26919,13,94,1895)
w(42,26920,13,94,1896)
w(85,26921,13,94,1897)
w(73,26922,13,94,1898)
w(77,26923,13,94,1899)
w(29,26924,13,95,1900)
w(99,26925,13,95,1901)
w(69,26926,13,95,1902)
w(38,26927,13,95,1903)
w(60,26928,13,95,1904)
w(13,26929,13,95,1905)
w(1,26930,13,95,1906)
w(44,26931,13,95,1907)
w(25,26932,13,95,1908)
w(5,26933,13,95,1909)
w(2,26934,13,95,1910)
w(10,26935,13,95,1911)
w(26,26936,13,95,1912)
w(66,26937,13,95,1913)
w(77,26938,13,95,1914)
w(30,26939,13,95,1915)
w(72,26940,13,95,1916)
w(75,26941,13,95,1917)
w(22,26942,13,95,1918)
w(54,26943,13,95,1919)
r(10,26935,13,96,1920)
r(87,22890,13,96,1921)
r(6,48934,13,96,1922)
r(6,48934,13,96,1923)
r(98,24028,13,96,1924)
r(29,36108,13,96,1925)
r(99,48925,13,96,1926)
r(4,34984,13,96,1927)
r(82,34979,13,96,1928)
w(34,26944,13,96,1929)
w(69,26945,13,96,1930)
w(48,26946,13,96,1931)
w(15,26947,13,96,1932)
w(65,26948,13,96,1933)
w(77,26949,13,96,1934)
w(66,26950,13,96,1935)
w(25,26951,13,96,1936)
w(11,26952,13,96,1937)
w(19,26953,13,96,1938)
w(9,26954,13,96,1939)
w(39,26955,13,97,1940)
w(89,26956,13,97,1941)
w(53,26957,13,97,1942)
w(66,26958,13,97,1943)
w(67,26959,13,97,1944)
w(46,26960,13,97,1945)
w(22,26961,13,97,1946)
w(22,26962,13,97,1947)
w(20,26963,13,97,1948)
w(55,26964,13,97,1949)
w(86,26965,13,97,1950)
w(8,26966,13,97,1951)
w(40,26967,13,97,1952)
w(16,26968,13,97,1953)
w(86,26969,13,97,1954)
w(8,26970,13,97,1955)
w(67,26971,13,97,1956)
w(53,26972,13,97,1957)
w(19,26973,13,97,1958)
w(81,26974,13,97,1959)
r(76,4116,13,98,1960)
r(70,22980,13,98,1961)
r(39,54957,13,98,1962)
r(40,38075,13,98,1963)
r(43,22970,13,98,1964)
r(94,22971,13,98,1965)
r(83,22939,13,98,1966)
r(51,38035,13,98,1967)
r(37,35044,13,98,1968)
r(95,22979,13,98,1969)
w(26,26975,13,98,1970)
w(92,26976,13,98,1971)
w(60,26977,13,98,1972)
w(16,26978,13,98,1973)
w(29,26979,13,98,1974)
w(20,26980,13,98,1975)
w(43,26981,13,98,1976)
w(8,26982,13,98,1977)
w(31,26983,13,98,1978)
w(82,26984,13,98,1979)
w(92,26985,13,99,1980)
w(98,26986,13,99,1981)
w(19,26987,13,99,1982)
w(8,26988,13,99,1983)
w(97,26989,13,99,1984)
w(12,26990,13,99,1985)
w(59,26991,13,99,1986)
w(22,26992,13,99,1987)
w(97,26993,13,99,1988)
w(73,26994,13,99,1989)
w(46,26995,13,99,1990)
w(76,26996,13,99,1991)
w(11,26997,13,99,1992)
w(1,26998,13,99,1993)
w(12,26999,13,99,1994)
w(52,27000,13,99,1995)
w(77,27001,13,99,1996)
w(48,27002,13,99,1997)
w(34,27003,13,99,1998)
w(78,27004,13,99,1999)
r(31,28068,13,100,2000)
r(75,22996,13,100,2001)
r(24,54979,13,100,2002)
r(95,38124,13,100,2003)
r(22,24095,13,100,2004)
r(57,38104,13,100,2005)
r(69,38043,13,100,2006)
r(55,24115,13,100,2007)
r(30,23001,13,100,2008)
r(74,4160,13,100,2009)
r(68,38039,13,100,2010)
r(0,38083,13,100,2011)
r(68,38039,13,100,2012)
r(61,44105,13,100,2013)
r(31,28068,13,100,2014)
r(46,54983,13,100,2015)
r(61,44105,13,100,2016)
r(95,38124,13,100,2017)
r(23,49018,13,100,2018)
r(21,49012,13,100,2019)
r(87,28080,13,101,2020)
r(53,4149,13,101,2021)
r(76,96,13,101,2022)
r(72,54969,13,101,2023)
r(31,28068,13,101,2024)
r(91,49017,13,101,2025)
r(73,36160,13,101,2026)
r(56,28067,13,101,2027)
r(37,49009,13,101,2028)
r(43,38106,13,101,2029)
w(81,26001,13,101,2030)
w(78,26002,13,101,2031)
w(6,26003,13,101,2032)
w(7,26004,13,101,2033)
w(98,26005,13,101,2034)
w(30,26006,13,101,2035)
w(32,26007,13,101,2036)
w(54,26008,13,101,2037)
w(78,26009,13,101,2038)
w(33,26010,13,101,2039)
r(52,54991,13,102,2040)
r(7,44132,13,102,2041)
r(87,28080,13,102,2042)
r(83,49010,13,102,2043)
r(20,38121,13,102,2044)
r(28,49029,13,102,2045)
r(35,24106,13,102,2046)
r(15,4150,13,102,2047)
r(66,35064,13,102,2048)
r(97,36166,13,102,2049)
r(94,49030,13,102,2050)
r(30,26006,13,102,2051)
w(89,26011,13,102,2052)
w(66,26012,13,102,2053)
w(57,26013,13,102,2054)
w(75,26014,13,102,2055)
w(2,26015,13,102,2056)
w(45,26016,13,102,2057)
w(66,26017,13,102,2058)
w(17,26018,13,102,2059)
r(45,26016,13,103,2060)
r(84,44137,13,103,2061)
r(45,26016,13,103,2062)
r(78,26009,13,103,2063)
r(74,44122,13,103,2064)
r(85,44136,13,103,2065)
r(71,24111,13,103,2066)
r(89,26011,13,103,2067)
r(17,26018,13,103,2068)
r(49,36175,13,103,2069)
r(7,24137,13,103,2070)
r(18,55004,13,103,2071)
w(87,26019,13,103,2072)
w(35,26020,13,103,2073)
w(67,26021,13,103,2074)
w(29,26022,13,103,2075)
w(17,26023,13,103,2076)
w(41,26024,13,103,2077)
w(69,26025,13,103,2078)
w(41,26026,13,103,2079)
r(72,44108,13,104,2080)
r(60,44152,13,104,2081)
r(17,136,13,104,2082)
r(53,139,13,104,2083)
r(65,141,13,104,2084)
r(53,139,13,104,2085)
r(14,140,13,104,2086)
w(87,26027,13,104,2087)
w(35,26028,13,104,2088)
w(8,26029,13,104,2089)
w(13,26030,13,104,2090)
w(26,26031,13,104,2091)
w(2,26032,13,104,2092)
w(80,26033,13,104,2093)
w(61,26034,13,104,2094)
w(44,26035,13,104,2095)
w(73,26036,13,104,2096)
w(47,26037,13,104,2097)
w(36,26038,13,104,2098)
w(50,26039,13,104,2099)
r(2,26032,13,105,2100)
r(82,36204,13,105,2101)
r(42,36226,13,105,2102)
r(95,16033,13,105,2103)
r(4,4183,13,105,2104)
r(67,24153,13,105,2105)
r(79,147,13,105,2106)
r(75,127,13,105,2107)
r(64,44167,13,105,2108)
r(57,24144,13,105,2109)
w(76,26040,13,105,2110)
w(18,26041,13,105,2111)
w(42,26042,13,105,2112)
w(11,26043,13,105,2113)
w(27,26044,13,105,2114)
w(29,26045,13,105,2115)
w(41,26046,13,105,2116)
w(34,26047,13,105,2117)
w(64,26048,13,105,2118)
w(18,26049,13,105,2119)
r(38,4191,13,106,2120)
r(16,55020,13,106,2121)
r(92,4192,13,106,2122)
r(17,28120,13,106,2123)
r(66,154,13,106,2124)
r(37,44165,13,106,2125)
r(52,44155,13,106,2126)
r(0,36193,13,106,2127)
r(74,36230,13,106,2128)
r(43,44173,13,106,2129)
r(53,4187,13,106,2130)
r(96,44162,13,106,2131)
r(25,114,13,106,2132)
r(14,140,13,106,2133)
r(72,38152,13,106,2134)
r(23,16039,13,106,2135)
r(85,38178,13,106,2136)
r(40,36200,13,106,2137)
r(37,44165,13,106,2138)
r(67,24153,13,106,2139)
r(20,16001,13,107,2140)
r(75,127,13,107,2141)
r(23,16039,13,107,2142)
r(8,4193,13,107,2143)
r(76,26040,13,107,2144)
r(56,38149,13,107,2145)
r(48,44171,13,107,2146)
r(91,36228,13,107,2147)
r(38,4191,13,107,2148)
r(13,26030,13,107,2149)
w(53,26050,13,107,2150)
w(65,26051,13,107,2151)
w(17,26052,13,107,2152)
w(87,26053,13,107,2153)
w(61,26054,13,107,2154)
w(88,26055,13,107,2155)
w(22,26056,13,107,2156)
w(25,26057,13,107,2157)
w(3,26058,13,107,2158)
w(21,26059,13,107,2159)
w(33,26060,13,108,2160)
w(14,26061,13,108,2161)
w(66,26062,13,108,2162)
w(63,26063,13,108,2163)
w(94,26064,13,108,2164)
w(15,26065,13,108,2165)
w(46,26066,13,108,2166)
w(49,26067,13,108,2167)
w(78,26068,13,108,2168)
w(93,26069,13,108,2169)
w(2,26070,13,108,2170)
w(95,26071,13,108,2171)
w(89,26072,13,108,2172)
w(81,26073,13,108,2173)
w(39,26074,13,108,2174)
w(78,26075,13,108,2175)
w(77,26076,13,108,2176)
w(61,26077,13,108,2177)
w(41,26078,13,108,2178)
w(98,26079,13,108,2179)
r(86,24167,13,109,2180)
r(83,4229,13,109,2181)
r(97,24162,13,109,2182)
r(69,4218,13,109,2183)
r(76,4213,13,109,2184)
r(93,26069,13,109,2185)
r(74,188,13,109,2186)
r(58,4236,13,109,2187)
r(63,26063,13,109,2188)
r(75,38189,13,109,2189)
r(96,44162,13,109,2190)
r(90,28166,13,109,2191)
r(6,4232,13,109,2192)
r(89,26072,13,109,2193)
r(89,26072,13,109,2194)
r(42,24176,13,109,2195)
r(43,44173,13,109,2196)
r(87,44196,13,109,2197)
r(38,4224,13,109,2198)
r(9,44191,13,109,2199)
r(82,4228,13,110,2200)
r(60,192,13,110,2201)
r(20,4227,13,110,2202)
r(82,4228,13,110,2203)
r(99,4238,13,110,2204)
r(68,24178,13,110,2205)
r(0,36193,13,110,2206)
w(11,26080,13,110,2207)
w(68,26081,13,110,2208)
w(18,26082,13,110,2209)
w(86,26083,13,110,2210)
w(23,26084,13,110,2211)
w(22,26085,13,110,2212)
w(62,26086,13,110,2213)
w(72,26087,13,110,2214)
w(41,26088,13,110,2215)
w(56,26089,13,110,2216)
w(57,26090,13,110,2217)
w(30,26091,13,110,2218)
w(9,26092,13,110,2219)
r(87,44196,13,111,2220)
r(46,200,13,111,2221)
r(38,36258,13,111,2222)
r(56,26089,13,111,2223)
r(77,26076,13,111,2224)
r(3,197,13,111,2225)
r(73,44199,13,111,2226)
r(95,26071,13,111,2227)
r(1,38207,13,111,2228)
r(83,4229,13,111,2229)
r(7,52013,13,111,2230)
r(50,38196,13,111,2231)
w(52,26093,13,111,2232)
w(11,26094,13,111,2233)
w(1,26095,13,111,2234)
w(65,26096,13,111,2235)
w(1,26097,13,111,2236)
w(62,26098,13,111,2237)
w(73,26099,13,111,2238)
w(83,26100,13,111,2239)
r(82,52016,13,112,2240)
r(99,28174,13,112,2241)
r(75,38189,13,112,2242)
r(63,52010,13,112,2243)
r(7,52013,13,112,2244)
r(81,26073,13,112,2245)
r(70,16061,13,112,2246)
w(40,26101,13,112,2247)
w(15,26102,13,112,2248)
w(84,26103,13,112,2249)
w(66,26104,13,112,2250)
w(37,26105,13,112,2251)
w(83,26106,13,112,2252)
w(17,26107,13,112,2253)
w(14,26108,13,112,2254)
w(71,26109,13,112,2255)
w(90,26110,13,112,2256)
w(87,26111,13,112,2257)
w(87,26112,13,112,2258)
w(81,26113,13,112,2259)
w(67,26114,13,113,2260)
w(54,26115,13,113,2261)
w(96,26116,13,113,2262)
w(8,26117,13,113,2263)
w(79,26118,13,113,2264)
w(63,26119,13,113,2265)
w(33,26120,13,113,2266)
w(78,26121,13,113,2267)
w(51,26122,13,113,2268)
w(85,26123,13,113,2269)
w(77,26124,13,113,2270)
w(89,26125,13,113,2271)
w(21,26126,13,113,2272)
w(41,26127,13,113,2273)
w(83,26128,13,113,2274)
w(19,26129,13,113,2275)
w(67,26130,13,113,2276)
w(12,26131,13,113,2277)
w(9,26132,13,113,2278)
w(43,26133,13,113,2279)
r(75,4267,13,114,2280)
r(51,28228,13,114,2281)
r(46,24202,13,114,2282)
r(67,26130,13,114,2283)
r(75,4267,13,114,2284)
r(99,44225,13,114,2285)
r(3,44229,13,114,2286)
r(83,26128,13,114,2287)
r(65,38217,13,114,2288)
r(75,4267,13,114,2289)
r(42,16097,13,114,2290)
w(19,26134,13,114,2291)
w(96,26135,13,114,2292)
w(38,26136,13,114,2293)
w(60,26137,13,114,2294)
w(46,26138,13,114,2295)
w(31,26139,13,114,2296)
w(78,26140,13,114,2297)
w(69,26141,13,114,2298)
w(46,26142,13,114,2299)
r(56,28235,13,115,2300)
r(12,26131,13,115,2301)
r(79,24232,13,115,2302)
r(87,24231,13,115,2303)
r(1,267,13,115,2304)
r(80,44230,13,115,2305)
r(90,52046,13,115,2306)
r(47,24243,13,115,2307)
r(29,24212,13,115,2308)
r(40,38256,13,115,2309)
r(17,38259,13,115,2310)
r(15,38254,13,115,2311)
r(67,270,13,115,2312)
r(74,24225,13,115,2313)
r(84,266,13,115,2314)
r(47,24243,13,115,2315)
r(25,236,13,115,2316)
r(0,28205,13,115,2317)
r(21,44215,13,115,2318)
r(50,52045,13,115,2319)
w(61,26143,13,116,2320)
w(26,26144,13,116,2321)
w(24,26145,13,116,2322)
w(9,26146,13,116,2323)
w(84,26147,13,116,2324)
w(39,26148,13,116,2325)
w(38,26149,13,116,2326)
w(85,26150,13,116,2327)
w(80,26151,13,116,2328)
w(83,26152,13,116,2329)
w(57,26153,13,116,2330)
w(82,26154,13,116,2331)
w(26,26155,13,116,2332)
w(26,26156,13,116,2333)
w(39,26157,13,116,2334)
w(61,26158,13,116,2335)
w(77,26159,13,116,2336)
w(26,26160,13,116,2337)
w(50,26161,13,116,2338)
w(49,26162,13,116,2339)
r(52,36276,13,117,2340)
r(79,24232,13,117,2341)
r(65,24269,13,117,2342)
r(60,16111,13,117,2343)
r(14,26108,13,117,2344)
r(66,44243,13,117,2345)
r(12,26131,13,117,2346)
r(46,26142,13,117,2347)
r(83,26152,13,117,2348)
r(63,280,13,117,2349)
r(69,26141,13,117,2350)
r(69,26141,13,117,2351)
r(1,24248,13,117,2352)
r(65,24269,13,117,2353)
r(7,24234,13,117,2354)
r(53,38261,13,117,2355)
r(11,24268,13,117,2356)
r(67,270,13,117,2357)
r(63,280,13,117,2358)
r(69,26141,13,117,2359)
r(94,44231,13,118,2360)
r(59,24259,13,118,2361)
r(46,26142,13,118,2362)
r(36,44233,13,118,2363)
r(46,26142,13,118,2364)
r(72,54092,13,118,2365)
r(40,44241,13,118,2366)
r(17,24245,13,118,2367)
r(71,44240,13,118,2368)
r(86,24254,13,118,2369)
r(11,24268,13,118,2370)
r(86,24254,13,118,2371)
r(47,24267,13,118,2372)
w(91,26163,13,118,2373)
w(83,26164,13,118,2374)
w(27,26165,13,118,2375)
w(22,26166,13,118,2376)
w(73,26167,13,118,2377)
w(56,26168,13,118,2378)
w(20,26169,13,118,2379)
r(81,26113,13,119,2380)
r(44,36316,13,119,2381)
r(16,44226,13,119,2382)
r(50,20012,13,119,2383)
r(58,2227,13,119,2384)
r(12,26131,13,119,2385)
w(42,26170,13,119,2386)
w(53,26171,13,119,2387)
w(85,26172,13,119,2388)
w(41,26173,13,119,2389)
w(28,26174,13,119,2390)
w(22,26175,13,119,2391)
w(10,26176,13,119,2392)
w(5,26177,13,119,2393)
w(70,26178,13,119,2394)
w(20,26179,13,119,2395)
w(87,26180,13,119,2396)
w(47,26181,13,119,2397)
w(77,26182,13,119,2398)
w(81,26183,13,119,2399)
r(19,50307,13,120,2400)
r(17,2238,13,120,2401)
r(21,44215,13,120,2402)
r(19,50307,13,120,2403)
r(84,50309,13,120,2404)
r(52,50315,13,120,2405)
r(39,297,13,120,2406)
r(91,52050,13,120,2407)
r(84,50309,13,120,2408)
r(31,50273,13,120,2409)
r(18,36360,13,120,2410)
r(93,38310,13,120,2411)
r(88,44263,13,120,2412)
r(73,16143,13,120,2413)
w(13,26184,13,120,2414)
w(84,26185,13,120,2415)
w(75,26186,13,120,2416)
w(49,26187,13,120,2417)
w(63,26188,13,120,2418)
w(41,26189,13,120,2419)
r(60,2228,13,121,2420)
r(43,2239,13,121,2421)
r(27,20066,13,121,2422)
r(71,36356,13,121,2423)
r(0,308,13,121,2424)
r(89,4328,13,121,2425)
r(60,2228,13,121,2426)
r(37,50336,13,121,2427)
r(23,38307,13,121,2428)
r(53,50283,13,121,2429)
w(97,26190,13,121,2430)
w(9,26191,13,121,2431)
w(29,26192,13,121,2432)
w(11,26193,13,121,2433)
w(58,26194,13,121,2434)
w(38,26195,13,121,2435)
w(11,26196,13,121,2436)
w(69,26197,13,121,2437)
w(52,26198,13,121,2438)
w(28,26199,13,121,2439)
r(96,18052,13,122,2440)
r(25,20090,13,122,2441)
r(85,48307,13,122,2442)
r(53,50283,13,122,2443)
r(24,36370,13,122,2444)
r(73,325,13,122,2445)
r(84,2302,13,122,2446)
r(43,24309,13,122,2447)
r(78,18050,13,122,2448)
r(36,52109,13,122,2449)
r(94,50339,13,122,2450)
r(57,299,13,122,2451)
w(75,26200,13,122,2452)
w(67,26201,13,122,2453)
w(18,26202,13,122,2454)
w(66,26203,13,122,2455)
w(7,26204,13,122,2456)
w(83,26205,13,122,2457)
w(47,26206,13,122,2458)
w(56,26207,13,122,2459)
r(97,48301,13,123,2460)
r(86,44311,13,123,2461)
r(51,2304,13,123,2462)
r(65,2309,13,123,2463)
r(67,2319,13,123,2464)
r(12,2317,13,123,2465)
r(86,44311,13,123,2466)
r(42,48306,13,123,2467)
r(63,50379,13,123,2468)
r(94,52131,13,123,2469)
r(76,246,13,123,2470)
r(21,2315,13,123,2471)
r(26,36379,13,123,2472)
w(80,26208,13,123,2473)
w(28,26209,13,123,2474)
w(31,26210,13,123,2475)
w(1,26211,13,123,2476)
w(92,26212,13,123,2477)
w(90,26213,13,123,2478)
w(94,26214,13,123,2479)
w(36,26215,13,124,2480)
w(10,26216,13,124,2481)
w(55,26217,13,124,2482)
w(11,26218,13,124,2483)
w(12,26219,13,124,2484)
w(45,26220,13,124,2485)
w(79,26221,13,124,2486)
w(2,26222,13,124,2487)
w(2,26223,13,124,2488)
w(60,26224,13,124,2489)
w(11,26225,13,124,2490)
w(11,26226,13,124,2491)
w(19,26227,13,124,2492)
w(19,26228,13,124,2493)
w(47,26229,13,124,2494)
w(74,26230,13,124,2495)
w(75,26231,13,124,2496)
w(55,26232,13,124,2497)
w(93,26233,13,124,2498)
w(15,26234,13,124,2499)
r(53,4059,13,125,2500)
r(86,16217,13,125,2501)
r(14,46053,13,125,2502)
r(75,2020,13,125,2503)
r(22,48351,13,125,2504)
r(53,4059,13,125,2505)
r(63,50477,13,125,2506)
r(46,50478,13,125,2507)
r(55,46028,13,125,2508)
r(86,16217,13,125,2509)
r(50,46044,13,125,2510)
r(18,4057,13,125,2511)
r(80,48354,13,125,2512)
r(50,46044,13,125,2513)
r(71,2023,13,125,2514)
r(51,4058,13,125,2515)
r(61,20146,13,125,2516)
r(27,18066,13,125,2517)
r(91,46040,13,125,2518)
r(55,46028,13,125,2519)
w(25,26235,13,126,2520)
w(93,26236,13,126,2521)
w(97,26237,13,126,2522)
w(23,26238,13,126,2523)
w(10,26239,13,126,2524)
w(32,26240,13,126,2525)
w(32,26241,13,126,2526)
w(57,26242,13,126,2527)
w(47,26243,13,126,2528)
w(71,26244,13,126,2529)
w(41,26245,13,126,2530)
w(71,26246,13,126,2531)
w(95,26247,13,126,2532)
w(45,26248,13,126,2533)
w(99,26249,13,126,2534)
w(10,26250,13,126,2535)
w(83,26251,13,126,2536)
w(1,26252,13,126,2537)
w(23,26253,13,126,2538)
w(98,26254,13,126,2539)
r(2,12021,13,127,2540)
r(93,36401,13,127,2541)
r(74,46156,13,127,2542)
r(76,54246,13,127,2543)
r(77,50534,13,127,2544)
r(71,30163,13,127,2545)
r(29,46151,13,127,2546)
r(26,46145,13,127,2547)
r(64,2123,13,127,2548)
r(97,30159,13,127,2549)
r(23,26253,13,127,2550)
r(4,50544,13,127,2551)
r(30,46105,13,127,2552)
r(69,30160,13,127,2553)
r(65,2117,13,127,2554)
r(13,36405,13,127,2555)
r(31,2103,13,127,2556)
r(62,46171,13,127,2557)
r(0,46140,13,127,2558)
r(73,46163,13,127,2559)
r(79,50540,13,128,2560)
r(7,30158,13,128,2561)
r(32,30168,13,128,2562)
r(17,12020,13,128,2563)
r(21,36415,13,128,2564)
r(84,18155,13,128,2565)
w(32,26255,13,128,2566)
w(2,26256,13,128,2567)
w(69,26257,13,128,2568)
w(3,26258,13,128,2569)
w(94,26259,13,128,2570)
w(48,26260,13,128,2571)
w(53,26261,13,128,2572)
w(94,26262,13,128,2573)
w(70,26263,13,128,2574)
w(93,26264,13,128,2575)
w(66,26265,13,128,2576)
w(7,26266,13,128,2577)
w(71,26267,13,128,2578)
w(67,26268,13,128,2579)
w(7,26269,13,129,2580)
w(53,26270,13,129,2581)
w(98,26271,13,129,2582)
w(63,26272,13,129,2583)
w(93,26273,13,129,2584)
w(95,26274,13,129,2585)
w(69,26275,13,129,2586)
w(67,26276,13,129,2587)
w(41,26277,13,129,2588)
w(68,26278,13,129,2589)
w(48,26279,13,129,2590)
w(8,26280,13,129,2591)
w(5,26281,13,129,2592)
w(23,26282,13,129,2593)
w(74,26283,13,129,2594)
w(79,26284,13,129,2595)
w(93,26285,13,129,2596)
w(67,26286,13,129,2597)
w(75,26287,13,129,2598)
w(20,26288,13,129,2599)
r(95,30203,13,130,2600)
r(14,2131,13,130,2601)
r(64,28393,13,130,2602)
r(15,30179,13,130,2603)
r(21,36415,13,130,2604)
r(56,4042,13,130,2605)
r(36,50595,13,130,2606)
r(62,50593,13,130,2607)
r(93,50592,13,130,2608)
r(5,2143,13,130,2609)
w(71,26289,13,130,2610)
w(64,26290,13,130,2611)
w(47,26291,13,130,2612)
w(0,26292,13,130,2613)
w(15,26293,13,130,2614)
w(93,26294,13,130,2615)
w(35,26295,13,130,2616)
w(6,26296,13,130,2617)
w(88,26297,13,130,2618)
w(38,26298,13,130,2619)
r(41,2169,13,131,2620)
r(14,12086,13,131,2621)
r(53,30246,13,131,2622)
r(52,50565,13,131,2623)
r(42,30237,13,131,2624)
r(21,36415,13,131,2625)
r(12,2167,13,131,2626)
w(26,26299,13,131,2627)
w(98,26300,13,131,2628)
w(77,26301,13,131,2629)
w(29,26302,13,131,2630)
w(95,26303,13,131,2631)
w(78,26304,13,131,2632)
w(44,26305,13,131,2633)
w(19,26306,13,131,2634)
w(12,26307,13,131,2635)
w(58,26308,13,131,2636)
w(68,26309,13,131,2637)
w(45,26310,13,131,2638)
w(0,26311,13,131,2639)
r(19,2106,13,132,2640)
r(6,2118,13,132,2641)
r(9,46257,13,132,2642)
r(28,12080,13,132,2643)
r(38,30266,13,132,2644)
r(30,46276,13,132,2645)
r(57,30241,13,132,2646)
r(72,2200,13,132,2647)
w(88,26312,13,132,2648)
w(32,26313,13,132,2649)
w(69,26314,13,132,2650)
w(79,26315,13,132,2651)
w(82,26316,13,132,2652)
w(94,26317,13,132,2653)
w(71,26318,13,132,2654)
w(33,26319,13,132,2655)
w(88,26320,13,132,2656)
w(74,26321,13,132,2657)
w(53,26322,13,132,2658)
w(89,26323,13,132,2659)
r(14,56119,13,133,2660)
r(87,50664,13,133,2661)
r(65,30290,13,133,2662)
r(68,2209,13,133,2663)
r(59,30298,13,133,2664)
r(87,50664,13,133,2665)
r(29,46268,13,133,2666)
r(99,44392,13,133,2667)
r(66,50681,13,133,2668)
r(62,30300,13,133,2669)
r(7,30296,13,133,2670)
r(10,50682,13,133,2671)
r(73,46285,13,133,2672)
r(2,30289,13,133,2673)
w(1,26324,13,133,2674)
w(8,26325,13,133,2675)
w(13,26326,13,133,2676)
w(75,26327,13,133,2677)
w(36,26328,13,133,2678)
w(69,26329,13,133,2679)
r(64,50679,13,134,2680)
r(43,30285,13,134,2681)
r(82,30293,13,134,2682)
r(48,44411,13,134,2683)
r(15,54295,13,134,2684)
r(64,50679,13,134,2685)
r(65,30290,13,134,2686)
r(3,50674,13,134,2687)
r(8,50694,13,134,2688)
r(13,30299,13,134,2689)
r(88,28392,13,134,2690)
r(1,8020,13,134,2691)
r(94,46275,13,134,2692)
r(71,50697,13,134,2693)
r(30,20308,13,134,2694)
r(76,50666,13,134,2695)
r(97,2203,13,134,2696)
r(23,30288,13,134,2697)
r(62,30300,13,134,2698)
r(86,50644,13,134,2699)
r(23,30288,13,135,2700)
r(89,58166,13,135,2701)
r(97,2203,13,135,2702)
r(2,20314,13,135,2703)
r(54,56117,13,135,2704)
r(35,30287,13,135,2705)
r(43,30285,13,135,2706)
r(53,50684,13,135,2707)
r(14,56119,13,135,2708)
r(24,50672,13,135,2709)
r(60,50649,13,135,2710)
r(90,50673,13,135,2711)
r(73,46285,13,135,2712)
w(85,26330,13,135,2713)
w(25,26331,13,135,2714)
w(1,26332,13,135,2715)
w(68,26333,13,135,2716)
w(44,26334,13,135,2717)
w(3,26335,13,135,2718)
w(99,26336,13,135,2719)
r(93,36527,13,136,2720)
r(48,44411,13,136,2721)
r(6,50689,13,136,2722)
r(28,2243,13,136,2723)
r(66,36521,13,136,2724)
r(38,50685,13,136,2725)
r(55,20007,13,136,2726)
r(59,36519,13,136,2727)
r(16,20319,13,136,2728)
r(77,2238,13,136,2729)
r(2,50707,13,136,2730)
r(91,50705,13,136,2731)
r(53,2241,13,136,2732)
w(93,26337,13,136,2733)
w(78,26338,13,136,2734)
w(3,26339,13,136,2735)
w(26,26340,13,136,2736)
w(33,26341,13,136,2737)
w(77,26342,13,136,2738)
w(12,26343,13,136,2739)
w(73,26344,13,137,2740)
w(13,26345,13,137,2741)
w(14,26346,13,137,2742)
w(63,26347,13,137,2743)
w(51,26348,13,137,2744)
w(59,26349,13,137,2745)
w(83,26350,13,137,2746)
w(11,26351,13,137,2747)
w(60,26352,13,137,2748)
w(5,26353,13,137,2749)
w(31,26354,13,137,2750)
w(75,26355,13,137,2751)
w(68,26356,13,137,2752)
w(19,26357,13,137,2753)
w(17,26358,13,137,2754)
w(47,26359,13,137,2755)
w(53,26360,13,137,2756)
w(85,26361,13,137,2757)
w(36,26362,13,137,2758)
w(88,26363,13,137,2759)
r(58,46321,13,138,2760)
r(65,30290,13,138,2761)
r(4,48117,13,138,2762)
r(98,12115,13,138,2763)
r(57,30273,13,138,2764)
r(20,4008,13,138,2765)
r(56,2219,13,138,2766)
r(96,30364,13,138,2767)
r(6,50689,13,138,2768)
r(91,50705,13,138,2769)
r(39,2237,13,138,2770)
r(20,4008,13,138,2771)
r(26,20011,13,138,2772)
r(78,46342,13,138,2773)
r(82,30293,13,138,2774)
r(13,2012,13,138,2775)
r(80,38528,13,138,2776)
r(57,30273,13,138,2777)
r(29,46318,13,138,2778)
r(74,12104,13,138,2779)
w(22,26001,13,139,2780)
w(73,26002,13,139,2781)
w(58,26003,13,139,2782)
w(97,26004,13,139,2783)
w(62,26005,13,139,2784)
w(28,26006,13,139,2785)
w(2,26007,13,139,2786)
w(47,26008,13,139,2787)
w(40,26009,13,139,2788)
w(68,26010,13,139,2789)
w(84,26011,13,139,2790)
w(91,26012,13,139,2791)
w(65,26013,13,139,2792)
w(7,26014,13,139,2793)
w(27,26015,13,139,2794)
w(81,26016,13,139,2795)
w(62,26017,13,139,2796)
w(22,26018,13,139,2797)
w(64,26019,13,139,2798)
w(64,26020,13,139,2799)
r(88,46335,13,140,2800)
r(75,36525,13,140,2801)
r(45,12069,13,140,2802)
r(75,36525,13,140,2803)
r(10,46328,13,140,2804)
r(2,44438,13,140,2805)
r(2,44438,13,140,2806)
r(90,30356,13,140,2807)
r(23,30288,13,140,2808)
r(37,30347,13,140,2809)
r(35,30367,13,140,2810)
r(35,30367,13,140,2811)
r(77,30365,13,140,2812)
r(96,30364,13,140,2813)
r(18,12106,13,140,2814)
w(62,26021,13,140,2815)
w(35,26022,13,140,2816)
w(23,26023,13,140,2817)
w(38,26024,13,140,2818)
w(30,26025,13,140,2819)
r(31,50703,13,141,2820)
r(51,50700,13,141,2821)
r(7,26014,13,141,2822)
r(90,46385,13,141,2823)
r(38,26024,13,141,2824)
r(90,46385,13,141,2825)
r(97,46334,13,141,2826)
r(33,52294,13,141,2827)
r(92,30355,13,141,2828)
r(60,38527,13,141,2829)
r(48,50760,13,141,2830)
r(42,20320,13,141,2831)
r(94,44431,13,141,2832)
r(4,44432,13,141,2833)
r(72,30370,13,141,2834)
r(33,52294,13,141,2835)
r(79,2009,13,141,2836)
r(70,8025,13,141,2837)
r(56,2219,13,141,2838)
r(37,46394,13,141,2839)
r(77,30389,13,142,2840)
r(31,50703,13,142,2841)
r(49,30391,13,142,2842)
r(81,26016,13,142,2843)
r(28,46330,13,142,2844)
r(43,44453,13,142,2845)
r(52,52291,13,142,2846)
r(12,52290,13,142,2847)
r(71,44452,13,142,2848)
r(22,26018,13,142,2849)
r(95,46390,13,142,2850)
r(29,46318,13,142,2851)
w(14,26026,13,142,2852)
w(82,26027,13,142,2853)
w(20,26028,13,142,2854)
w(20,26029,13,142,2855)
w(61,26030,13,142,2856)
w(68,26031,13,142,2857)
w(61,26032,13,142,2858)
w(91,26033,13,142,2859)
w(29,26034,13,143,2860)
w(95,26035,13,143,2861)
w(99,26036,13,143,2862)
w(29,26037,13,143,2863)
w(20,26038,13,143,2864)
w(42,26039,13,143,2865)
w(18,26040,13,143,2866)
w(51,26041,13,143,2867)
w(79,26042,13,143,2868)
w(61,26043,13,143,2869)
w(34,26044,13,143,2870)
w(65,26045,13,143,2871)
w(91,26046,13,143,2872)
w(78,26047,13,143,2873)
w(30,26048,13,143,2874)
w(13,26049,13,143,2875)
w(93,26050,13,143,2876)
w(90,26051,13,143,2877)
w(1,26052,13,143,2878)
w(77,26053,13,143,2879)
w(35,26054,13,144,2880)
w(90,26055,13,144,2881)
w(6,26056,13,144,2882)
w(9,26057,13,144,2883)
w(39,26058,13,144,2884)
w(83,26059,13,144,2885)
w(16,26060,13,144,2886)
w(80,26061,13,144,2887)
w(97,26062,13,144,2888)
w(56,26063,13,144,2889)
w(85,26064,13,144,2890)
w(93,26065,13,144,2891)
w(99,26066,13,144,2892)
w(63,26067,13,144,2893)
w(78,26068,13,144,2894)
w(48,26069,13,144,2895)
w(0,26070,13,144,2896)
w(52,26071,13,144,2897)
w(70,26072,13,144,2898)
w(97,26073,13,144,2899)
w(61,26074,13,145,2900)
w(81,26075,13,145,2901)
w(13,26076,13,145,2902)
w(48,26077,13,145,2903)
w(4,26078,13,145,2904)
w(85,26079,13,145,2905)
w(90,26080,13,145,2906)
w(41,26081,13,145,2907)
w(69,26082,13,145,2908)
w(90,26083,13,145,2909)
w(19,26084,13,145,2910)
w(15,26085,13,145,2911)
w(88,26086,13,145,2912)
w(12,26087,13,145,2913)
w(79,26088,13,145,2914)
w(47,26089,13,145,2915)
w(93,26090,13,145,2916)
w(21,26091,13,145,2917)
w(51,26092,13,145,2918)
w(57,26093,13,145,2919)
r(26,6011,13,146,2920)
r(84,50805,13,146,2921)
r(14,46420,13,146,2922)
r(74,44450,13,146,2923)
r(59,16393,13,146,2924)
r(72,30370,13,146,2925)
r(65,26013,13,146,2926)
r(34,30420,13,146,2927)
r(36,30408,13,146,2928)
r(89,30394,13,146,2929)
w(55,26094,13,146,2930)
w(68,26095,13,146,2931)
w(2,26096,13,146,2932)
w(37,26097,13,146,2933)
w(69,26098,13,146,2934)
w(33,26099,13,146,2935)
w(61,26100,13,146,2936)
w(94,26101,13,146,2937)
w(96,26102,13,146,2938)
w(5,26103,13,146,2939)
r(96,50019,13,147,2940)
r(97,46445,13,147,2941)
r(84,50805,13,147,2942)
r(99,26066,13,147,2943)
r(54,6016,13,147,2944)
r(58,50016,13,147,2945)
r(16,24031,13,147,2946)
r(39,6030,13,147,2947)
r(3,6035,13,147,2948)
r(51,26092,13,147,2949)
r(79,24030,13,147,2950)
r(6,56194,13,147,2951)
r(98,46427,13,147,2952)
w(93,26104,13,147,2953)
w(20,26105,13,147,2954)
w(51,26106,13,147,2955)
w(10,26107,13,147,2956)
w(24,26108,13,147,2957)
w(73,26109,13,147,2958)
w(47,26110,13,147,2959)
r(67,12158,13,148,2960)
r(26,6011,13,148,2961)
r(88,12154,13,148,2962)
r(39,6030,13,148,2963)
r(69,46439,13,148,2964)
r(79,24030,13,148,2965)
r(46,36550,13,148,2966)
r(89,30394,13,148,2967)
r(43,20147,13,148,2968)
r(53,50028,13,148,2969)
r(36,46444,13,148,2970)
r(33,12153,13,148,2971)
r(15,12157,13,148,2972)
r(61,24033,13,148,2973)
r(2,6020,13,148,2974)
r(19,26084,13,148,2975)
r(80,6024,13,148,2976)
r(7,6034,13,148,2977)
r(20,26105,13,148,2978)
r(3,6035,13,148,2979)
r(79,24030,13,149,2980)
r(59,16393,13,149,2981)
r(27,36548,13,149,2982)
r(95,50024,13,149,2983)
r(29,30424,13,149,2984)
r(95,50024,13,149,2985)
r(45,6031,13,149,2986)
r(9,16395,13,149,2987)
r(50,6044,13,149,2988)
r(48,26077,13,149,2989)
r(3,6035,13,149,2990)
r(35,20145,13,149,2991)
r(66,46447,13,149,2992)
r(87,50022,13,149,2993)
r(45,6031,13,149,2994)
r(71,36596,13,149,2995)
r(90,26083,13,149,2996)
r(86,24028,13,149,2997)
r(20,26105,13,149,2998)
r(13,26076,13,149,2999)
r(9,16395,13,150,3000)
r(9,16395,13,150,3001)
r(74,6037,13,150,3002)
r(16,12155,13,150,3003)
r(86,24028,13,150,3004)
r(38,24020,13,150,3005)
r(47,26110,13,150,3006)
r(94,24035,13,150,3007)
r(0,50023,13,150,3008)
r(16,12155,13,150,3009)
w(37,26111,13,150,3010)
w(5,26112,13,150,3011)
w(36,26113,13,150,3012)
w(56,26114,13,150,3013)
w(75,26115,13,150,3014)
w(64,26116,13,150,3015)
w(18,26117,13,150,3016)
w(63,26118,13,150,3017)
w(12,26119,13,150,3018)
w(95,26120,13,150,3019)
r(36,26113,13,151,3020)
r(15,50037,13,151,3021)
r(1,30446,13,151,3022)
r(57,46455,13,151,3023)
r(33,12153,13,151,3024)
r(56,26114,13,151,3025)
r(33,12153,13,151,3026)
r(92,46466,13,151,3027)
r(51,26106,13,151,3028)
r(54,6016,13,151,3029)
r(61,6062,13,151,3030)
r(43,50039,13,151,3031)
r(9,50049,13,151,3032)
r(18,26117,13,151,3033)
r(86,24028,13,151,3034)
r(91,6056,13,151,3035)
r(79,46471,13,151,3036)
r(82,24027,13,151,3037)
r(29,30424,13,151,3038)
r(85,6068,13,151,3039)
r(3,50051,13,152,3040)
r(91,6056,13,152,3041)
r(36,26113,13,152,3042)
r(79,46471,13,152,3043)
r(3,50051,13,152,3044)
r(71,50047,13,152,3045)
r(54,6016,13,152,3046)
r(4,46448,13,152,3047)
r(59,6050,13,152,3048)
r(12,26119,13,152,3049)
w(72,26121,13,152,3050)
w(93,26122,13,152,3051)
w(97,26123,13,152,3052)
w(74,26124,13,152,3053)
w(25,26125,13,152,3054)
w(31,26126,13,152,3055)
w(48,26127,13,152,3056)
w(81,26128,13,152,3057)
w(86,26129,13,152,3058)
w(56,26130,13,152,3059)
r(73,50063,13,153,3060)
r(46,30456,13,153,3061)
r(85,50065,13,153,3062)
r(28,24054,13,153,3063)
r(67,12158,13,153,3064)
r(40,6033,13,153,3065)
r(52,46464,13,153,3066)
r(61,6062,13,153,3067)
r(85,50065,13,153,3068)
r(53,50028,13,153,3069)
r(81,26128,13,153,3070)
w(72,26131,13,153,3071)
w(31,26132,13,153,3072)
w(53,26133,13,153,3073)
w(86,26134,13,153,3074)
w(28,26135,13,153,3075)
w(17,26136,13,153,3076)
w(3,26137,13,153,3077)
w(98,26138,13,153,3078)
w(55,26139,13,153,3079)
r(92,46466,13,154,3080)
r(50,6044,13,154,3081)
r(30,46476,13,154,3082)
r(44,50050,13,154,3083)
r(30,46476,13,154,3084)
r(52,20178,13,154,3085)
r(73,30478,13,154,3086)
r(5,50072,13,154,3087)
r(87,50022,13,154,3088)
r(8,50041,13,154,3089)
r(11,50088,13,154,3090)
r(65,50087,13,154,3091)
r(99,30482,13,154,3092)
r(20,50058,13,154,3093)
r(41,46436,13,154,3094)
w(62,26140,13,154,3095)
w(27,26141,13,154,3096)
w(69,26142,13,154,3097)
w(78,26143,13,154,3098)
w(75,26144,13,154,3099)
r(33,20172,13,155,3100)
r(71,50098,13,155,3101)
r(68,30469,13,155,3102)
r(19,50075,13,155,3103)
r(55,26139,13,155,3104)
r(39,50091,13,155,3105)
r(55,26139,13,155,3106)
r(35,20170,13,155,3107)
r(1,20159,13,155,3108)
r(83,50101,13,155,3109)
r(42,20320,13,155,3110)
r(46,30456,13,155,3111)
r(1,20159,13,155,3112)
r(37,30481,13,155,3113)
r(94,50054,13,155,3114)
r(85,6083,13,155,3115)
r(35,20170,13,155,3116)
r(63,50076,13,155,3117)
r(1,20159,13,155,3118)
r(47,50068,13,155,3119)
w(50,26145,13,156,3120)
w(44,26146,13,156,3121)
w(69,26147,13,156,3122)
w(46,26148,13,156,3123)
w(68,26149,13,156,3124)
w(83,26150,13,156,3125)
w(51,26151,13,156,3126)
w(46,26152,13,156,3127)
w(43,26153,13,156,3128)
w(57,26154,13,156,3129)
w(34,26155,13,156,3130)
w(78,26156,13,156,3131)
w(7,26157,13,156,3132)
w(3,26158,13,156,3133)
w(9,26159,13,156,3134)
w(76,26160,13,156,3135)
w(62,26161,13,156,3136)
w(84,26162,13,156,3137)
w(0,26163,13,156,3138)
w(22,26164,13,156,3139)
r(29,30424,13,157,3140)
r(47,50068,13,157,3141)
r(34,26155,13,157,3142)
r(84,26162,13,157,3143)
r(78,26156,13,157,3144)
r(27,36548,13,157,3145)
r(52,20178,13,157,3146)
r(64,46488,13,157,3147)
r(47,50068,13,157,3148)
r(37,30481,13,157,3149)
r(2,30476,13,157,3150)
r(4,24083,13,157,3151)
r(39,50091,13,157,3152)
r(75,24077,13,157,3153)
r(20,50058,13,157,3154)
w(69,26165,13,157,3155)
w(19,26166,13,157,3156)
w(9,26167,13,157,3157)
w(91,26168,13,157,3158)
w(64,26169,13,157,3159)
r(94,50054,13,158,3160)
r(55,26139,13,158,3161)
r(19,26166,13,158,3162)
r(93,38618,13,158,3163)
r(3,26158,13,158,3164)
r(78,26156,13,158,3165)
r(98,50118,13,158,3166)
w(37,26170,13,158,3167)
w(69,26171,13,158,3168)
w(78,26172,13,158,3169)
w(57,26173,13,158,3170)
w(33,26174,13,158,3171)
w(18,26175,13,158,3172)
w(96,26176,13,158,3173)
w(54,26177,13,158,3174)
w(27,26178,13,158,3175)
w(67,26179,13,158,3176)
w(7,26180,13,158,3177)
w(21,26181,13,158,3178)
w(22,26182,13,158,3179)
r(63,50076,13,159,3180)
r(64,46488,13,159,3181)
r(28,20185,13,159,3182)
r(0,50097,13,159,3183)
r(93,26122,13,159,3184)
r(45,20177,13,159,3185)
r(58,20169,13,159,3186)
r(89,20176,13,159,3187)
w(30,26001,13,159,3188)
w(86,26002,13,159,3189)
w(98,26003,13,159,3190)
w(65,26004,13,159,3191)
w(41,26005,13,159,3192)
w(44,26006,13,159,3193)
w(77,26007,13,159,3194)
w(52,26008,13,159,3195)
w(34,26009,13,159,3196)
w(6,26010,13,159,3197)
w(13,26011,13,159,3198)
w(80,26012,13,159,3199)
r(14,24084,13,160,3200)
r(23,50085,13,160,3201)
r(12,30474,13,160,3202)
r(29,30424,13,160,3203)
r(88,30459,13,160,3204)
r(68,26149,13,160,3205)
r(94,50054,13,160,3206)
r(21,24075,13,160,3207)
r(12,30474,13,160,3208)
w(71,26013,13,160,3209)
w(64,26014,13,160,3210)
w(96,26015,13,160,3211)
w(9,26016,13,160,3212)
w(32,26017,13,160,3213)
w(55,26018,13,160,3214)
w(59,26019,13,160,3215)
w(6,26020,13,160,3216)
w(28,26021,13,160,3217)
w(53,26022,13,160,3218)
w(8,26023,13,160,3219)
r(83,26150,13,161,3220)
r(52,20178,13,161,3221)
r(26,50055,13,161,3222)
r(36,12178,13,161,3223)
r(38,30467,13,161,3224)
r(51,26151,13,161,3225)
r(37,30481,13,161,3226)
r(13,30477,13,161,3227)
w(8,26024,13,161,3228)
w(84,26025,13,161,3229)
w(65,26026,13,161,3230)
w(57,26027,13,161,3231)
w(84,26028,13,161,3232)
w(50,26029,13,161,3233)
w(77,26030,13,161,3234)
w(23,26031,13,161,3235)
w(26,26032,13,161,3236)
w(22,26033,13,161,3237)
w(92,26034,13,161,3238)
w(97,26035,13,161,3239)
r(70,30442,13,162,3240)
r(37,30481,13,162,3241)
r(96,46514,13,162,3242)
r(18,30485,13,162,3243)
r(67,38617,13,162,3244)
r(51,26151,13,162,3245)
r(50,46507,13,162,3246)
w(57,26036,13,162,3247)
w(11,26037,13,162,3248)
w(27,26038,13,162,3249)
w(96,26039,13,162,3250)
w(69,26040,13,162,3251)
w(50,26041,13,162,3252)
w(11,26042,13,162,3253)
w(9,26043,13,162,3254)
w(14,26044,13,162,3255)
w(60,26045,13,162,3256)
w(90,26046,13,162,3257)
w(54,26047,13,162,3258)
w(89,26048,13,162,3259)
r(74,30483,13,163,3260)
r(29,30495,13,163,3261)
r(73,24079,13,163,3262)
r(51,26151,13,163,3263)
r(38,30467,13,163,3264)
r(90,26083,13,163,3265)
r(17,46480,13,163,3266)
r(57,46505,13,163,3267)
r(44,30491,13,163,3268)
w(24,26049,13,163,3269)
w(2,26050,13,163,3270)
w(59,26051,13,163,3271)
w(23,26052,13,163,3272)
w(92,26053,13,163,3273)
w(58,26054,13,163,3274)
w(43,26055,13,163,3275)
w(54,26056,13,163,3276)
w(75,26057,13,163,3277)
w(55,26058,13,163,3278)
w(63,26059,13,163,3279)
r(26,50055,13,164,3280)
r(25,30538,13,164,3281)
r(19,30556,13,164,3282)
r(90,20225,13,164,3283)
r(65,20235,13,164,3284)
r(15,46549,13,164,3285)
r(32,6121,13,164,3286)
r(69,2022,13,164,3287)
r(56,50147,13,164,3288)
r(0,2013,13,164,3289)
w(29,26060,13,164,3290)
w(29,26061,13,164,3291)
w(79,26062,13,164,3292)
w(61,26063,13,164,3293)
w(30,26064,13,164,3294)
w(23,26065,13,164,3295)
w(33,26066,13,164,3296)
w(80,26067,13,164,3297)
w(1,26068,13,164,3298)
w(40,26069,13,164,3299)
r(16,46557,13,165,3300)
r(27,46555,13,165,3301)
r(89,50162,13,165,3302)
r(11,46524,13,165,3303)
r(56,50147,13,165,3304)
r(77,30527,13,165,3305)
r(62,590,13,165,3306)
r(70,20218,13,165,3307)
r(81,30542,13,165,3308)
r(23,6124,13,165,3309)
r(36,10011,13,165,3310)
r(92,30557,13,165,3311)
r(43,2012,13,165,3312)
r(12,2016,13,165,3313)
r(4,2052,13,165,3314)
r(27,46555,13,165,3315)
r(8,6135,13,165,3316)
r(95,30555,13,165,3317)
r(65,593,13,165,3318)
r(33,24113,13,165,3319)
r(2,30476,13,166,3320)
r(8,6135,13,166,3321)
r(85,6134,13,166,3322)
r(73,46556,13,166,3323)
r(29,2058,13,166,3324)
r(83,2048,13,166,3325)
r(8,6135,13,166,3326)
r(73,46556,13,166,3327)
r(3,2020,13,166,3328)
r(10,589,13,166,3329)
r(12,2016,13,166,3330)
r(17,30525,13,166,3331)
r(17,30525,13,166,3332)
r(70,20218,13,166,3333)
r(55,50140,13,166,3334)
r(75,24116,13,166,3335)
r(67,588,13,166,3336)
r(50,30552,13,166,3337)
r(97,594,13,166,3338)
r(49,50142,13,166,3339)
r(50,30552,13,167,3340)
r(75,24116,13,167,3341)
r(57,2051,13,167,3342)
r(29,2058,13,167,3343)
r(81,30542,13,167,3344)
r(99,38622,13,167,3345)
r(36,10011,13,167,3346)
r(8,6135,13,167,3347)
r(88,24117,13,167,3348)
r(92,30557,13,167,3349)
r(55,50140,13,167,3350)
r(6,50164,13,167,3351)
w(13,26001,13,167,3352)
w(47,26002,13,167,3353)
w(38,26003,13,167,3354)
w(35,26004,13,167,3355)
w(94,26005,13,167,3356)
w(92,26006,13,167,3357)
w(11,26007,13,167,3358)
w(64,26008,13,167,3359)
r(7,54429,13,168,3360)
r(78,18370,13,168,3361)
r(63,30541,13,168,3362)
r(21,2057,13,168,3363)
r(94,20229,13,168,3364)
r(21,2057,13,168,3365)
r(94,20229,13,168,3366)
r(3,2020,13,168,3367)
r(22,26182,13,168,3368)
r(66,20245,13,168,3369)
r(2,30476,13,168,3370)
r(33,24113,13,168,3371)
w(52,26009,13,168,3372)
w(89,26010,13,168,3373)
w(0,26011,13,168,3374)
w(63,26012,13,168,3375)
w(20,26013,13,168,3376)
w(76,26014,13,168,3377)
w(70,26015,13,168,3378)
w(51,26016,13,168,3379)
r(14,56321,13,169,3380)
r(38,6215,13,169,3381)
r(44,6198,13,169,3382)
r(91,46551,13,169,3383)
r(16,58351,13,169,3384)
r(9,2050,13,169,3385)
r(86,20247,13,169,3386)
r(88,8154,13,169,3387)
r(85,6200,13,169,3388)
r(59,2072,13,169,3389)
r(29,54449,13,169,3390)
r(86,20247,13,169,3391)
r(59,2072,13,169,3392)
r(37,6165,13,169,3393)
r(24,6202,13,169,3394)
r(89,6193,13,169,3395)
r(23,6124,13,169,3396)
r(4,6191,13,169,3397)
r(17,30525,13,169,3398)
r(61,46595,13,169,3399)
r(21,56320,13,170,3400)
r(69,6194,13,170,3401)
r(33,54451,13,170,3402)
r(89,6193,13,170,3403)
w(1,26017,13,170,3404)
w(73,26018,13,170,3405)
w(30,26019,13,170,3406)
w(94,26020,13,170,3407)
w(56,26021,13,170,3408)
w(4,26022,13,170,3409)
w(96,26023,13,170,3410)
w(29,26024,13,170,3411)
w(93,26025,13,170,3412)
w(25,26026,13,170,3413)
w(64,26027,13,170,3414)
w(50,26028,13,170,3415)
w(43,26029,13,170,3416)
w(32,26030,13,170,3417)
w(63,26031,13,170,3418)
w(21,26032,13,170,3419)
r(49,6247,13,171,3420)
r(48,6253,13,171,3421)
r(67,46657,13,171,3422)
r(82,58379,13,171,3423)
r(11,52443,13,171,3424)
r(88,8154,13,171,3425)
r(26,46673,13,171,3426)
r(40,6242,13,171,3427)
w(49,26033,13,171,3428)
w(74,26034,13,171,3429)
w(11,26035,13,171,3430)
w(83,26036,13,171,3431)
w(60,26037,13,171,3432)
w(26,26038,13,171,3433)
w(20,26039,13,171,3434)
w(81,26040,13,171,3435)
w(91,26041,13,171,3436)
w(9,26042,13,171,3437)
w(88,26043,13,171,3438)
w(8,26044,13,171,3439)
r(31,46660,13,172,3440)
r(27,50181,13,172,3441)
r(30,58378,13,172,3442)
r(96,58374,13,172,3443)
r(55,56328,13,172,3444)
r(11,52443,13,172,3445)
r(34,46658,13,172,3446)
r(10,46645,13,172,3447)
r(9,50219,13,172,3448)
w(3,26045,13,172,3449)
w(0,26046,13,172,3450)
w(11,26047,13,172,3451)
w(3,26048,13,172,3452)
w(72,26049,13,172,3453)
w(94,26050,13,172,3454)
w(96,26051,13,172,3455)
w(48,26052,13,172,3456)
w(10,26053,13,172,3457)
w(41,26054,13,172,3458)
w(91,26055,13,172,3459)
w(96,26001,13,173,3460)
w(22,26002,13,173,3461)
w(3,26003,13,173,3462)
w(69,26004,13,173,3463)
w(53,26005,13,173,3464)
w(55,26006,13,173,3465)
w(66,26007,13,173,3466)
w(83,26008,13,173,3467)
w(83,26009,13,173,3468)
w(44,26010,13,173,3469)
w(13,26011,13,173,3470)
w(9,26012,13,173,3471)
w(55,26013,13,173,3472)
w(37,26014,13,173,3473)
w(16,26015,13,173,3474)
w(90,26016,13,173,3475)
w(50,26017,13,173,3476)
w(15,26018,13,173,3477)
w(34,26019,13,173,3478)
w(69,26020,13,173,3479)
r(37,50339,13,174,3480)
r(7,28659,13,174,3481)
r(90,50271,13,174,3482)
r(85,22118,13,174,3483)
r(39,50327,13,174,3484)
r(73,52474,13,174,3485)
r(35,50278,13,174,3486)
r(2,6001,13,174,3487)
r(5,50335,13,174,3488)
r(49,6247,13,174,3489)
r(98,6003,13,174,3490)
r(82,50336,13,174,3491)
r(16,46730,13,174,3492)
w(81,26021,13,174,3493)
w(50,26022,13,174,3494)
w(53,26023,13,174,3495)
w(33,26024,13,174,3496)
w(34,26025,13,174,3497)
w(76,26026,13,174,3498)
w(83,26027,13,174,3499)
r(88,22128,13,175,3500)
r(92,6031,13,175,3501)
r(82,50336,13,175,3502)
r(53,22126,13,175,3503)
r(90,50271,13,175,3504)
r(46,50363,13,175,3505)
r(79,50365,13,175,3506)
r(5,50335,13,175,3507)
r(45,58400,13,175,3508)
r(26,6028,13,175,3509)
r(79,50365,13,175,3510)
r(13,22117,13,175,3511)
r(61,30703,13,175,3512)
r(38,6316,13,175,3513)
r(13,22117,13,175,3514)
r(30,6010,13,175,3515)
r(18,58398,13,175,3516)
r(41,22124,13,175,3517)
r(60,30705,13,175,3518)
r(3,20061,13,175,3519)
r(53,22126,13,176,3520)
r(14,36757,13,176,3521)
r(95,36758,13,176,3522)
r(16,6018,13,176,3523)
r(11,30699,13,176,3524)
r(17,50369,13,176,3525)
r(41,22124,13,176,3526)
r(81,30700,13,176,3527)
r(18,58398,13,176,3528)
r(83,10083,13,176,3529)
r(18,58398,13,176,3530)
r(31,50248,13,176,3531)
w(53,26028,13,176,3532)
w(73,26029,13,176,3533)
w(94,26030,13,176,3534)
w(95,26031,13,176,3535)
w(65,26032,13,176,3536)
w(13,26033,13,176,3537)
w(61,26034,13,176,3538)
w(74,26035,13,176,3539)
r(76,30716,13,177,3540)
r(12,52495,13,177,3541)
r(87,6036,13,177,3542)
r(98,6038,13,177,3543)
r(33,52494,13,177,3544)
r(72,30742,13,177,3545)
r(24,30738,13,177,3546)
r(73,50398,13,177,3547)
r(1,6314,13,177,3548)
r(57,46767,13,177,3549)
w(31,26036,13,177,3550)
w(84,26037,13,177,3551)
w(68,26038,13,177,3552)
w(57,26039,13,177,3553)
w(35,26040,13,177,3554)
w(99,26041,13,177,3555)
w(31,26042,13,177,3556)
w(3,26043,13,177,3557)
w(60,26044,13,177,3558)
w(71,26045,13,177,3559)
r(59,8290,13,178,3560)
r(98,56461,13,178,3561)
r(16,8262,13,178,3562)
r(74,10160,13,178,3563)
r(61,16638,13,178,3564)
r(7,12332,13,178,3565)
r(88,38109,13,178,3566)
r(78,8286,13,178,3567)
r(60,28734,13,178,3568)
r(38,10165,13,178,3569)
w(30,26001,13,178,3570)
w(31,26002,13,178,3571)
w(70,26003,13,178,3572)
w(89,26004,13,178,3573)
w(31,26005,13,178,3574)
w(2,26006,13,178,3575)
w(94,26007,13,178,3576)
w(94,26008,13,178,3577)
w(45,26009,13,178,3578)
w(9,26010,13,178,3579)
r(44,18493,13,179,3580)
r(47,18496,13,179,3581)
r(21,22207,13,179,3582)
r(46,22216,13,179,3583)
r(23,18500,13,179,3584)
r(37,56452,13,179,3585)
r(0,38090,13,179,3586)
r(30,8300,13,179,3587)
r(5,38097,13,179,3588)
r(73,52560,13,179,3589)
r(2,38094,13,179,3590)
r(27,18498,13,179,3591)
r(72,58497,13,179,3592)
w(91,26011,13,179,3593)
w(98,26012,13,179,3594)
w(35,26013,13,179,3595)
w(52,26014,13,179,3596)
w(99,26015,13,179,3597)
w(69,26016,13,179,3598)
w(82,26017,13,179,3599)
r(43,8018,13,180,3600)
r(12,44729,13,180,3601)
r(11,56458,13,180,3602)
r(25,8033,13,180,3603)
r(97,58490,13,180,3604)
r(25,8033,13,180,3605)
r(32,8023,13,180,3606)
r(20,8041,13,180,3607)
w(37,26018,13,180,3608)
w(26,26019,13,180,3609)
w(72,26020,13,180,3610)
w(6,26021,13,180,3611)
w(21,26022,13,180,3612)
w(28,26023,13,180,3613)
w(64,26024,13,180,3614)
w(1,26025,13,180,3615)
w(53,26026,13,180,3616)
w(55,26027,13,180,3617)
w(86,26028,13,180,3618)
w(3,26029,13,180,3619)
r(18,58496,13,181,3620)
r(49,8065,13,181,3621)
r(17,58521,13,181,3622)
r(58,52562,13,181,3623)
r(62,30197,13,181,3624)
r(26,8092,13,181,3625)
r(95,58519,13,181,3626)
r(78,8034,13,181,3627)
r(41,8053,13,181,3628)
r(90,38135,13,181,3629)
r(12,44729,13,181,3630)
r(81,38138,13,181,3631)
r(75,8070,13,181,3632)
r(85,56473,13,181,3633)
w(40,26030,13,181,3634)
w(84,26031,13,181,3635)
w(56,26032,13,181,3636)
w(3,26033,13,181,3637)
w(32,26034,13,181,3638)
w(22,26035,13,181,3639)
r(55,8130,13,182,3640)
r(4,18529,13,182,3641)
r(59,30181,13,182,3642)
r(1,8103,13,182,3643)
r(26,30288,13,182,3644)
r(79,8108,13,182,3645)
r(55,8130,13,182,3646)
r(52,28771,13,182,3647)
r(65,28773,13,182,3648)
r(31,8121,13,182,3649)
r(41,8114,13,182,3650)
r(47,18496,13,182,3651)
r(36,8090,13,182,3652)
r(19,30176,13,182,3653)
r(92,8097,13,182,3654)
r(88,18533,13,182,3655)
r(36,8090,13,182,3656)
r(96,8123,13,182,3657)
r(43,30293,13,182,3658)
r(65,28773,13,182,3659)
w(79,26001,13,183,3660)
w(44,26002,13,183,3661)
w(78,26003,13,183,3662)
w(40,26004,13,183,3663)
w(95,26005,13,183,3664)
w(80,26006,13,183,3665)
w(99,26007,13,183,3666)
w(73,26008,13,183,3667)
w(56,26009,13,183,3668)
w(44,26010,13,183,3669)
w(13,26011,13,183,3670)
w(22,26012,13,183,3671)
w(54,26013,13,183,3672)
w(93,26014,13,183,3673)
w(4,26015,13,183,3674)
w(59,26016,13,183,3675)
w(85,26017,13,183,3676)
w(2,26018,13,183,3677)
w(83,26019,13,183,3678)
w(17,26020,13,183,3679)
w(23,26021,13,184,3680)
w(78,26022,13,184,3681)
w(2,26023,13,184,3682)
w(51,26024,13,184,3683)
w(21,26025,13,184,3684)
w(6,26026,13,184,3685)
w(31,26027,13,184,3686)
w(33,26028,13,184,3687)
w(25,26029,13,184,3688)
w(92,26030,13,184,3689)
w(11,26031,13,184,3690)
w(83,26032,13,184,3691)
w(49,26033,13,184,3692)
w(11,26034,13,184,3693)
w(9,26035,13,184,3694)
w(42,26036,13,184,3695)
w(20,26037,13,184,3696)
w(14,26038,13,184,3697)
w(94,26039,13,184,3698)
w(35,26040,13,184,3699)
w(63,26041,13,185,3700)
w(62,26042,13,185,3701)
w(97,26043,13,185,3702)
w(73,26044,13,185,3703)
w(6,26045,13,185,3704)
w(71,26046,13,185,3705)
w(85,26047,13,185,3706)
w(61,26048,13,185,3707)
w(8,26049,13,185,3708)
w(53,26050,13,185,3709)
w(43,26051,13,185,3710)
w(18,26052,13,185,3711)
w(60,26053,13,185,3712)
w(97,26054,13,185,3713)
w(70,26055,13,185,3714)
w(79,26056,13,185,3715)
w(19,26057,13,185,3716)
w(82,26058,13,185,3717)
w(26,26059,13,185,3718)
w(95,26060,13,185,3719)
r(9,8067,13,186,3720)
r(53,58520,13,186,3721)
r(14,30194,13,186,3722)
r(31,8121,13,186,3723)
r(4,18529,13,186,3724)
r(55,8130,13,186,3725)
r(57,8096,13,186,3726)
r(91,44733,13,186,3727)
r(1,8103,13,186,3728)
r(91,44733,13,186,3729)
r(67,8015,13,186,3730)
r(97,18539,13,186,3731)
r(57,8096,13,186,3732)
r(44,8128,13,186,3733)
r(97,18539,13,186,3734)
r(28,8120,13,186,3735)
r(52,28771,13,186,3736)
r(74,8042,13,186,3737)
r(58,52562,13,186,3738)
r(40,18543,13,186,3739)
