r(0,0,5,0,0)
r(93,0,5,0,1)
r(9,0,5,0,2)
r(72,0,5,0,3)
r(97,0,5,0,4)
r(84,0,5,0,5)
r(66,0,5,0,6)
r(53,0,5,0,7)
r(99,0,5,0,8)
r(13,0,5,0,9)
r(18,0,5,0,10)
r(29,0,5,0,11)
w(35,10001,5,0,12)
w(71,10002,5,0,13)
w(5,10003,5,0,14)
w(41,10004,5,0,15)
w(14,10005,5,0,16)
w(79,10006,5,0,17)
w(51,10007,5,0,18)
w(98,10008,5,0,19)
r(26,0,5,1,20)
r(28,4010,5,1,21)
r(1,0,5,1,22)
r(77,2009,5,1,23)
r(32,4007,5,1,24)
r(20,0,5,1,25)
r(58,4001,5,1,26)
r(73,2010,5,1,27)
r(7,0,5,1,28)
r(62,0,5,1,29)
r(43,0,5,1,30)
w(87,10009,5,1,31)
w(96,10010,5,1,32)
w(83,10011,5,1,33)
w(14,10012,5,1,34)
w(23,10013,5,1,35)
w(95,10014,5,1,36)
w(32,10015,5,1,37)
w(17,10016,5,1,38)
w(57,10017,5,1,39)
r(79,10006,5,2,40)
r(19,0,5,2,41)
r(67,0,5,2,42)
r(37,4004,5,2,43)
r(10,0,5,2,44)
r(40,0,5,2,45)
r(25,6009,5,2,46)
r(55,0,5,2,47)
r(94,0,5,2,48)
r(55,0,5,2,49)
r(22,2016,5,2,50)
r(90,6003,5,2,51)
r(45,0,5,2,52)
r(4,0,5,2,53)
r(9,0,5,2,54)
r(4,0,5,2,55)
r(84,0,5,2,56)
r(14,10012,5,2,57)
r(25,6009,5,2,58)
r(14,10012,5,2,59)
r(37,4004,5,3,60)
r(21,6011,5,3,61)
r(63,6015,5,3,62)
r(18,0,5,3,63)
r(62,0,5,3,64)
r(32,10015,5,3,65)
r(76,0,5,3,66)
r(85,2007,5,3,67)
w(90,10018,5,3,68)
w(85,10019,5,3,69)
w(76,10020,5,3,70)
w(9,10021,5,3,71)
w(51,10022,5,3,72)
w(29,10023,5,3,73)
w(19,10024,5,3,74)
w(58,10025,5,3,75)
w(40,10026,5,3,76)
w(61,10027,5,3,77)
w(30,10028,5,3,78)
w(24,10029,5,3,79)
r(95,8025,5,4,80)
r(39,0,5,4,81)
r(33,6028,5,4,82)
r(41,8018,5,4,83)
r(71,10002,5,4,84)
r(87,10009,5,4,85)
r(22,4032,5,4,86)
r(54,8004,5,4,87)
r(54,8004,5,4,88)
r(28,8013,5,4,89)
r(70,0,5,4,90)
w(15,10030,5,4,91)
w(83,10031,5,4,92)
w(51,10032,5,4,93)
w(49,10033,5,4,94)
w(62,10034,5,4,95)
w(13,10035,5,4,96)
w(88,10036,5,4,97)
w(65,10037,5,4,98)
w(96,10038,5,4,99)
w(79,10039,5,5,100)
w(99,10040,5,5,101)
w(58,10041,5,5,102)
w(8,10042,5,5,103)
w(10,10043,5,5,104)
w(12,10044,5,5,105)
w(36,10045,5,5,106)
w(13,10046,5,5,107)
w(53,10047,5,5,108)
w(34,10048,5,5,109)
w(56,10049,5,5,110)
w(41,10050,5,5,111)
w(64,10051,5,5,112)
w(72,10052,5,5,113)
w(9,10053,5,5,114)
w(96,10054,5,5,115)
w(37,10055,5,5,116)
w(41,10056,5,5,117)
w(47,10057,5,5,118)
w(53,10058,5,5,119)
r(73,8011,5,6,120)
r(73,8011,5,6,121)
r(70,0,5,6,122)
r(8,10042,5,6,123)
r(57,10017,5,6,124)
r(0,8038,5,6,125)
r(43,6053,5,6,126)
r(98,10008,5,6,127)
r(10,10043,5,6,128)
r(0,8038,5,6,129)
w(51,10059,5,6,130)
w(97,10060,5,6,131)
w(93,10061,5,6,132)
w(20,10062,5,6,133)
w(5,10063,5,6,134)
w(59,10064,5,6,135)
w(46,10065,5,6,136)
w(94,10066,5,6,137)
w(50,10067,5,6,138)
w(61,10068,5,6,139)
r(58,10041,5,7,140)
r(32,6049,5,7,141)
r(36,8051,5,7,142)
r(88,8052,5,7,143)
r(99,2072,5,7,144)
r(55,2042,5,7,145)
r(52,8042,5,7,146)
r(23,8048,5,7,147)
r(94,10066,5,7,148)
r(12,6076,5,7,149)
r(82,6031,5,7,150)
r(83,6063,5,7,151)
w(86,10069,5,7,152)
w(35,10070,5,7,153)
w(10,10071,5,7,154)
w(45,10072,5,7,155)
w(53,10073,5,7,156)
w(30,10074,5,7,157)
w(83,10075,5,7,158)
w(95,10076,5,7,159)
r(80,4077,5,8,160)
r(61,4060,5,8,161)
r(89,2074,5,8,162)
r(96,2079,5,8,163)
r(13,10046,5,8,164)
r(18,6077,5,8,165)
r(9,8053,5,8,166)
r(17,4064,5,8,167)
r(34,8056,5,8,168)
w(85,10077,5,8,169)
w(86,10078,5,8,170)
w(19,10079,5,8,171)
w(18,10080,5,8,172)
w(33,10081,5,8,173)
w(42,10082,5,8,174)
w(96,10083,5,8,175)
w(56,10084,5,8,176)
w(71,10085,5,8,177)
w(56,10086,5,8,178)
w(13,10087,5,8,179)
r(83,4098,5,9,180)
r(63,2069,5,9,181)
r(98,4072,5,9,182)
r(96,2097,5,9,183)
r(91,8073,5,9,184)
r(19,10079,5,9,185)
r(89,2074,5,9,186)
r(78,2092,5,9,187)
r(53,10073,5,9,188)
r(22,4032,5,9,189)
r(98,4072,5,9,190)
r(70,6084,5,9,191)
r(86,10078,5,9,192)
r(96,2097,5,9,193)
r(86,10078,5,9,194)
r(43,4093,5,9,195)
r(12,6076,5,9,196)
w(6,10088,5,9,197)
w(2,10089,5,9,198)
w(18,10090,5,9,199)
r(35,10070,5,10,200)
r(15,6086,5,10,201)
r(81,2080,5,10,202)
r(23,8048,5,10,203)
r(81,2080,5,10,204)
r(69,0,5,10,205)
r(81,2080,5,10,206)
r(58,10041,5,10,207)
w(38,10091,5,10,208)
w(98,10092,5,10,209)
w(49,10093,5,10,210)
w(98,10094,5,10,211)
w(67,10095,5,10,212)
w(36,10096,5,10,213)
w(3,10097,5,10,214)
w(76,10098,5,10,215)
w(34,10099,5,10,216)
w(23,10100,5,10,217)
w(98,10101,5,10,218)
w(1,10102,5,10,219)
r(94,4104,5,11,220)
r(61,4108,5,11,221)
r(14,8070,5,11,222)
r(30,2111,5,11,223)
r(2,10089,5,11,224)
r(1,10102,5,11,225)
r(74,2093,5,11,226)
w(61,10103,5,11,227)
w(38,10104,5,11,228)
w(74,10105,5,11,229)
w(17,10106,5,11,230)
w(12,10107,5,11,231)
w(97,10108,5,11,232)
w(67,10109,5,11,233)
w(41,10110,5,11,234)
w(37,10111,5,11,235)
w(38,10112,5,11,236)
w(64,10113,5,11,237)
w(77,10114,5,11,238)
w(90,10115,5,11,239)
r(84,4135,5,12,240)
r(51,6064,5,12,241)
r(47,24008,5,12,242)
r(23,10100,5,12,243)
r(43,4093,5,12,244)
r(16,4138,5,12,245)
r(15,6086,5,12,246)
r(65,2122,5,12,247)
w(92,10116,5,12,248)
w(72,10117,5,12,249)
w(87,10118,5,12,250)
w(72,10119,5,12,251)
w(25,10120,5,12,252)
w(89,10121,5,12,253)
w(91,10122,5,12,254)
w(56,10123,5,12,255)
w(42,10124,5,12,256)
w(5,10125,5,12,257)
w(84,10126,5,12,258)
w(39,10127,5,12,259)
r(18,34025,5,13,260)
r(3,22022,5,13,261)
r(27,8097,5,13,262)
r(54,6102,5,13,263)
r(45,6123,5,13,264)
r(63,26017,5,13,265)
r(97,6126,5,13,266)
r(82,24010,5,13,267)
r(81,2127,5,13,268)
r(44,24026,5,13,269)
r(85,4118,5,13,270)
r(15,2131,5,13,271)
r(2,20013,5,13,272)
r(71,6125,5,13,273)
r(58,6128,5,13,274)
r(72,10119,5,13,275)
r(82,24010,5,13,276)
r(11,20022,5,13,277)
r(3,22022,5,13,278)
r(44,24026,5,13,279)
r(27,8097,5,14,280)
r(18,34025,5,14,281)
r(82,24010,5,14,282)
r(22,24007,5,14,283)
r(53,20012,5,14,284)
r(62,4091,5,14,285)
r(39,10127,5,14,286)
r(90,10115,5,14,287)
w(67,10128,5,14,288)
w(22,10129,5,14,289)
w(33,10130,5,14,290)
w(2,10131,5,14,291)
w(89,10132,5,14,292)
w(87,10133,5,14,293)
w(56,10134,5,14,294)
w(45,10135,5,14,295)
w(35,10136,5,14,296)
w(41,10137,5,14,297)
w(26,10138,5,14,298)
w(34,10139,5,14,299)
r(82,20040,5,15,300)
r(5,10125,5,15,301)
r(75,6143,5,15,302)
r(76,4157,5,15,303)
r(67,4146,5,15,304)
r(3,22022,5,15,305)
r(8,34026,5,15,306)
r(21,34040,5,15,307)
r(64,22042,5,15,308)
r(75,6143,5,15,309)
r(29,20048,5,15,310)
r(29,20048,5,15,311)
r(13,8125,5,15,312)
r(46,22038,5,15,313)
r(52,34041,5,15,314)
r(53,20032,5,15,315)
r(41,10137,5,15,316)
r(18,24051,5,15,317)
r(85,26039,5,15,318)
r(57,4141,5,15,319)
r(77,4147,5,16,320)
r(80,34061,5,16,321)
r(3,22022,5,16,322)
r(28,20045,5,16,323)
r(38,34036,5,16,324)
r(77,4147,5,16,325)
r(40,34060,5,16,326)
r(4,24052,5,16,327)
r(41,10137,5,16,328)
r(53,20032,5,16,329)
r(64,22042,5,16,330)
w(93,10140,5,16,331)
w(18,10141,5,16,332)
w(50,10142,5,16,333)
w(85,10143,5,16,334)
w(50,10144,5,16,335)
w(88,10145,5,16,336)
w(24,10146,5,16,337)
w(98,10147,5,16,338)
w(51,10148,5,16,339)
r(33,48008,5,17,340)
r(55,22039,5,17,341)
r(87,8148,5,17,342)
r(71,4164,5,17,343)
r(39,22047,5,17,344)
r(39,22047,5,17,345)
r(37,26045,5,17,346)
r(73,6124,5,17,347)
w(27,10149,5,17,348)
w(99,10150,5,17,349)
w(5,10151,5,17,350)
w(83,10152,5,17,351)
w(29,10153,5,17,352)
w(18,10154,5,17,353)
w(77,10155,5,17,354)
w(47,10156,5,17,355)
w(22,10157,5,17,356)
w(42,10158,5,17,357)
w(73,10159,5,17,358)
w(32,10160,5,17,359)
r(22,10157,5,18,360)
r(22,10157,5,18,361)
r(34,48040,5,18,362)
r(58,34100,5,18,363)
r(92,6199,5,18,364)
r(14,48045,5,18,365)
r(73,10159,5,18,366)
r(58,34100,5,18,367)
r(21,48043,5,18,368)
r(25,34102,5,18,369)
w(78,10161,5,18,370)
w(46,10162,5,18,371)
w(10,10163,5,18,372)
w(89,10164,5,18,373)
w(56,10165,5,18,374)
w(61,10166,5,18,375)
w(70,10167,5,18,376)
w(59,10168,5,18,377)
w(77,10169,5,18,378)
w(15,10170,5,18,379)
r(10,10163,5,19,380)
r(4,2193,5,19,381)
r(34,54042,5,19,382)
r(23,54040,5,19,383)
r(44,2191,5,19,384)
r(99,26085,5,19,385)
r(92,6199,5,19,386)
r(75,4202,5,19,387)
r(75,4202,5,19,388)
r(28,4176,5,19,389)
r(31,4170,5,19,390)
r(94,34099,5,19,391)
r(59,10168,5,19,392)
r(73,10159,5,19,393)
r(99,26085,5,19,394)
r(3,54044,5,19,395)
r(71,24086,5,19,396)
r(46,10162,5,19,397)
r(76,22064,5,19,398)
r(34,54042,5,19,399)
r(53,4193,5,20,400)
r(55,26077,5,20,401)
r(83,2174,5,20,402)
r(56,10165,5,20,403)
r(51,2180,5,20,404)
r(50,20091,5,20,405)
r(98,24090,5,20,406)
r(37,54041,5,20,407)
r(19,48015,5,20,408)
r(20,4185,5,20,409)
r(36,4203,5,20,410)
r(96,20059,5,20,411)
r(96,20059,5,20,412)
r(49,24092,5,20,413)
r(0,2175,5,20,414)
r(7,34106,5,20,415)
r(79,26073,5,20,416)
r(95,26095,5,20,417)
r(46,10162,5,20,418)
r(0,2175,5,20,419)
r(64,20083,5,21,420)
r(37,54041,5,21,421)
r(99,26085,5,21,422)
r(63,24088,5,21,423)
r(93,2196,5,21,424)
r(8,4205,5,21,425)
r(43,20081,5,21,426)
r(76,22064,5,21,427)
r(28,4176,5,21,428)
r(20,4185,5,21,429)
r(65,2173,5,21,430)
r(57,2199,5,21,431)
r(49,24092,5,21,432)
w(10,10171,5,21,433)
w(97,10172,5,21,434)
w(73,10173,5,21,435)
w(91,10174,5,21,436)
w(32,10175,5,21,437)
w(22,10176,5,21,438)
w(75,10177,5,21,439)
r(6,54050,5,22,440)
r(67,48072,5,22,441)
r(50,26117,5,22,442)
r(19,48015,5,22,443)
r(73,8209,5,22,444)
r(42,10158,5,22,445)
r(80,22102,5,22,446)
r(31,48080,5,22,447)
r(26,22098,5,22,448)
r(86,20102,5,22,449)
w(47,10178,5,22,450)
w(13,10179,5,22,451)
w(0,10180,5,22,452)
w(44,10181,5,22,453)
w(71,10182,5,22,454)
w(72,10183,5,22,455)
w(47,10184,5,22,456)
w(5,10185,5,22,457)
w(38,10186,5,22,458)
w(58,10187,5,22,459)
r(23,26127,5,23,460)
r(0,10180,5,23,461)
r(95,26109,5,23,462)
r(38,10186,5,23,463)
r(1,20118,5,23,464)
r(35,8206,5,23,465)
r(96,22113,5,23,466)
r(84,2210,5,23,467)
r(22,34158,5,23,468)
r(97,34174,5,23,469)
r(66,20125,5,23,470)
r(64,48070,5,23,471)
w(38,10188,5,23,472)
w(72,10189,5,23,473)
w(1,10190,5,23,474)
w(37,10191,5,23,475)
w(27,10192,5,23,476)
w(5,10193,5,23,477)
w(41,10194,5,23,478)
w(84,10195,5,23,479)
r(2,34181,5,24,480)
r(72,6238,5,24,481)
r(21,4260,5,24,482)
r(6,34167,5,24,483)
r(14,2206,5,24,484)
r(80,22102,5,24,485)
r(90,48073,5,24,486)
r(32,10175,5,24,487)
r(99,34178,5,24,488)
r(38,10186,5,24,489)
r(31,26132,5,24,490)
r(80,22102,5,24,491)
r(41,10194,5,24,492)
r(4,20105,5,24,493)
w(67,10196,5,24,494)
w(96,10197,5,24,495)
w(39,10198,5,24,496)
w(35,10199,5,24,497)
w(77,10200,5,24,498)
w(38,10201,5,24,499)
r(8,4251,5,25,500)
r(5,10193,5,25,501)
r(41,10194,5,25,502)
r(88,2216,5,25,503)
r(17,20117,5,25,504)
r(89,34157,5,25,505)
r(14,2206,5,25,506)
r(74,26142,5,25,507)
r(11,6232,5,25,508)
r(47,2227,5,25,509)
w(95,10202,5,25,510)
w(38,10203,5,25,511)
w(69,10204,5,25,512)
w(86,10205,5,25,513)
w(56,10206,5,25,514)
w(39,10207,5,25,515)
w(98,10208,5,25,516)
w(73,10209,5,25,517)
w(76,10210,5,25,518)
w(16,10211,5,25,519)
r(26,54101,5,26,520)
r(89,54095,5,26,521)
r(15,24116,5,26,522)
r(95,10202,5,26,523)
r(21,4260,5,26,524)
r(18,24123,5,26,525)
r(22,54090,5,26,526)
r(54,4265,5,26,527)
r(5,26150,5,26,528)
r(23,8240,5,26,529)
r(80,54091,5,26,530)
w(59,10212,5,26,531)
w(3,10213,5,26,532)
w(54,10214,5,26,533)
w(61,10215,5,26,534)
w(91,10216,5,26,535)
w(15,10217,5,26,536)
w(99,10218,5,26,537)
w(66,10219,5,26,538)
w(31,10220,5,26,539)
r(34,2235,5,27,540)
r(59,10212,5,27,541)
r(47,2227,5,27,542)
r(65,34199,5,27,543)
r(49,54111,5,27,544)
r(8,4251,5,27,545)
r(56,48118,5,27,546)
r(82,2245,5,27,547)
r(20,54108,5,27,548)
w(85,10221,5,27,549)
w(31,10222,5,27,550)
w(47,10223,5,27,551)
w(1,10224,5,27,552)
w(33,10225,5,27,553)
w(62,10226,5,27,554)
w(32,10227,5,27,555)
w(74,10228,5,27,556)
w(96,10229,5,27,557)
w(1,10230,5,27,558)
w(13,10231,5,27,559)
r(48,54115,5,28,560)
r(61,24175,5,28,561)
r(78,54106,5,28,562)
r(80,8269,5,28,563)
r(3,2261,5,28,564)
r(60,2260,5,28,565)
r(72,4290,5,28,566)
r(38,2259,5,28,567)
r(4,8241,5,28,568)
r(57,24153,5,28,569)
r(2,34214,5,28,570)
r(67,24179,5,28,571)
r(65,34199,5,28,572)
w(27,10232,5,28,573)
w(31,10233,5,28,574)
w(16,10234,5,28,575)
w(80,10235,5,28,576)
w(23,10236,5,28,577)
w(63,10237,5,28,578)
w(24,10238,5,28,579)
r(20,24183,5,29,580)
r(97,22155,5,29,581)
r(65,34199,5,29,582)
r(84,24176,5,29,583)
r(64,24191,5,29,584)
r(86,34210,5,29,585)
r(54,10214,5,29,586)
r(37,24181,5,29,587)
r(81,8245,5,29,588)
r(29,48146,5,29,589)
r(30,2254,5,29,590)
r(31,24199,5,29,591)
r(71,6279,5,29,592)
w(80,10239,5,29,593)
w(92,10240,5,29,594)
w(75,10241,5,29,595)
w(60,10242,5,29,596)
w(24,10243,5,29,597)
w(21,10244,5,29,598)
w(14,10245,5,29,599)
w(97,10246,5,30,600)
w(51,10247,5,30,601)
w(16,10248,5,30,602)
w(85,10249,5,30,603)
w(45,10250,5,30,604)
w(56,10251,5,30,605)
w(12,10252,5,30,606)
w(12,10253,5,30,607)
w(54,10254,5,30,608)
w(96,10255,5,30,609)
w(87,10256,5,30,610)
w(8,10257,5,30,611)
w(42,10258,5,30,612)
w(40,10259,5,30,613)
w(32,10260,5,30,614)
w(69,10261,5,30,615)
w(20,10262,5,30,616)
w(73,10263,5,30,617)
w(66,10264,5,30,618)
w(20,10265,5,30,619)
r(75,22176,5,31,620)
r(47,20193,5,31,621)
r(13,6322,5,31,622)
r(91,4296,5,31,623)
r(17,6321,5,31,624)
r(59,6315,5,31,625)
r(16,20187,5,31,626)
r(67,8305,5,31,627)
r(61,24175,5,31,628)
r(38,2259,5,31,629)
r(94,22178,5,31,630)
r(42,34245,5,31,631)
r(72,26214,5,31,632)
r(80,24219,5,31,633)
r(98,2258,5,31,634)
r(28,22196,5,31,635)
r(7,6316,5,31,636)
r(72,26214,5,31,637)
r(88,6323,5,31,638)
r(32,34255,5,31,639)
r(63,24204,5,32,640)
r(27,34239,5,32,641)
r(89,24213,5,32,642)
r(28,22196,5,32,643)
r(58,8283,5,32,644)
r(58,8283,5,32,645)
r(85,8308,5,32,646)
r(8,8304,5,32,647)
r(1,24217,5,32,648)
r(22,6317,5,32,649)
r(61,24175,5,32,650)
r(29,22197,5,32,651)
r(25,8298,5,32,652)
r(16,20187,5,32,653)
r(3,8297,5,32,654)
r(41,34213,5,32,655)
r(91,4296,5,32,656)
r(78,6298,5,32,657)
r(54,22194,5,32,658)
r(34,24189,5,32,659)
r(9,26215,5,33,660)
r(43,4309,5,33,661)
r(39,22182,5,33,662)
r(81,20191,5,33,663)
r(92,6314,5,33,664)
r(74,2285,5,33,665)
r(80,24219,5,33,666)
r(51,20186,5,33,667)
r(73,56171,5,33,668)
r(74,2285,5,33,669)
r(33,22185,5,33,670)
r(83,56170,5,33,671)
r(77,20190,5,33,672)
r(53,6320,5,33,673)
r(17,6321,5,33,674)
r(93,8302,5,33,675)
r(81,20191,5,33,676)
r(37,26221,5,33,677)
r(40,6304,5,33,678)
r(73,56171,5,33,679)
r(77,20190,5,34,680)
r(23,22189,5,34,681)
r(37,26221,5,34,682)
r(47,20193,5,34,683)
r(15,24218,5,34,684)
r(31,8307,5,34,685)
r(43,4309,5,34,686)
r(78,6298,5,34,687)
r(30,22170,5,34,688)
r(35,22193,5,34,689)
r(88,6323,5,34,690)
r(90,8278,5,34,691)
r(1,24217,5,34,692)
w(56,10266,5,34,693)
w(88,10267,5,34,694)
w(60,10268,5,34,695)
w(18,10269,5,34,696)
w(86,10270,5,34,697)
w(57,10271,5,34,698)
w(75,10272,5,34,699)
r(4,2284,5,35,700)
r(69,4310,5,35,701)
r(43,20213,5,35,702)
r(20,22173,5,35,703)
r(63,48181,5,35,704)
r(69,4310,5,35,705)
r(53,6320,5,35,706)
r(2,4301,5,35,707)
r(40,6304,5,35,708)
r(75,10272,5,35,709)
r(97,8311,5,35,710)
r(69,4310,5,35,711)
r(42,34245,5,35,712)
r(90,8278,5,35,713)
r(37,48186,5,35,714)
r(56,10266,5,35,715)
r(95,8286,5,35,716)
r(80,48178,5,35,717)
r(22,22202,5,35,718)
r(54,22194,5,35,719)
r(82,48182,5,36,720)
r(73,56171,5,36,721)
r(31,8307,5,36,722)
r(86,10270,5,36,723)
r(26,20196,5,36,724)
r(73,56171,5,36,725)
r(52,20199,5,36,726)
r(58,8283,5,36,727)
w(41,10273,5,36,728)
w(23,10274,5,36,729)
w(49,10275,5,36,730)
w(48,10276,5,36,731)
w(26,10277,5,36,732)
w(48,10278,5,36,733)
w(25,10279,5,36,734)
w(90,10280,5,36,735)
w(99,10281,5,36,736)
w(25,10282,5,36,737)
w(64,10283,5,36,738)
w(63,10284,5,36,739)
w(78,10285,5,37,740)
w(83,10286,5,37,741)
w(37,10287,5,37,742)
w(23,10288,5,37,743)
w(52,10289,5,37,744)
w(83,10290,5,37,745)
w(33,10291,5,37,746)
w(89,10292,5,37,747)
w(46,10293,5,37,748)
w(22,10294,5,37,749)
w(57,10295,5,37,750)
w(93,10296,5,37,751)
w(64,10297,5,37,752)
w(56,10298,5,37,753)
w(29,10299,5,37,754)
w(41,10300,5,37,755)
w(69,10301,5,37,756)
w(7,10302,5,37,757)
w(24,10303,5,37,758)
w(45,10304,5,37,759)
r(91,2296,5,38,760)
r(97,54196,5,38,761)
r(5,24244,5,38,762)
r(29,34281,5,38,763)
r(1,20223,5,38,764)
r(43,4336,5,38,765)
r(63,10284,5,38,766)
r(91,2296,5,38,767)
r(93,48196,5,38,768)
r(29,34281,5,38,769)
r(80,54168,5,38,770)
r(2,54189,5,38,771)
r(73,20236,5,38,772)
r(19,26246,5,38,773)
r(68,20234,5,38,774)
r(96,8336,5,38,775)
r(88,54191,5,38,776)
r(28,22239,5,38,777)
r(73,20236,5,38,778)
r(42,6359,5,38,779)
r(80,54168,5,39,780)
r(86,8325,5,39,781)
r(17,54184,5,39,782)
r(2,54189,5,39,783)
r(71,4335,5,39,784)
r(76,6339,5,39,785)
r(85,24235,5,39,786)
r(4,54193,5,39,787)
r(55,26244,5,39,788)
r(73,20236,5,39,789)
r(65,26242,5,39,790)
r(59,56189,5,39,791)
r(59,56189,5,39,792)
w(42,10305,5,39,793)
w(36,10306,5,39,794)
w(38,10307,5,39,795)
w(30,10308,5,39,796)
w(57,10309,5,39,797)
w(42,10310,5,39,798)
w(67,10311,5,39,799)
r(60,6342,5,40,800)
r(27,26245,5,40,801)
r(1,24250,5,40,802)
r(58,54205,5,40,803)
r(54,24260,5,40,804)
r(58,54205,5,40,805)
r(55,54207,5,40,806)
r(10,26240,5,40,807)
r(77,26247,5,40,808)
r(83,54208,5,40,809)
r(77,26247,5,40,810)
r(5,24244,5,40,811)
r(29,34281,5,40,812)
r(88,24252,5,40,813)
w(16,10312,5,40,814)
w(57,10313,5,40,815)
w(12,10314,5,40,816)
w(88,10315,5,40,817)
w(41,10316,5,40,818)
w(76,10317,5,40,819)
w(53,10318,5,41,820)
w(83,10319,5,41,821)
w(76,10320,5,41,822)
w(67,10321,5,41,823)
w(73,10322,5,41,824)
w(19,10323,5,41,825)
w(59,10324,5,41,826)
w(59,10325,5,41,827)
w(41,10326,5,41,828)
w(31,10327,5,41,829)
w(32,10328,5,41,830)
w(46,10329,5,41,831)
w(80,10330,5,41,832)
w(59,10331,5,41,833)
w(26,10332,5,41,834)
w(49,10333,5,41,835)
w(78,10334,5,41,836)
w(99,10335,5,41,837)
w(1,10336,5,41,838)
w(63,10337,5,41,839)
r(41,8371,5,42,840)
r(62,34295,5,42,841)
r(9,20262,5,42,842)
r(19,26279,5,42,843)
r(46,34304,5,42,844)
r(27,4364,5,42,845)
r(95,54210,5,42,846)
r(72,26272,5,42,847)
r(88,20278,5,42,848)
r(7,26254,5,42,849)
w(18,10338,5,42,850)
w(26,10339,5,42,851)
w(58,10340,5,42,852)
w(62,10341,5,42,853)
w(90,10342,5,42,854)
w(23,10343,5,42,855)
w(74,10344,5,42,856)
w(7,10345,5,42,857)
w(67,10346,5,42,858)
w(52,10347,5,42,859)
r(13,34307,5,43,860)
r(67,10346,5,43,861)
r(17,34298,5,43,862)
r(56,48244,5,43,863)
r(54,26264,5,43,864)
r(69,22259,5,43,865)
r(68,36263,5,43,866)
r(46,48259,5,43,867)
r(12,22260,5,43,868)
r(54,26264,5,43,869)
r(46,48259,5,43,870)
r(58,10340,5,43,871)
r(28,48249,5,43,872)
r(5,22254,5,43,873)
r(91,34305,5,43,874)
r(59,10331,5,43,875)
r(72,48241,5,43,876)
r(78,10334,5,43,877)
r(44,22250,5,43,878)
r(61,20253,5,43,879)
r(73,20272,5,44,880)
r(40,26278,5,44,881)
r(88,20278,5,44,882)
r(26,10339,5,44,883)
r(58,10340,5,44,884)
r(90,10342,5,44,885)
r(28,48249,5,44,886)
r(92,24264,5,44,887)
r(31,2341,5,44,888)
r(35,54225,5,44,889)
w(43,10348,5,44,890)
w(39,10349,5,44,891)
w(38,10350,5,44,892)
w(75,10351,5,44,893)
w(22,10352,5,44,894)
w(73,10353,5,44,895)
w(35,10354,5,44,896)
w(13,10355,5,44,897)
w(83,10356,5,44,898)
w(28,10357,5,44,899)
r(31,2341,5,45,900)
r(59,10331,5,45,901)
r(92,24264,5,45,902)
r(99,48250,5,45,903)
r(11,48243,5,45,904)
r(77,24289,5,45,905)
r(5,22254,5,45,906)
r(76,20271,5,45,907)
r(78,10334,5,45,908)
r(33,54223,5,45,909)
r(27,24296,5,45,910)
w(16,10358,5,45,911)
w(4,10359,5,45,912)
w(39,10360,5,45,913)
w(87,10361,5,45,914)
w(8,10362,5,45,915)
w(37,10363,5,45,916)
w(76,10364,5,45,917)
w(15,10365,5,45,918)
w(10,10366,5,45,919)
r(19,2356,5,46,920)
r(4,10359,5,46,921)
r(46,48259,5,46,922)
r(83,6410,5,46,923)
r(28,48272,5,46,924)
r(78,10334,5,46,925)
r(7,6406,5,46,926)
r(29,54258,5,46,927)
r(47,54247,5,46,928)
r(65,24306,5,46,929)
r(16,10358,5,46,930)
w(27,10367,5,46,931)
w(34,10368,5,46,932)
w(59,10369,5,46,933)
w(30,10370,5,46,934)
w(23,10371,5,46,935)
w(77,10372,5,46,936)
w(82,10373,5,46,937)
w(0,10374,5,46,938)
w(60,10375,5,46,939)
r(55,26301,5,47,940)
r(61,54261,5,47,941)
r(94,4374,5,47,942)
r(87,10361,5,47,943)
r(71,6429,5,47,944)
r(98,8390,5,47,945)
r(25,24303,5,47,946)
r(88,6421,5,47,947)
r(38,54267,5,47,948)
r(47,6428,5,47,949)
r(11,20296,5,47,950)
r(1,6427,5,47,951)
r(83,6410,5,47,952)
w(18,10376,5,47,953)
w(0,10377,5,47,954)
w(7,10378,5,47,955)
w(42,10379,5,47,956)
w(86,10380,5,47,957)
w(41,10381,5,47,958)
w(98,10382,5,47,959)
r(98,8390,5,48,960)
r(6,2379,5,48,961)
r(97,26312,5,48,962)
r(57,20294,5,48,963)
r(8,10362,5,48,964)
r(3,24304,5,48,965)
r(34,10368,5,48,966)
r(41,26287,5,48,967)
r(54,26264,5,48,968)
r(53,54245,5,48,969)
r(23,10371,5,48,970)
w(62,10383,5,48,971)
w(62,10384,5,48,972)
w(98,10385,5,48,973)
w(99,10386,5,48,974)
w(48,10387,5,48,975)
w(14,10388,5,48,976)
w(81,10389,5,48,977)
w(53,10390,5,48,978)
w(17,10391,5,48,979)
r(38,48297,5,49,980)
r(84,54284,5,49,981)
r(33,2358,5,49,982)
r(56,8405,5,49,983)
r(65,48312,5,49,984)
r(70,24313,5,49,985)
r(45,2365,5,49,986)
r(91,8400,5,49,987)
r(65,48312,5,49,988)
w(14,10392,5,49,989)
w(0,10393,5,49,990)
w(37,10394,5,49,991)
w(14,10395,5,49,992)
w(22,10396,5,49,993)
w(77,10397,5,49,994)
w(34,10398,5,49,995)
w(29,10399,5,49,996)
w(17,10400,5,49,997)
w(78,10401,5,49,998)
w(72,10402,5,49,999)
r(93,26327,5,50,1000)
r(6,20318,5,50,1001)
r(75,8404,5,50,1002)
r(22,10396,5,50,1003)
r(7,26333,5,50,1004)
r(1,8421,5,50,1005)
r(58,8419,5,50,1006)
r(88,54294,5,50,1007)
r(9,20319,5,50,1008)
r(13,26323,5,50,1009)
r(66,20316,5,50,1010)
r(34,10398,5,50,1011)
w(69,10403,5,50,1012)
w(18,10404,5,50,1013)
w(96,10405,5,50,1014)
w(22,10406,5,50,1015)
w(48,10407,5,50,1016)
w(80,10408,5,50,1017)
w(85,10409,5,50,1018)
w(91,10410,5,50,1019)
r(85,10409,5,51,1020)
r(58,8419,5,51,1021)
r(5,4391,5,51,1022)
r(65,48312,5,51,1023)
r(35,26335,5,51,1024)
r(89,4413,5,51,1025)
r(47,8436,5,51,1026)
w(5,10411,5,51,1027)
w(42,10412,5,51,1028)
w(19,10413,5,51,1029)
w(80,10414,5,51,1030)
w(0,10415,5,51,1031)
w(12,10416,5,51,1032)
w(53,10417,5,51,1033)
w(20,10418,5,51,1034)
w(6,10419,5,51,1035)
w(96,10420,5,51,1036)
w(67,10421,5,51,1037)
w(73,10422,5,51,1038)
w(48,10423,5,51,1039)
r(97,2407,5,52,1040)
r(19,34385,5,52,1041)
r(14,6498,5,52,1042)
r(45,6477,5,52,1043)
r(70,6483,5,52,1044)
r(40,20345,5,52,1045)
r(27,22294,5,52,1046)
r(16,6475,5,52,1047)
r(22,10406,5,52,1048)
r(61,20342,5,52,1049)
r(68,20337,5,52,1050)
r(31,6484,5,52,1051)
r(16,6475,5,52,1052)
r(37,6479,5,52,1053)
r(31,6484,5,52,1054)
w(54,10424,5,52,1055)
w(70,10425,5,52,1056)
w(84,10426,5,52,1057)
w(49,10427,5,52,1058)
w(71,10428,5,52,1059)
r(93,20341,5,53,1060)
r(63,2432,5,53,1061)
r(33,4446,5,53,1062)
r(98,4452,5,53,1063)
r(40,20353,5,53,1064)
r(8,34390,5,53,1065)
r(86,6514,5,53,1066)
r(42,20364,5,53,1067)
r(92,20343,5,53,1068)
r(8,34390,5,53,1069)
w(10,10429,5,53,1070)
w(19,10430,5,53,1071)
w(96,10431,5,53,1072)
w(71,10432,5,53,1073)
w(90,10433,5,53,1074)
w(88,10434,5,53,1075)
w(52,10435,5,53,1076)
w(38,10436,5,53,1077)
w(83,10437,5,53,1078)
w(49,10438,5,53,1079)
w(33,10439,5,54,1080)
w(54,10440,5,54,1081)
w(92,10441,5,54,1082)
w(36,10442,5,54,1083)
w(15,10443,5,54,1084)
w(47,10444,5,54,1085)
w(35,10445,5,54,1086)
w(36,10446,5,54,1087)
w(36,10447,5,54,1088)
w(28,10448,5,54,1089)
w(15,10449,5,54,1090)
w(68,10450,5,54,1091)
w(91,10451,5,54,1092)
w(63,10452,5,54,1093)
w(4,10453,5,54,1094)
w(98,10454,5,54,1095)
w(63,10455,5,54,1096)
w(44,10456,5,54,1097)
w(60,10457,5,54,1098)
w(0,10458,5,54,1099)
r(94,6540,5,55,1100)
r(97,4479,5,55,1101)
r(13,6542,5,55,1102)
r(13,6542,5,55,1103)
r(25,6566,5,55,1104)
r(94,6540,5,55,1105)
r(6,6569,5,55,1106)
r(42,34439,5,55,1107)
w(31,10459,5,55,1108)
w(80,10460,5,55,1109)
w(60,10461,5,55,1110)
w(49,10462,5,55,1111)
w(97,10463,5,55,1112)
w(59,10464,5,55,1113)
w(65,10465,5,55,1114)
w(37,10466,5,55,1115)
w(40,10467,5,55,1116)
w(64,10468,5,55,1117)
w(42,10469,5,55,1118)
w(15,10470,5,55,1119)
w(55,10471,5,56,1120)
w(41,10472,5,56,1121)
w(60,10473,5,56,1122)
w(6,10474,5,56,1123)
w(88,10475,5,56,1124)
w(34,10476,5,56,1125)
w(1,10477,5,56,1126)
w(46,10478,5,56,1127)
w(82,10479,5,56,1128)
w(82,10480,5,56,1129)
w(8,10481,5,56,1130)
w(83,10482,5,56,1131)
w(61,10483,5,56,1132)
w(26,10484,5,56,1133)
w(10,10485,5,56,1134)
w(41,10486,5,56,1135)
w(5,10487,5,56,1136)
w(0,10488,5,56,1137)
w(63,10489,5,56,1138)
w(25,10490,5,56,1139)
r(7,26424,5,57,1140)
r(45,14412,5,57,1141)
r(6,10474,5,57,1142)
r(68,26430,5,57,1143)
r(18,48383,5,57,1144)
r(57,6581,5,57,1145)
r(35,10445,5,57,1146)
r(77,48386,5,57,1147)
r(71,8533,5,57,1148)
r(21,48362,5,57,1149)
r(45,14412,5,57,1150)
r(77,48386,5,57,1151)
w(55,10491,5,57,1152)
w(49,10492,5,57,1153)
w(34,10493,5,57,1154)
w(8,10494,5,57,1155)
w(5,10495,5,57,1156)
w(4,10496,5,57,1157)
w(15,10497,5,57,1158)
w(30,10498,5,57,1159)
r(21,8556,5,58,1160)
r(60,6617,5,58,1161)
r(3,20443,5,58,1162)
r(23,26448,5,58,1163)
r(22,22368,5,58,1164)
r(84,54399,5,58,1165)
r(51,26455,5,58,1166)
w(27,10499,5,58,1167)
w(68,10500,5,58,1168)
w(1,10501,5,58,1169)
w(6,10502,5,58,1170)
w(33,10503,5,58,1171)
w(52,10504,5,58,1172)
w(99,10505,5,58,1173)
w(83,10506,5,58,1174)
w(44,10507,5,58,1175)
w(24,10508,5,58,1176)
w(27,10509,5,58,1177)
w(1,10510,5,58,1178)
w(22,10511,5,58,1179)
r(21,22384,5,59,1180)
r(38,48406,5,59,1181)
r(73,54451,5,59,1182)
r(25,54452,5,59,1183)
r(57,6634,5,59,1184)
r(73,54451,5,59,1185)
r(42,8580,5,59,1186)
r(65,48418,5,59,1187)
r(14,54428,5,59,1188)
w(42,10512,5,59,1189)
w(21,10513,5,59,1190)
w(85,10514,5,59,1191)
w(67,10515,5,59,1192)
w(93,10516,5,59,1193)
w(80,10517,5,59,1194)
w(17,10518,5,59,1195)
w(82,10519,5,59,1196)
w(47,10520,5,59,1197)
w(74,10521,5,59,1198)
w(71,10522,5,59,1199)
r(91,4556,5,60,1200)
r(77,48424,5,60,1201)
r(61,24473,5,60,1202)
r(56,24466,5,60,1203)
r(11,48384,5,60,1204)
r(45,4557,5,60,1205)
r(20,54434,5,60,1206)
r(33,10503,5,60,1207)
r(57,6634,5,60,1208)
r(9,48410,5,60,1209)
r(89,48421,5,60,1210)
r(80,10517,5,60,1211)
r(81,48427,5,60,1212)
w(48,10523,5,60,1213)
w(5,10524,5,60,1214)
w(53,10525,5,60,1215)
w(82,10526,5,60,1216)
w(40,10527,5,60,1217)
w(64,10528,5,60,1218)
w(24,10529,5,60,1219)
r(43,26493,5,61,1220)
r(0,54463,5,61,1221)
r(61,48433,5,61,1222)
r(61,48433,5,61,1223)
r(19,26509,5,61,1224)
r(37,26513,5,61,1225)
r(26,22415,5,61,1226)
r(11,48384,5,61,1227)
r(88,26508,5,61,1228)
r(58,4584,5,61,1229)
w(13,10530,5,61,1230)
w(53,10531,5,61,1231)
w(34,10532,5,61,1232)
w(70,10533,5,61,1233)
w(94,10534,5,61,1234)
w(33,10535,5,61,1235)
w(83,10536,5,61,1236)
w(96,10537,5,61,1237)
w(14,10538,5,61,1238)
w(25,10539,5,61,1239)
r(39,6648,5,62,1240)
r(85,26519,5,62,1241)
r(49,20487,5,62,1242)
r(74,22421,5,62,1243)
r(36,26516,5,62,1244)
r(25,10539,5,62,1245)
r(96,48437,5,62,1246)
r(35,22422,5,62,1247)
r(11,48384,5,62,1248)
r(55,2515,5,62,1249)
r(44,54479,5,62,1250)
w(95,10540,5,62,1251)
w(61,10541,5,62,1252)
w(88,10542,5,62,1253)
w(19,10543,5,62,1254)
w(83,10544,5,62,1255)
w(52,10545,5,62,1256)
w(59,10546,5,62,1257)
w(8,10547,5,62,1258)
w(47,10548,5,62,1259)
r(52,10545,5,63,1260)
r(45,24530,5,63,1261)
r(87,8638,5,63,1262)
r(4,48447,5,63,1263)
r(55,24524,5,63,1264)
r(58,22429,5,63,1265)
r(80,24528,5,63,1266)
r(17,22452,5,63,1267)
r(48,4603,5,63,1268)
r(72,26514,5,63,1269)
r(19,10543,5,63,1270)
w(21,10549,5,63,1271)
w(1,10550,5,63,1272)
w(52,10551,5,63,1273)
w(52,10552,5,63,1274)
w(42,10553,5,63,1275)
w(21,10554,5,63,1276)
w(66,10555,5,63,1277)
w(21,10556,5,63,1278)
w(51,10557,5,63,1279)
r(57,24520,5,64,1280)
r(29,24533,5,64,1281)
r(43,8631,5,64,1282)
r(46,22433,5,64,1283)
r(86,8636,5,64,1284)
r(33,22431,5,64,1285)
r(80,24528,5,64,1286)
r(23,48434,5,64,1287)
w(34,10558,5,64,1288)
w(68,10559,5,64,1289)
w(7,10560,5,64,1290)
w(51,10561,5,64,1291)
w(34,10562,5,64,1292)
w(84,10563,5,64,1293)
w(98,10564,5,64,1294)
w(46,10565,5,64,1295)
w(34,10566,5,64,1296)
w(56,10567,5,64,1297)
w(49,10568,5,64,1298)
w(79,10569,5,64,1299)
r(20,24537,5,65,1300)
r(0,8632,5,65,1301)
r(54,20498,5,65,1302)
r(80,24528,5,65,1303)
r(72,26514,5,65,1304)
r(30,34559,5,65,1305)
r(70,22460,5,65,1306)
r(31,22462,5,65,1307)
r(58,20516,5,65,1308)
r(64,10528,5,65,1309)
w(60,10570,5,65,1310)
w(83,10571,5,65,1311)
w(60,10572,5,65,1312)
w(81,10573,5,65,1313)
w(26,10574,5,65,1314)
w(39,10575,5,65,1315)
w(95,10576,5,65,1316)
w(98,10577,5,65,1317)
w(95,10578,5,65,1318)
w(39,10579,5,65,1319)
r(78,24543,5,66,1320)
r(20,34574,5,66,1321)
r(76,54486,5,66,1322)
r(60,10572,5,66,1323)
r(77,48453,5,66,1324)
r(84,34573,5,66,1325)
r(87,20513,5,66,1326)
r(26,10574,5,66,1327)
r(57,34572,5,66,1328)
r(61,6687,5,66,1329)
r(34,48458,5,66,1330)
r(97,20514,5,66,1331)
r(93,34558,5,66,1332)
w(22,10580,5,66,1333)
w(18,10581,5,66,1334)
w(40,10582,5,66,1335)
w(30,10583,5,66,1336)
w(21,10584,5,66,1337)
w(27,10585,5,66,1338)
w(85,10586,5,66,1339)
w(73,10587,5,67,1340)
w(3,10588,5,67,1341)
w(71,10589,5,67,1342)
w(1,10590,5,67,1343)
w(87,10591,5,67,1344)
w(8,10592,5,67,1345)
w(12,10593,5,67,1346)
w(66,10594,5,67,1347)
w(94,10595,5,67,1348)
w(67,10596,5,67,1349)
w(80,10597,5,67,1350)
w(68,10598,5,67,1351)
w(49,10599,5,67,1352)
w(55,10600,5,67,1353)
w(93,10601,5,67,1354)
w(36,10602,5,67,1355)
w(78,10603,5,67,1356)
w(4,10604,5,67,1357)
w(46,10605,5,67,1358)
w(64,10606,5,67,1359)
r(93,10601,5,68,1360)
r(29,8659,5,68,1361)
r(25,48479,5,68,1362)
r(20,24574,5,68,1363)
r(47,6695,5,68,1364)
r(86,8657,5,68,1365)
r(20,24574,5,68,1366)
r(61,6687,5,68,1367)
r(99,8637,5,68,1368)
r(25,48479,5,68,1369)
r(14,4629,5,68,1370)
r(85,20539,5,68,1371)
w(11,10607,5,68,1372)
w(11,10608,5,68,1373)
w(48,10609,5,68,1374)
w(37,10610,5,68,1375)
w(59,10611,5,68,1376)
w(24,10612,5,68,1377)
w(30,10613,5,68,1378)
w(61,10614,5,68,1379)
r(42,4651,5,69,1380)
r(75,22491,5,69,1381)
r(64,10606,5,69,1382)
r(35,4650,5,69,1383)
r(75,22491,5,69,1384)
r(61,10614,5,69,1385)
r(32,22501,5,69,1386)
r(43,24577,5,69,1387)
r(27,4657,5,69,1388)
r(0,26544,5,69,1389)
w(15,10615,5,69,1390)
w(81,10616,5,69,1391)
w(83,10617,5,69,1392)
w(42,10618,5,69,1393)
w(27,10619,5,69,1394)
w(84,10620,5,69,1395)
w(8,10621,5,69,1396)
w(42,10622,5,69,1397)
w(42,10623,5,69,1398)
w(87,10624,5,69,1399)
r(68,4674,5,70,1400)
r(68,4674,5,70,1401)
r(31,2610,5,70,1402)
r(87,10624,5,70,1403)
r(24,34595,5,70,1404)
r(53,20593,5,70,1405)
r(77,2605,5,70,1406)
r(61,8697,5,70,1407)
r(36,34610,5,70,1408)
r(82,2607,5,70,1409)
r(73,2594,5,70,1410)
r(63,2603,5,70,1411)
r(49,34612,5,70,1412)
w(74,10625,5,70,1413)
w(93,10626,5,70,1414)
w(45,10627,5,70,1415)
w(62,10628,5,70,1416)
w(8,10629,5,70,1417)
w(72,10630,5,70,1418)
w(29,10631,5,70,1419)
r(48,10609,5,71,1420)
r(70,26566,5,71,1421)
r(0,2616,5,71,1422)
r(68,4674,5,71,1423)
r(77,2605,5,71,1424)
r(90,26577,5,71,1425)
r(24,34595,5,71,1426)
r(61,8697,5,71,1427)
r(40,26592,5,71,1428)
r(5,2606,5,71,1429)
w(78,10632,5,71,1430)
w(5,10633,5,71,1431)
w(64,10634,5,71,1432)
w(17,10635,5,71,1433)
w(80,10636,5,71,1434)
w(82,10637,5,71,1435)
w(28,10638,5,71,1436)
w(67,10639,5,71,1437)
w(36,10640,5,71,1438)
w(44,10641,5,71,1439)
r(35,4686,5,72,1440)
r(49,6734,5,72,1441)
r(99,24612,5,72,1442)
r(66,34602,5,72,1443)
r(99,24612,5,72,1444)
r(63,2603,5,72,1445)
r(77,2605,5,72,1446)
r(19,6737,5,72,1447)
r(64,10634,5,72,1448)
r(38,4694,5,72,1449)
r(13,26522,5,72,1450)
r(12,34616,5,72,1451)
r(42,10623,5,72,1452)
r(39,26586,5,72,1453)
r(34,4676,5,72,1454)
r(91,8710,5,72,1455)
r(67,10639,5,72,1456)
r(71,26585,5,72,1457)
r(88,6741,5,72,1458)
r(96,6743,5,72,1459)
r(6,48516,5,73,1460)
r(60,26582,5,73,1461)
r(86,24611,5,73,1462)
r(23,24614,5,73,1463)
r(54,20594,5,73,1464)
r(94,2621,5,73,1465)
r(45,54535,5,73,1466)
r(16,48518,5,73,1467)
r(94,2621,5,73,1468)
r(83,4699,5,73,1469)
r(93,4684,5,73,1470)
w(70,10642,5,73,1471)
w(61,10643,5,73,1472)
w(10,10644,5,73,1473)
w(90,10645,5,73,1474)
w(51,10646,5,73,1475)
w(4,10647,5,73,1476)
w(38,10648,5,73,1477)
w(67,10649,5,73,1478)
w(18,10650,5,73,1479)
r(62,2631,5,74,1480)
r(13,26522,5,74,1481)
r(54,48529,5,74,1482)
r(81,22514,5,74,1483)
r(26,26609,5,74,1484)
r(81,22514,5,74,1485)
r(32,22535,5,74,1486)
r(88,22543,5,74,1487)
r(30,54555,5,74,1488)
r(42,22529,5,74,1489)
r(32,22535,5,74,1490)
r(37,22530,5,74,1491)
w(63,10651,5,74,1492)
w(52,10652,5,74,1493)
w(42,10653,5,74,1494)
w(15,10654,5,74,1495)
w(55,10655,5,74,1496)
w(0,10656,5,74,1497)
w(67,10657,5,74,1498)
w(88,10658,5,74,1499)
w(95,10659,5,75,1500)
w(98,10660,5,75,1501)
w(88,10661,5,75,1502)
w(29,10662,5,75,1503)
w(31,10663,5,75,1504)
w(99,10664,5,75,1505)
w(82,10665,5,75,1506)
w(94,10666,5,75,1507)
w(81,10667,5,75,1508)
w(13,10668,5,75,1509)
w(86,10669,5,75,1510)
w(64,10670,5,75,1511)
w(20,10671,5,75,1512)
w(70,10672,5,75,1513)
w(89,10673,5,75,1514)
w(24,10674,5,75,1515)
w(27,10675,5,75,1516)
w(38,10676,5,75,1517)
w(26,10677,5,75,1518)
w(25,10678,5,75,1519)
w(34,10679,5,76,1520)
w(50,10680,5,76,1521)
w(10,10681,5,76,1522)
w(3,10682,5,76,1523)
w(70,10683,5,76,1524)
w(67,10684,5,76,1525)
w(39,10685,5,76,1526)
w(70,10686,5,76,1527)
w(67,10687,5,76,1528)
w(8,10688,5,76,1529)
w(10,10689,5,76,1530)
w(77,10690,5,76,1531)
w(35,10691,5,76,1532)
w(3,10692,5,76,1533)
w(78,10693,5,76,1534)
w(17,10694,5,76,1535)
w(32,10695,5,76,1536)
w(38,10696,5,76,1537)
w(76,10697,5,76,1538)
w(58,10698,5,76,1539)
w(70,10699,5,77,1540)
w(60,10700,5,77,1541)
w(66,10701,5,77,1542)
w(24,10702,5,77,1543)
w(10,10703,5,77,1544)
w(68,10704,5,77,1545)
w(28,10705,5,77,1546)
w(4,10706,5,77,1547)
w(99,10707,5,77,1548)
w(16,10708,5,77,1549)
w(49,10709,5,77,1550)
w(69,10710,5,77,1551)
w(78,10711,5,77,1552)
w(88,10712,5,77,1553)
w(48,10713,5,77,1554)
w(67,10714,5,77,1555)
w(68,10715,5,77,1556)
w(98,10716,5,77,1557)
w(44,10717,5,77,1558)
w(58,10718,5,77,1559)
r(64,54609,5,78,1560)
r(13,20646,5,78,1561)
r(4,10706,5,78,1562)
r(21,22578,5,78,1563)
r(93,54614,5,78,1564)
r(66,10701,5,78,1565)
r(78,10711,5,78,1566)
r(31,20662,5,78,1567)
r(11,54602,5,78,1568)
w(20,10719,5,78,1569)
w(66,10720,5,78,1570)
w(24,10721,5,78,1571)
w(26,10722,5,78,1572)
w(98,10723,5,78,1573)
w(10,10724,5,78,1574)
w(99,10725,5,78,1575)
w(31,10726,5,78,1576)
w(49,10727,5,78,1577)
w(68,10728,5,78,1578)
w(50,10729,5,78,1579)
r(20,10719,5,79,1580)
r(66,10720,5,79,1581)
r(22,20664,5,79,1582)
r(82,6804,5,79,1583)
r(59,6813,5,79,1584)
r(7,4769,5,79,1585)
r(80,4727,5,79,1586)
r(11,34670,5,79,1587)
r(68,10728,5,79,1588)
r(50,10729,5,79,1589)
r(92,2695,5,79,1590)
r(14,6816,5,79,1591)
r(48,10713,5,79,1592)
r(5,6790,5,79,1593)
r(8,10688,5,79,1594)
r(19,2696,5,79,1595)
r(95,20661,5,79,1596)
r(32,24652,5,79,1597)
r(12,22570,5,79,1598)
r(27,54608,5,79,1599)
r(82,6804,5,80,1600)
r(84,22567,5,80,1601)
r(79,2694,5,80,1602)
r(86,24654,5,80,1603)
r(93,54614,5,80,1604)
r(4,10706,5,80,1605)
r(97,6814,5,80,1606)
r(99,10725,5,80,1607)
r(47,34668,5,80,1608)
r(93,54614,5,80,1609)
r(3,20656,5,80,1610)
r(49,10727,5,80,1611)
r(18,34671,5,80,1612)
w(90,10730,5,80,1613)
w(33,10731,5,80,1614)
w(42,10732,5,80,1615)
w(21,10733,5,80,1616)
w(3,10734,5,80,1617)
w(63,10735,5,80,1618)
w(23,10736,5,80,1619)
w(91,10737,5,81,1620)
w(92,10738,5,81,1621)
w(68,10739,5,81,1622)
w(27,10740,5,81,1623)
w(12,10741,5,81,1624)
w(43,10742,5,81,1625)
w(71,10743,5,81,1626)
w(27,10744,5,81,1627)
w(35,10745,5,81,1628)
w(7,10746,5,81,1629)
w(65,10747,5,81,1630)
w(34,10748,5,81,1631)
w(34,10749,5,81,1632)
w(12,10750,5,81,1633)
w(18,10751,5,81,1634)
w(65,10752,5,81,1635)
w(2,10753,5,81,1636)
w(6,10754,5,81,1637)
w(68,10755,5,81,1638)
w(62,10756,5,81,1639)
r(39,20666,5,82,1640)
r(14,26707,5,82,1641)
r(82,48595,5,82,1642)
r(93,48613,5,82,1643)
r(33,4793,5,82,1644)
r(20,8820,5,82,1645)
r(57,8818,5,82,1646)
r(92,4781,5,82,1647)
r(7,4769,5,82,1648)
r(93,48613,5,82,1649)
r(55,26712,5,82,1650)
w(44,10757,5,82,1651)
w(27,10758,5,82,1652)
w(4,10759,5,82,1653)
w(62,10760,5,82,1654)
w(50,10761,5,82,1655)
w(56,10762,5,82,1656)
w(55,10763,5,82,1657)
w(74,10764,5,82,1658)
w(28,10765,5,82,1659)
r(61,22646,5,83,1660)
r(80,34720,5,83,1661)
r(86,48626,5,83,1662)
r(54,8850,5,83,1663)
r(40,2765,5,83,1664)
r(40,2765,5,83,1665)
r(71,54678,5,83,1666)
r(23,24714,5,83,1667)
w(96,10766,5,83,1668)
w(23,10767,5,83,1669)
w(23,10768,5,83,1670)
w(18,10769,5,83,1671)
w(71,10770,5,83,1672)
w(89,10771,5,83,1673)
w(44,10772,5,83,1674)
w(63,10773,5,83,1675)
w(20,10774,5,83,1676)
w(92,10775,5,83,1677)
w(87,10776,5,83,1678)
w(68,10777,5,83,1679)
r(93,6896,5,84,1680)
r(28,10765,5,84,1681)
r(98,34738,5,84,1682)
r(68,10777,5,84,1683)
r(1,24737,5,84,1684)
r(36,20761,5,84,1685)
r(0,8873,5,84,1686)
r(74,8897,5,84,1687)
r(51,4830,5,84,1688)
r(35,54686,5,84,1689)
r(93,6896,5,84,1690)
w(41,10778,5,84,1691)
w(61,10779,5,84,1692)
w(4,10780,5,84,1693)
w(83,10781,5,84,1694)
w(79,10782,5,84,1695)
w(63,10783,5,84,1696)
w(86,10784,5,84,1697)
w(68,10785,5,84,1698)
w(94,10786,5,84,1699)
w(46,10787,5,85,1700)
w(21,10788,5,85,1701)
w(38,10789,5,85,1702)
w(88,10790,5,85,1703)
w(59,10791,5,85,1704)
w(64,10792,5,85,1705)
w(49,10793,5,85,1706)
w(93,10794,5,85,1707)
w(64,10795,5,85,1708)
w(23,10796,5,85,1709)
w(3,10797,5,85,1710)
w(14,10798,5,85,1711)
w(42,10799,5,85,1712)
w(68,10800,5,85,1713)
w(5,10801,5,85,1714)
w(84,10802,5,85,1715)
w(63,10803,5,85,1716)
w(64,10804,5,85,1717)
w(95,10805,5,85,1718)
w(84,10806,5,85,1719)
r(10,6917,5,86,1720)
r(54,8866,5,86,1721)
r(69,24716,5,86,1722)
r(96,22687,5,86,1723)
r(98,34738,5,86,1724)
r(29,8912,5,86,1725)
r(61,10779,5,86,1726)
r(79,10782,5,86,1727)
r(51,6902,5,86,1728)
w(29,10807,5,86,1729)
w(60,10808,5,86,1730)
w(76,10809,5,86,1731)
w(69,10810,5,86,1732)
w(16,10811,5,86,1733)
w(50,10812,5,86,1734)
w(0,10813,5,86,1735)
w(14,10814,5,86,1736)
w(92,10815,5,86,1737)
w(64,10816,5,86,1738)
w(19,10817,5,86,1739)
r(27,20781,5,87,1740)
r(64,10816,5,87,1741)
r(12,6906,5,87,1742)
r(79,20785,5,87,1743)
r(96,22687,5,87,1744)
r(55,6914,5,87,1745)
r(74,34768,5,87,1746)
r(91,26747,5,87,1747)
r(7,48658,5,87,1748)
r(62,20777,5,87,1749)
r(13,6899,5,87,1750)
r(23,10796,5,87,1751)
r(51,22692,5,87,1752)
r(99,24755,5,87,1753)
r(74,34768,5,87,1754)
r(51,22692,5,87,1755)
r(55,6914,5,87,1756)
r(47,8916,5,87,1757)
r(83,24759,5,87,1758)
r(66,54671,5,87,1759)
r(0,10813,5,88,1760)
r(10,24761,5,88,1761)
r(33,20748,5,88,1762)
r(96,22687,5,88,1763)
r(93,10794,5,88,1764)
r(51,22692,5,88,1765)
r(48,6910,5,88,1766)
r(39,6882,5,88,1767)
r(52,34765,5,88,1768)
r(9,48662,5,88,1769)
r(60,10808,5,88,1770)
r(51,22692,5,88,1771)
w(14,10818,5,88,1772)
w(39,10819,5,88,1773)
w(2,10820,5,88,1774)
w(17,10821,5,88,1775)
w(92,10822,5,88,1776)
w(69,10823,5,88,1777)
w(97,10824,5,88,1778)
w(91,10825,5,88,1779)
r(26,26752,5,89,1780)
r(96,22687,5,89,1781)
r(54,8866,5,89,1782)
r(91,10825,5,89,1783)
r(11,4866,5,89,1784)
r(41,4878,5,89,1785)
r(84,10806,5,89,1786)
r(68,10800,5,89,1787)
r(78,4865,5,89,1788)
r(20,20774,5,89,1789)
r(82,6908,5,89,1790)
r(25,48657,5,89,1791)
r(4,22695,5,89,1792)
r(65,34769,5,89,1793)
r(96,22687,5,89,1794)
r(53,4879,5,89,1795)
r(27,20781,5,89,1796)
r(21,6926,5,89,1797)
r(54,8866,5,89,1798)
r(27,20781,5,89,1799)
r(42,6922,5,90,1800)
r(87,6916,5,90,1801)
r(27,20781,5,90,1802)
r(86,20782,5,90,1803)
r(77,6912,5,90,1804)
r(41,4878,5,90,1805)
r(56,6911,5,90,1806)
r(96,22687,5,90,1807)
r(60,10808,5,90,1808)
r(84,10806,5,90,1809)
r(58,6923,5,90,1810)
r(97,10824,5,90,1811)
w(94,10826,5,90,1812)
w(7,10827,5,90,1813)
w(10,10828,5,90,1814)
w(10,10829,5,90,1815)
w(85,10830,5,90,1816)
w(12,10831,5,90,1817)
w(48,10832,5,90,1818)
w(13,10833,5,90,1819)
r(54,54730,5,91,1820)
r(31,22693,5,91,1821)
r(1,34775,5,91,1822)
r(50,10812,5,91,1823)
r(81,24774,5,91,1824)
r(13,10833,5,91,1825)
r(63,22704,5,91,1826)
r(34,4874,5,91,1827)
r(70,24764,5,91,1828)
r(24,36818,5,91,1829)
r(37,4873,5,91,1830)
w(52,10834,5,91,1831)
w(14,10835,5,91,1832)
w(43,10836,5,91,1833)
w(64,10837,5,91,1834)
w(38,10838,5,91,1835)
w(54,10839,5,91,1836)
w(47,10840,5,91,1837)
w(57,10841,5,91,1838)
w(46,10842,5,91,1839)
r(65,48674,5,92,1840)
r(4,26786,5,92,1841)
r(61,48682,5,92,1842)
r(96,22687,5,92,1843)
r(78,26778,5,92,1844)
r(12,10831,5,92,1845)
r(3,26776,5,92,1846)
r(11,4866,5,92,1847)
r(10,54748,5,92,1848)
r(29,34784,5,92,1849)
r(26,34783,5,92,1850)
r(1,26784,5,92,1851)
r(59,54733,5,92,1852)
w(8,10843,5,92,1853)
w(22,10844,5,92,1854)
w(58,10845,5,92,1855)
w(15,10846,5,92,1856)
w(26,10847,5,92,1857)
w(14,10848,5,92,1858)
w(12,10849,5,92,1859)
r(46,10842,5,93,1860)
r(94,54744,5,93,1861)
r(89,8938,5,93,1862)
r(84,20812,5,93,1863)
r(23,20803,5,93,1864)
r(21,6926,5,93,1865)
r(30,20814,5,93,1866)
r(86,54745,5,93,1867)
r(93,48685,5,93,1868)
r(64,10837,5,93,1869)
r(20,26782,5,93,1870)
r(82,24791,5,93,1871)
w(43,10850,5,93,1872)
w(66,10851,5,93,1873)
w(80,10852,5,93,1874)
w(38,10853,5,93,1875)
w(24,10854,5,93,1876)
w(71,10855,5,93,1877)
w(4,10856,5,93,1878)
w(32,10857,5,93,1879)
r(16,24807,5,94,1880)
r(74,24808,5,94,1881)
r(21,6926,5,94,1882)
r(2,54737,5,94,1883)
r(55,54753,5,94,1884)
r(51,26774,5,94,1885)
r(45,20804,5,94,1886)
r(34,4874,5,94,1887)
r(45,20804,5,94,1888)
r(87,2819,5,94,1889)
r(96,22687,5,94,1890)
r(19,24794,5,94,1891)
w(21,10858,5,94,1892)
w(53,10859,5,94,1893)
w(96,10860,5,94,1894)
w(10,10861,5,94,1895)
w(62,10862,5,94,1896)
w(39,10863,5,94,1897)
w(81,10864,5,94,1898)
w(58,10865,5,94,1899)
w(47,10866,5,95,1900)
w(85,10867,5,95,1901)
w(23,10868,5,95,1902)
w(3,10869,5,95,1903)
w(86,10870,5,95,1904)
w(17,10871,5,95,1905)
w(98,10872,5,95,1906)
w(42,10873,5,95,1907)
w(62,10874,5,95,1908)
w(11,10875,5,95,1909)
w(38,10876,5,95,1910)
w(95,10877,5,95,1911)
w(2,10878,5,95,1912)
w(53,10879,5,95,1913)
w(63,10880,5,95,1914)
w(14,10881,5,95,1915)
w(1,10882,5,95,1916)
w(61,10883,5,95,1917)
w(3,10884,5,95,1918)
w(27,10885,5,95,1919)
w(78,10886,5,96,1920)
w(45,10887,5,96,1921)
w(14,10888,5,96,1922)
w(23,10889,5,96,1923)
w(2,10890,5,96,1924)
w(37,10891,5,96,1925)
w(58,10892,5,96,1926)
w(9,10893,5,96,1927)
w(35,10894,5,96,1928)
w(26,10895,5,96,1929)
w(19,10896,5,96,1930)
w(12,10897,5,96,1931)
w(5,10898,5,96,1932)
w(87,10899,5,96,1933)
w(34,10900,5,96,1934)
w(80,10901,5,96,1935)
w(18,10902,5,96,1936)
w(30,10903,5,96,1937)
w(20,10904,5,96,1938)
w(1,10905,5,96,1939)
r(53,22755,5,97,1940)
r(27,10885,5,97,1941)
r(45,8974,5,97,1942)
r(30,10903,5,97,1943)
r(32,8988,5,97,1944)
r(67,34855,5,97,1945)
r(50,34846,5,97,1946)
r(3,24837,5,97,1947)
r(76,7016,5,97,1948)
w(85,10906,5,97,1949)
w(16,10907,5,97,1950)
w(53,10908,5,97,1951)
w(80,10909,5,97,1952)
w(73,10910,5,97,1953)
w(31,10911,5,97,1954)
w(2,10912,5,97,1955)
w(5,10913,5,97,1956)
w(66,10914,5,97,1957)
w(40,10915,5,97,1958)
w(81,10916,5,97,1959)
r(99,2858,5,98,1960)
r(82,9017,5,98,1961)
r(16,54834,5,98,1962)
r(82,9017,5,98,1963)
r(3,54819,5,98,1964)
r(70,2842,5,98,1965)
r(35,4967,5,98,1966)
r(16,54834,5,98,1967)
w(11,10917,5,98,1968)
w(97,10918,5,98,1969)
w(27,10919,5,98,1970)
w(88,10920,5,98,1971)
w(54,10921,5,98,1972)
w(31,10922,5,98,1973)
w(46,10923,5,98,1974)
w(86,10924,5,98,1975)
w(40,10925,5,98,1976)
w(74,10926,5,98,1977)
w(37,10927,5,98,1978)
w(8,10928,5,98,1979)
w(67,10929,5,99,1980)
w(26,10930,5,99,1981)
w(47,10931,5,99,1982)
w(30,10932,5,99,1983)
w(61,10933,5,99,1984)
w(59,10934,5,99,1985)
w(93,10935,5,99,1986)
w(73,10936,5,99,1987)
w(86,10937,5,99,1988)
w(14,10938,5,99,1989)
w(54,10939,5,99,1990)
w(99,10940,5,99,1991)
w(7,10941,5,99,1992)
w(17,10942,5,99,1993)
w(42,10943,5,99,1994)
w(73,10944,5,99,1995)
w(23,10945,5,99,1996)
w(75,10946,5,99,1997)
w(79,10947,5,99,1998)
w(48,10948,5,99,1999)
r(66,10914,5,100,2000)
r(95,4974,5,100,2001)
r(11,5006,5,100,2002)
r(20,2878,5,100,2003)
r(34,26871,5,100,2004)
r(3,34923,5,100,2005)
r(96,26868,5,100,2006)
r(23,54832,5,100,2007)
r(60,24888,5,100,2008)
r(92,34911,5,100,2009)
r(92,34911,5,100,2010)
r(34,26871,5,100,2011)
w(50,10001,5,100,2012)
w(2,10002,5,100,2013)
w(97,10003,5,100,2014)
w(83,10004,5,100,2015)
w(19,10005,5,100,2016)
w(76,10006,5,100,2017)
w(18,10007,5,100,2018)
w(19,10008,5,100,2019)
r(69,5005,5,101,2020)
r(73,20922,5,101,2021)
r(75,2873,5,101,2022)
r(33,24887,5,101,2023)
r(66,10914,5,101,2024)
r(0,22830,5,101,2025)
r(9,5004,5,101,2026)
r(59,24889,5,101,2027)
w(3,10009,5,101,2028)
w(87,10010,5,101,2029)
w(71,10011,5,101,2030)
w(7,10012,5,101,2031)
w(4,10013,5,101,2032)
w(40,10014,5,101,2033)
w(88,10015,5,101,2034)
w(82,10016,5,101,2035)
w(24,10017,5,101,2036)
w(2,10018,5,101,2037)
w(43,10019,5,101,2038)
w(61,10020,5,101,2039)
r(29,36013,5,102,2040)
r(29,36013,5,102,2041)
r(17,54862,5,102,2042)
r(51,48799,5,102,2043)
r(64,22845,5,102,2044)
r(57,22832,5,102,2045)
r(66,10914,5,102,2046)
r(39,48827,5,102,2047)
w(62,10021,5,102,2048)
w(70,10022,5,102,2049)
w(14,10023,5,102,2050)
w(24,10024,5,102,2051)
w(82,10025,5,102,2052)
w(4,10026,5,102,2053)
w(59,10027,5,102,2054)
w(68,10028,5,102,2055)
w(51,10029,5,102,2056)
w(23,10030,5,102,2057)
w(41,10031,5,102,2058)
w(79,10032,5,102,2059)
r(89,20953,5,103,2060)
r(83,34922,5,103,2061)
r(30,48864,5,103,2062)
r(95,4005,5,103,2063)
r(99,4002,5,103,2064)
r(48,10948,5,103,2065)
r(35,36051,5,103,2066)
r(29,36013,5,103,2067)
r(68,36016,5,103,2068)
w(75,10033,5,103,2069)
w(67,10034,5,103,2070)
w(9,10035,5,103,2071)
w(80,10036,5,103,2072)
w(14,10037,5,103,2073)
w(87,10038,5,103,2074)
w(61,10039,5,103,2075)
w(51,10040,5,103,2076)
w(93,10041,5,103,2077)
w(7,10042,5,103,2078)
w(91,10043,5,103,2079)
r(46,24924,5,104,2080)
r(21,2907,5,104,2081)
r(5,48863,5,104,2082)
r(62,4010,5,104,2083)
r(58,48857,5,104,2084)
r(66,54869,5,104,2085)
r(35,36051,5,104,2086)
r(45,2896,5,104,2087)
r(20,26875,5,104,2088)
r(40,2901,5,104,2089)
r(9,2898,5,104,2090)
r(68,36016,5,104,2091)
r(28,48860,5,104,2092)
r(91,54890,5,104,2093)
r(44,20962,5,104,2094)
r(75,26900,5,104,2095)
r(79,10947,5,104,2096)
r(3,48822,5,104,2097)
r(30,48864,5,104,2098)
r(32,48862,5,104,2099)
r(9,2898,5,105,2100)
r(50,54881,5,105,2101)
r(71,2904,5,105,2102)
r(85,2908,5,105,2103)
r(64,2900,5,105,2104)
r(13,48866,5,105,2105)
r(57,24895,5,105,2106)
r(14,48855,5,105,2107)
r(45,2896,5,105,2108)
r(11,26886,5,105,2109)
r(46,24924,5,105,2110)
r(69,5005,5,105,2111)
r(23,24926,5,105,2112)
w(18,10044,5,105,2113)
w(22,10045,5,105,2114)
w(30,10046,5,105,2115)
w(14,10047,5,105,2116)
w(16,10048,5,105,2117)
w(93,10049,5,105,2118)
w(24,10050,5,105,2119)
r(37,20975,5,106,2120)
r(92,24938,5,106,2121)
r(56,48900,5,106,2122)
r(29,4027,5,106,2123)
r(13,20977,5,106,2124)
r(72,24940,5,106,2125)
r(33,2932,5,106,2126)
r(58,22871,5,106,2127)
r(0,2899,5,106,2128)
w(94,10051,5,106,2129)
w(49,10052,5,106,2130)
w(35,10053,5,106,2131)
w(63,10054,5,106,2132)
w(50,10055,5,106,2133)
w(3,10056,5,106,2134)
w(84,10057,5,106,2135)
w(86,10058,5,106,2136)
w(69,10059,5,106,2137)
w(87,10060,5,106,2138)
w(38,10061,5,106,2139)
w(11,10062,5,107,2140)
w(64,10063,5,107,2141)
w(49,10064,5,107,2142)
w(66,10065,5,107,2143)
w(75,10066,5,107,2144)
w(44,10067,5,107,2145)
w(7,10068,5,107,2146)
w(24,10069,5,107,2147)
w(2,10070,5,107,2148)
w(20,10071,5,107,2149)
w(9,10072,5,107,2150)
w(44,10073,5,107,2151)
w(6,10074,5,107,2152)
w(2,10075,5,107,2153)
w(19,10076,5,107,2154)
w(49,10077,5,107,2155)
w(50,10078,5,107,2156)
w(27,10079,5,107,2157)
w(33,10080,5,107,2158)
w(39,10081,5,107,2159)
r(15,4038,5,108,2160)
r(63,4042,5,108,2161)
r(85,2935,5,108,2162)
r(23,4028,5,108,2163)
r(28,48860,5,108,2164)
r(77,2938,5,108,2165)
r(39,36077,5,108,2166)
r(49,44025,5,108,2167)
r(19,44030,5,108,2168)
r(9,2927,5,108,2169)
r(13,20977,5,108,2170)
w(86,10082,5,108,2171)
w(30,10083,5,108,2172)
w(65,10084,5,108,2173)
w(10,10085,5,108,2174)
w(44,10086,5,108,2175)
w(92,10087,5,108,2176)
w(37,10088,5,108,2177)
w(98,10089,5,108,2178)
w(37,10090,5,108,2179)
r(31,48906,5,109,2180)
r(36,34927,5,109,2181)
r(39,36077,5,109,2182)
r(98,24010,5,109,2183)
r(2,4034,5,109,2184)
r(28,48860,5,109,2185)
r(0,34980,5,109,2186)
r(5,34963,5,109,2187)
r(37,48907,5,109,2188)
w(87,10091,5,109,2189)
w(1,10092,5,109,2190)
w(63,10093,5,109,2191)
w(41,10094,5,109,2192)
w(66,10095,5,109,2193)
w(97,10096,5,109,2194)
w(25,10097,5,109,2195)
w(82,10098,5,109,2196)
w(2,10099,5,109,2197)
w(1,10100,5,109,2198)
w(19,10101,5,109,2199)
r(91,4058,5,110,2200)
r(20,48919,5,110,2201)
r(65,4049,5,110,2202)
r(9,48917,5,110,2203)
r(8,48938,5,110,2204)
r(21,24030,5,110,2205)
r(57,44039,5,110,2206)
r(35,48939,5,110,2207)
r(69,22888,5,110,2208)
r(42,48935,5,110,2209)
r(51,36109,5,110,2210)
r(96,44027,5,110,2211)
r(72,48948,5,110,2212)
r(40,38008,5,110,2213)
r(15,22898,5,110,2214)
r(2,26934,5,110,2215)
r(56,48949,5,110,2216)
r(32,4064,5,110,2217)
r(48,10948,5,110,2218)
r(84,54930,5,110,2219)
r(48,10948,5,111,2220)
r(91,4058,5,111,2221)
r(95,34996,5,111,2222)
r(87,22890,5,111,2223)
r(18,48946,5,111,2224)
r(75,24043,5,111,2225)
r(55,36110,5,111,2226)
r(3,44043,5,111,2227)
r(61,44049,5,111,2228)
r(62,24035,5,111,2229)
r(16,36107,5,111,2230)
w(25,10102,5,111,2231)
w(47,10103,5,111,2232)
w(78,10104,5,111,2233)
w(31,10105,5,111,2234)
w(2,10106,5,111,2235)
w(60,10107,5,111,2236)
w(64,10108,5,111,2237)
w(46,10109,5,111,2238)
w(65,10110,5,111,2239)
r(53,22969,5,112,2240)
r(95,48964,5,112,2241)
r(83,22939,5,112,2242)
r(0,38038,5,112,2243)
r(35,54949,5,112,2244)
r(38,4114,5,112,2245)
r(12,4085,5,112,2246)
r(84,4097,5,112,2247)
r(85,35033,5,112,2248)
r(57,22968,5,112,2249)
r(1,22956,5,112,2250)
r(17,54931,5,112,2251)
r(30,38033,5,112,2252)
r(56,22966,5,112,2253)
r(7,35037,5,112,2254)
r(97,24075,5,112,2255)
r(97,24075,5,112,2256)
r(77,48,5,112,2257)
r(28,4111,5,112,2258)
r(19,26953,5,112,2259)
r(67,28026,5,113,2260)
r(59,60,5,113,2261)
r(13,24059,5,113,2262)
r(21,52,5,113,2263)
r(59,60,5,113,2264)
r(40,38008,5,113,2265)
r(97,24075,5,113,2266)
r(3,22961,5,113,2267)
r(79,22959,5,113,2268)
r(26,22958,5,113,2269)
r(2,4117,5,113,2270)
w(25,10111,5,113,2271)
w(30,10112,5,113,2272)
w(49,10113,5,113,2273)
w(21,10114,5,113,2274)
w(87,10115,5,113,2275)
w(21,10116,5,113,2276)
w(35,10117,5,113,2277)
w(90,10118,5,113,2278)
w(26,10119,5,113,2279)
r(22,24095,5,114,2280)
r(19,4138,5,114,2281)
r(35,38084,5,114,2282)
r(52,57,5,114,2283)
r(23,54978,5,114,2284)
r(40,54976,5,114,2285)
r(57,92,5,114,2286)
r(93,28046,5,114,2287)
w(70,10120,5,114,2288)
w(22,10121,5,114,2289)
w(11,10122,5,114,2290)
w(94,10123,5,114,2291)
w(39,10124,5,114,2292)
w(53,10125,5,114,2293)
w(92,10126,5,114,2294)
w(14,10127,5,114,2295)
w(27,10128,5,114,2296)
w(67,10129,5,114,2297)
w(72,10130,5,114,2298)
w(21,10131,5,114,2299)
r(11,28076,5,115,2300)
r(77,27001,5,115,2301)
r(66,35064,5,115,2302)
r(35,24106,5,115,2303)
r(40,4145,5,115,2304)
r(54,100,5,115,2305)
r(40,4145,5,115,2306)
r(12,44114,5,115,2307)
r(73,36160,5,115,2308)
r(93,105,5,115,2309)
r(25,44106,5,115,2310)
r(84,44125,5,115,2311)
r(29,109,5,115,2312)
r(94,54993,5,115,2313)
r(88,24103,5,115,2314)
r(14,28078,5,115,2315)
r(41,44107,5,115,2316)
r(89,4147,5,115,2317)
r(76,44121,5,115,2318)
r(81,54992,5,115,2319)
w(98,10132,5,116,2320)
w(84,10133,5,116,2321)
w(83,10134,5,116,2322)
w(7,10135,5,116,2323)
w(41,10136,5,116,2324)
w(71,10137,5,116,2325)
w(68,10138,5,116,2326)
w(76,10139,5,116,2327)
w(9,10140,5,116,2328)
w(98,10141,5,116,2329)
w(32,10142,5,116,2330)
w(41,10143,5,116,2331)
w(92,10144,5,116,2332)
w(39,10145,5,116,2333)
w(92,10146,5,116,2334)
w(27,10147,5,116,2335)
w(97,10148,5,116,2336)
w(16,10149,5,116,2337)
w(2,10150,5,116,2338)
w(80,10151,5,116,2339)
r(71,24111,5,117,2340)
r(87,23039,5,117,2341)
r(60,44152,5,117,2342)
r(34,36185,5,117,2343)
r(71,24111,5,117,2344)
r(61,23046,5,117,2345)
r(44,36216,5,117,2346)
w(1,10152,5,117,2347)
w(91,10153,5,117,2348)
w(10,10154,5,117,2349)
w(8,10155,5,117,2350)
w(30,10156,5,117,2351)
w(61,10157,5,117,2352)
w(80,10158,5,117,2353)
w(94,10159,5,117,2354)
w(64,10160,5,117,2355)
w(34,10161,5,117,2356)
w(25,10162,5,117,2357)
w(7,10163,5,117,2358)
w(35,10164,5,117,2359)
r(91,36243,5,118,2360)
r(97,24162,5,118,2361)
r(18,4221,5,118,2362)
r(98,24168,5,118,2363)
r(22,4209,5,118,2364)
r(59,44164,5,118,2365)
r(17,182,5,118,2366)
r(96,44162,5,118,2367)
r(29,26045,5,118,2368)
w(91,10165,5,118,2369)
w(0,10166,5,118,2370)
w(84,10167,5,118,2371)
w(33,10168,5,118,2372)
w(75,10169,5,118,2373)
w(75,10170,5,118,2374)
w(53,10171,5,118,2375)
w(67,10172,5,118,2376)
w(51,10173,5,118,2377)
w(85,10174,5,118,2378)
w(33,10175,5,118,2379)
r(16,172,5,119,2380)
r(77,54042,5,119,2381)
r(95,4206,5,119,2382)
r(95,4206,5,119,2383)
r(73,24174,5,119,2384)
r(64,36245,5,119,2385)
r(31,36241,5,119,2386)
r(95,4206,5,119,2387)
r(29,196,5,119,2388)
r(5,16048,5,119,2389)
r(98,24168,5,119,2390)
r(77,54042,5,119,2391)
r(58,54044,5,119,2392)
r(11,193,5,119,2393)
r(59,44164,5,119,2394)
w(57,10176,5,119,2395)
w(14,10177,5,119,2396)
w(25,10178,5,119,2397)
w(99,10179,5,119,2398)
w(27,10180,5,119,2399)
r(42,52027,5,120,2400)
r(38,36258,5,120,2401)
r(10,16056,5,120,2402)
r(52,38221,5,120,2403)
r(40,218,5,120,2404)
r(89,52024,5,120,2405)
r(42,52027,5,120,2406)
r(60,36270,5,120,2407)
r(21,26059,5,120,2408)
r(73,26099,5,120,2409)
r(88,38224,5,120,2410)
r(78,38220,5,120,2411)
r(25,36254,5,120,2412)
w(65,10181,5,120,2413)
w(76,10182,5,120,2414)
w(73,10183,5,120,2415)
w(84,10184,5,120,2416)
w(10,10185,5,120,2417)
w(72,10186,5,120,2418)
w(45,10187,5,120,2419)
r(35,24198,5,121,2420)
r(89,52024,5,121,2421)
r(98,26079,5,121,2422)
r(51,16057,5,121,2423)
r(74,16063,5,121,2424)
r(62,52030,5,121,2425)
r(99,28174,5,121,2426)
w(30,10188,5,121,2427)
w(24,10189,5,121,2428)
w(24,10190,5,121,2429)
w(4,10191,5,121,2430)
w(52,10192,5,121,2431)
w(99,10193,5,121,2432)
w(97,10194,5,121,2433)
w(42,10195,5,121,2434)
w(48,10196,5,121,2435)
w(70,10197,5,121,2436)
w(36,10198,5,121,2437)
w(28,10199,5,121,2438)
w(36,10200,5,121,2439)
r(95,36274,5,122,2440)
r(5,38234,5,122,2441)
r(17,52004,5,122,2442)
r(11,26094,5,122,2443)
r(26,219,5,122,2444)
r(59,4259,5,122,2445)
r(86,36265,5,122,2446)
r(79,239,5,122,2447)
r(12,243,5,122,2448)
w(44,10201,5,122,2449)
w(5,10202,5,122,2450)
w(94,10203,5,122,2451)
w(34,10204,5,122,2452)
w(37,10205,5,122,2453)
w(37,10206,5,122,2454)
w(69,10207,5,122,2455)
w(69,10208,5,122,2456)
w(11,10209,5,122,2457)
w(88,10210,5,122,2458)
w(30,10211,5,122,2459)
r(61,28203,5,123,2460)
r(83,26128,5,123,2461)
r(84,266,5,123,2462)
r(60,26137,5,123,2463)
r(73,16100,5,123,2464)
r(35,24198,5,123,2465)
r(2,24227,5,123,2466)
r(22,52049,5,123,2467)
r(65,38217,5,123,2468)
r(42,38257,5,123,2469)
w(58,10212,5,123,2470)
w(28,10213,5,123,2471)
w(10,10214,5,123,2472)
w(10,10215,5,123,2473)
w(58,10216,5,123,2474)
w(76,10217,5,123,2475)
w(36,10218,5,123,2476)
w(38,10219,5,123,2477)
w(67,10220,5,123,2478)
w(68,10221,5,123,2479)
r(41,26127,5,124,2480)
r(20,265,5,124,2481)
r(85,2207,5,124,2482)
r(12,26131,5,124,2483)
r(39,269,5,124,2484)
r(7,24234,5,124,2485)
r(6,16079,5,124,2486)
r(59,24259,5,124,2487)
r(41,26127,5,124,2488)
r(83,26128,5,124,2489)
r(40,24261,5,124,2490)
w(29,10222,5,124,2491)
w(25,10223,5,124,2492)
w(98,10224,5,124,2493)
w(3,10225,5,124,2494)
w(22,10226,5,124,2495)
w(1,10227,5,124,2496)
w(40,10228,5,124,2497)
w(27,10229,5,124,2498)
w(21,10230,5,124,2499)
r(70,24244,5,125,2500)
r(76,246,5,125,2501)
r(91,52050,5,125,2502)
r(42,16107,5,125,2503)
r(87,24231,5,125,2504)
r(80,24251,5,125,2505)
r(80,24251,5,125,2506)
r(12,26131,5,125,2507)
r(35,24198,5,125,2508)
r(87,24231,5,125,2509)
r(27,24224,5,125,2510)
r(91,52050,5,125,2511)
r(44,44218,5,125,2512)
r(8,24263,5,125,2513)
w(22,10231,5,125,2514)
w(83,10232,5,125,2515)
w(94,10233,5,125,2516)
w(17,10234,5,125,2517)
w(62,10235,5,125,2518)
w(52,10236,5,125,2519)
r(14,20016,5,126,2520)
r(77,50279,5,126,2521)
r(57,299,5,126,2522)
r(73,52057,5,126,2523)
r(79,36305,5,126,2524)
r(16,44226,5,126,2525)
r(1,18013,5,126,2526)
r(66,2242,5,126,2527)
r(17,2238,5,126,2528)
r(16,44226,5,126,2529)
r(71,52061,5,126,2530)
w(39,10237,5,126,2531)
w(32,10238,5,126,2532)
w(27,10239,5,126,2533)
w(2,10240,5,126,2534)
w(90,10241,5,126,2535)
w(37,10242,5,126,2536)
w(4,10243,5,126,2537)
w(26,10244,5,126,2538)
w(59,10245,5,126,2539)
r(92,50289,5,127,2540)
r(81,26113,5,127,2541)
r(90,48243,5,127,2542)
r(17,2238,5,127,2543)
r(8,36355,5,127,2544)
r(10,20014,5,127,2545)
r(86,24254,5,127,2546)
r(72,50290,5,127,2547)
r(70,4322,5,127,2548)
r(34,48235,5,127,2549)
r(9,20020,5,127,2550)
w(95,10246,5,127,2551)
w(38,10247,5,127,2552)
w(6,10248,5,127,2553)
w(97,10249,5,127,2554)
w(68,10250,5,127,2555)
w(53,10251,5,127,2556)
w(35,10252,5,127,2557)
w(95,10253,5,127,2558)
w(90,10254,5,127,2559)
w(96,10255,5,128,2560)
w(66,10256,5,128,2561)
w(45,10257,5,128,2562)
w(20,10258,5,128,2563)
w(7,10259,5,128,2564)
w(74,10260,5,128,2565)
w(98,10261,5,128,2566)
w(78,10262,5,128,2567)
w(65,10263,5,128,2568)
w(26,10264,5,128,2569)
w(0,10265,5,128,2570)
w(18,10266,5,128,2571)
w(81,10267,5,128,2572)
w(9,10268,5,128,2573)
w(3,10269,5,128,2574)
w(18,10270,5,128,2575)
w(15,10271,5,128,2576)
w(62,10272,5,128,2577)
w(90,10273,5,128,2578)
w(38,10274,5,128,2579)
w(64,10275,5,129,2580)
w(49,10276,5,129,2581)
w(21,10277,5,129,2582)
w(36,10278,5,129,2583)
w(85,10279,5,129,2584)
w(33,10280,5,129,2585)
w(47,10281,5,129,2586)
w(96,10282,5,129,2587)
w(63,10283,5,129,2588)
w(86,10284,5,129,2589)
w(88,10285,5,129,2590)
w(10,10286,5,129,2591)
w(41,10287,5,129,2592)
w(32,10288,5,129,2593)
w(73,10289,5,129,2594)
w(20,10290,5,129,2595)
w(58,10291,5,129,2596)
w(29,10292,5,129,2597)
w(11,10293,5,129,2598)
w(80,10294,5,129,2599)
w(30,10295,5,130,2600)
w(71,10296,5,130,2601)
w(82,10297,5,130,2602)
w(68,10298,5,130,2603)
w(40,10299,5,130,2604)
w(2,10300,5,130,2605)
w(4,10301,5,130,2606)
w(43,10302,5,130,2607)
w(72,10303,5,130,2608)
w(70,10304,5,130,2609)
w(15,10305,5,130,2610)
w(33,10306,5,130,2611)
w(72,10307,5,130,2612)
w(82,10308,5,130,2613)
w(32,10309,5,130,2614)
w(76,10310,5,130,2615)
w(69,10311,5,130,2616)
w(37,10312,5,130,2617)
w(54,10313,5,130,2618)
w(58,10314,5,130,2619)
r(48,56011,5,131,2620)
r(90,16212,5,131,2621)
r(66,2012,5,131,2622)
r(39,48349,5,131,2623)
r(5,30086,5,131,2624)
r(10,20126,5,131,2625)
r(34,54217,5,131,2626)
r(72,50475,5,131,2627)
r(0,4071,5,131,2628)
r(67,20147,5,131,2629)
r(70,2032,5,131,2630)
r(46,46113,5,131,2631)
r(91,46040,5,131,2632)
r(99,46037,5,131,2633)
r(92,46114,5,131,2634)
r(68,30036,5,131,2635)
r(72,50475,5,131,2636)
r(82,48344,5,131,2637)
r(10,20126,5,131,2638)
r(81,46046,5,131,2639)
r(9,16218,5,132,2640)
r(37,50480,5,132,2641)
r(10,20126,5,132,2642)
r(46,46113,5,132,2643)
r(61,20146,5,132,2644)
r(72,50475,5,132,2645)
r(92,46114,5,132,2646)
r(18,4057,5,132,2647)
r(4,16219,5,132,2648)
r(41,26189,5,132,2649)
r(29,52141,5,132,2650)
r(31,46108,5,132,2651)
r(83,4067,5,132,2652)
r(21,50476,5,132,2653)
r(81,46046,5,132,2654)
r(49,50427,5,132,2655)
r(67,20147,5,132,2656)
r(21,50476,5,132,2657)
r(3,30082,5,132,2658)
r(64,30072,5,132,2659)
w(62,10001,5,133,2660)
w(81,10002,5,133,2661)
w(51,10003,5,133,2662)
w(56,10004,5,133,2663)
w(32,10005,5,133,2664)
w(72,10006,5,133,2665)
w(2,10007,5,133,2666)
w(47,10008,5,133,2667)
w(81,10009,5,133,2668)
w(60,10010,5,133,2669)
w(98,10011,5,133,2670)
w(61,10012,5,133,2671)
w(55,10013,5,133,2672)
w(34,10014,5,133,2673)
w(14,10015,5,133,2674)
w(18,10016,5,133,2675)
w(13,10017,5,133,2676)
w(39,10018,5,133,2677)
w(49,10019,5,133,2678)
w(87,10020,5,133,2679)
r(27,46152,5,134,2680)
r(42,16213,5,134,2681)
r(57,52190,5,134,2682)
r(34,54240,5,134,2683)
r(49,50524,5,134,2684)
r(22,54244,5,134,2685)
r(61,50523,5,134,2686)
r(29,46151,5,134,2687)
r(94,30156,5,134,2688)
r(3,46127,5,134,2689)
w(36,10021,5,134,2690)
w(98,10022,5,134,2691)
w(57,10023,5,134,2692)
w(15,10024,5,134,2693)
w(38,10025,5,134,2694)
w(85,10026,5,134,2695)
w(47,10027,5,134,2696)
w(12,10028,5,134,2697)
w(65,10029,5,134,2698)
w(14,10030,5,134,2699)
r(71,2132,5,135,2700)
r(89,30184,5,135,2701)
r(79,50540,5,135,2702)
r(33,46175,5,135,2703)
r(11,46162,5,135,2704)
r(53,50564,5,135,2705)
r(58,12050,5,135,2706)
r(81,46159,5,135,2707)
r(47,46174,5,135,2708)
r(82,50554,5,135,2709)
r(80,50571,5,135,2710)
r(30,46105,5,135,2711)
r(61,46186,5,135,2712)
r(68,50567,5,135,2713)
r(89,30184,5,135,2714)
w(28,10031,5,135,2715)
w(39,10032,5,135,2716)
w(41,10033,5,135,2717)
w(32,10034,5,135,2718)
w(61,10035,5,135,2719)
r(94,30173,5,136,2720)
r(98,26254,5,136,2721)
r(20,50560,5,136,2722)
r(94,30173,5,136,2723)
r(19,2106,5,136,2724)
r(51,56057,5,136,2725)
r(68,50567,5,136,2726)
r(69,50550,5,136,2727)
w(62,10036,5,136,2728)
w(98,10037,5,136,2729)
w(16,10038,5,136,2730)
w(39,10039,5,136,2731)
w(86,10040,5,136,2732)
w(60,10041,5,136,2733)
w(17,10042,5,136,2734)
w(0,10043,5,136,2735)
w(0,10044,5,136,2736)
w(66,10045,5,136,2737)
w(95,10046,5,136,2738)
w(71,10047,5,136,2739)
r(17,12020,5,137,2740)
r(17,12020,5,137,2741)
r(33,46175,5,137,2742)
r(56,46185,5,137,2743)
r(19,2106,5,137,2744)
r(48,20152,5,137,2745)
r(28,20204,5,137,2746)
r(97,36447,5,137,2747)
r(12,50539,5,137,2748)
r(80,50571,5,137,2749)
r(4,36444,5,137,2750)
w(8,10048,5,137,2751)
w(90,10049,5,137,2752)
w(30,10050,5,137,2753)
w(68,10051,5,137,2754)
w(91,10052,5,137,2755)
w(91,10053,5,137,2756)
w(30,10054,5,137,2757)
w(46,10055,5,137,2758)
w(50,10056,5,137,2759)
w(70,10057,5,138,2760)
w(54,10058,5,138,2761)
w(11,10059,5,138,2762)
w(46,10060,5,138,2763)
w(61,10061,5,138,2764)
w(0,10062,5,138,2765)
w(92,10063,5,138,2766)
w(74,10064,5,138,2767)
w(7,10065,5,138,2768)
w(46,10066,5,138,2769)
w(71,10067,5,138,2770)
w(45,10068,5,138,2771)
w(97,10069,5,138,2772)
w(64,10070,5,138,2773)
w(17,10071,5,138,2774)
w(10,10072,5,138,2775)
w(22,10073,5,138,2776)
w(3,10074,5,138,2777)
w(29,10075,5,138,2778)
w(81,10076,5,138,2779)
r(17,4030,5,139,2780)
r(32,30214,5,139,2781)
r(28,2165,5,139,2782)
r(52,50565,5,139,2783)
r(57,48067,5,139,2784)
r(93,50592,5,139,2785)
r(7,46240,5,139,2786)
r(3,50591,5,139,2787)
r(41,2169,5,139,2788)
w(25,10077,5,139,2789)
w(51,10078,5,139,2790)
w(63,10079,5,139,2791)
w(93,10080,5,139,2792)
w(40,10081,5,139,2793)
w(38,10082,5,139,2794)
w(98,10083,5,139,2795)
w(86,10084,5,139,2796)
w(99,10085,5,139,2797)
w(45,10086,5,139,2798)
w(85,10087,5,139,2799)
r(85,30239,5,140,2800)
r(66,50589,5,140,2801)
r(91,46239,5,140,2802)
r(46,18172,5,140,2803)
r(53,30246,5,140,2804)
r(82,452,5,140,2805)
r(84,54287,5,140,2806)
r(91,46239,5,140,2807)
r(23,36477,5,140,2808)
r(58,2181,5,140,2809)
r(0,30226,5,140,2810)
r(12,2167,5,140,2811)
r(34,4037,5,140,2812)
r(93,50592,5,140,2813)
w(23,10088,5,140,2814)
w(43,10089,5,140,2815)
w(68,10090,5,140,2816)
w(89,10091,5,140,2817)
w(27,10092,5,140,2818)
w(66,10093,5,140,2819)
r(39,4070,5,141,2820)
r(69,36489,5,141,2821)
r(33,2199,5,141,2822)
r(31,50641,5,141,2823)
r(16,46267,5,141,2824)
r(83,44410,5,141,2825)
r(61,46262,5,141,2826)
r(84,30259,5,141,2827)
r(10,2205,5,141,2828)
r(1,8020,5,141,2829)
r(45,12069,5,141,2830)
r(80,28416,5,141,2831)
r(33,2199,5,141,2832)
r(49,30275,5,141,2833)
r(64,50661,5,141,2834)
r(59,50636,5,141,2835)
r(49,30275,5,141,2836)
r(70,50663,5,141,2837)
r(43,30285,5,141,2838)
r(1,8020,5,141,2839)
r(87,50664,5,142,2840)
r(69,36489,5,142,2841)
r(51,30286,5,142,2842)
r(37,50573,5,142,2843)
r(77,30238,5,142,2844)
r(43,30285,5,142,2845)
r(51,30286,5,142,2846)
r(86,50644,5,142,2847)
r(27,30269,5,142,2848)
r(99,44392,5,142,2849)
r(36,50648,5,142,2850)
r(27,30269,5,142,2851)
r(81,46269,5,142,2852)
r(26,50614,5,142,2853)
r(15,54295,5,142,2854)
r(9,46257,5,142,2855)
r(42,46260,5,142,2856)
r(14,56119,5,142,2857)
r(20,4025,5,142,2858)
r(65,12083,5,142,2859)
w(92,10094,5,143,2860)
w(31,10095,5,143,2861)
w(82,10096,5,143,2862)
w(16,10097,5,143,2863)
w(10,10098,5,143,2864)
w(19,10099,5,143,2865)
w(58,10100,5,143,2866)
w(26,10101,5,143,2867)
w(15,10102,5,143,2868)
w(11,10103,5,143,2869)
w(64,10104,5,143,2870)
w(24,10105,5,143,2871)
w(79,10106,5,143,2872)
w(15,10107,5,143,2873)
w(14,10108,5,143,2874)
w(13,10109,5,143,2875)
w(99,10110,5,143,2876)
w(61,10111,5,143,2877)
w(22,10112,5,143,2878)
w(5,10113,5,143,2879)
w(94,10114,5,144,2880)
w(67,10115,5,144,2881)
w(68,10116,5,144,2882)
w(52,10117,5,144,2883)
w(85,10118,5,144,2884)
w(45,10119,5,144,2885)
w(56,10120,5,144,2886)
w(74,10121,5,144,2887)
w(96,10122,5,144,2888)
w(98,10123,5,144,2889)
w(30,10124,5,144,2890)
w(27,10125,5,144,2891)
w(34,10126,5,144,2892)
w(14,10127,5,144,2893)
w(94,10128,5,144,2894)
w(92,10129,5,144,2895)
w(81,10130,5,144,2896)
w(90,10131,5,144,2897)
w(22,10132,5,144,2898)
w(64,10133,5,144,2899)
r(50,50670,5,145,2900)
r(85,46340,5,145,2901)
r(31,50703,5,145,2902)
r(71,50732,5,145,2903)
r(60,46332,5,145,2904)
r(24,46341,5,145,2905)
r(81,2008,5,145,2906)
w(52,10134,5,145,2907)
w(42,10135,5,145,2908)
w(48,10136,5,145,2909)
w(40,10137,5,145,2910)
w(70,10138,5,145,2911)
w(58,10139,5,145,2912)
w(48,10140,5,145,2913)
w(39,10141,5,145,2914)
w(55,10142,5,145,2915)
w(56,10143,5,145,2916)
w(70,10144,5,145,2917)
w(64,10145,5,145,2918)
w(84,10146,5,145,2919)
r(39,2237,5,146,2920)
r(89,58166,5,146,2921)
r(7,2011,5,146,2922)
r(73,46285,5,146,2923)
r(45,12069,5,146,2924)
r(10,46328,5,146,2925)
r(41,46343,5,146,2926)
r(19,30363,5,146,2927)
r(10,46328,5,146,2928)
r(20,4008,5,146,2929)
r(56,2219,5,146,2930)
r(47,50669,5,146,2931)
r(8,2236,5,146,2932)
r(91,50705,5,146,2933)
r(72,30359,5,146,2934)
r(12,48118,5,146,2935)
r(51,50700,5,146,2936)
r(95,46326,5,146,2937)
r(85,46340,5,146,2938)
r(96,30364,5,146,2939)
r(13,2012,5,147,2940)
r(30,30344,5,147,2941)
r(29,46318,5,147,2942)
r(10,46328,5,147,2943)
r(54,46324,5,147,2944)
r(94,2235,5,147,2945)
r(47,50669,5,147,2946)
r(47,50669,5,147,2947)
r(68,26333,5,147,2948)
r(11,2196,5,147,2949)
r(8,2236,5,147,2950)
w(34,10147,5,147,2951)
w(23,10148,5,147,2952)
w(61,10149,5,147,2953)
w(38,10150,5,147,2954)
w(47,10151,5,147,2955)
w(95,10152,5,147,2956)
w(44,10153,5,147,2957)
w(72,10154,5,147,2958)
w(61,10155,5,147,2959)
w(1,10156,5,148,2960)
w(66,10157,5,148,2961)
w(58,10158,5,148,2962)
w(17,10159,5,148,2963)
w(7,10160,5,148,2964)
w(24,10161,5,148,2965)
w(73,10162,5,148,2966)
w(91,10163,5,148,2967)
w(88,10164,5,148,2968)
w(6,10165,5,148,2969)
w(60,10166,5,148,2970)
w(88,10167,5,148,2971)
w(14,10168,5,148,2972)
w(18,10169,5,148,2973)
w(88,10170,5,148,2974)
w(86,10171,5,148,2975)
w(74,10172,5,148,2976)
w(49,10173,5,148,2977)
w(59,10174,5,148,2978)
w(85,10175,5,148,2979)
r(99,30395,5,149,2980)
r(45,12069,5,149,2981)
r(34,58165,5,149,2982)
r(18,50781,5,149,2983)
r(12,52290,5,149,2984)
r(81,26016,5,149,2985)
r(45,12069,5,149,2986)
r(99,30395,5,149,2987)
r(58,44436,5,149,2988)
r(55,30341,5,149,2989)
r(45,12069,5,149,2990)
r(29,46318,5,149,2991)
r(38,50685,5,149,2992)
r(43,52297,5,149,2993)
r(93,46339,5,149,2994)
r(65,26013,5,149,2995)
r(47,26008,5,149,2996)
r(57,30388,5,149,2997)
r(32,44439,5,149,2998)
r(17,30387,5,149,2999)
r(10,46328,5,150,3000)
r(33,52294,5,150,3001)
r(73,30396,5,150,3002)
r(67,52295,5,150,3003)
r(91,26012,5,150,3004)
r(96,30364,5,150,3005)
r(73,30396,5,150,3006)
r(98,12115,5,150,3007)
r(20,30371,5,150,3008)
r(97,46334,5,150,3009)
r(70,8025,5,150,3010)
r(19,44440,5,150,3011)
r(36,30360,5,150,3012)
r(70,8025,5,150,3013)
r(29,46318,5,150,3014)
r(3,50761,5,150,3015)
r(70,8025,5,150,3016)
r(53,30386,5,150,3017)
r(68,26010,5,150,3018)
r(25,30385,5,150,3019)
r(21,30361,5,151,3020)
r(88,46335,5,151,3021)
r(57,30388,5,151,3022)
r(72,30370,5,151,3023)
r(56,2219,5,151,3024)
r(7,26014,5,151,3025)
r(63,30351,5,151,3026)
r(53,30386,5,151,3027)
r(92,30355,5,151,3028)
r(69,52292,5,151,3029)
r(44,26334,5,151,3030)
r(26,20011,5,151,3031)
r(35,30367,5,151,3032)
r(99,30395,5,151,3033)
r(7,26014,5,151,3034)
r(5,50780,5,151,3035)
r(71,50732,5,151,3036)
r(17,30387,5,151,3037)
r(18,50781,5,151,3038)
r(47,26008,5,151,3039)
w(47,10176,5,152,3040)
w(62,10177,5,152,3041)
w(9,10178,5,152,3042)
w(41,10179,5,152,3043)
w(65,10180,5,152,3044)
w(63,10181,5,152,3045)
w(99,10182,5,152,3046)
w(0,10183,5,152,3047)
w(83,10184,5,152,3048)
w(14,10185,5,152,3049)
w(15,10186,5,152,3050)
w(25,10187,5,152,3051)
w(46,10188,5,152,3052)
w(52,10189,5,152,3053)
w(70,10190,5,152,3054)
w(12,10191,5,152,3055)
w(41,10192,5,152,3056)
w(61,10193,5,152,3057)
w(66,10194,5,152,3058)
w(58,10195,5,152,3059)
r(13,2032,5,153,3060)
r(97,50788,5,153,3061)
r(94,16381,5,153,3062)
r(91,36553,5,153,3063)
r(8,6008,5,153,3064)
r(96,6014,5,153,3065)
r(19,30402,5,153,3066)
w(59,10196,5,153,3067)
w(73,10197,5,153,3068)
w(92,10198,5,153,3069)
w(21,10199,5,153,3070)
w(65,10200,5,153,3071)
w(1,10201,5,153,3072)
w(72,10202,5,153,3073)
w(20,10203,5,153,3074)
w(64,10204,5,153,3075)
w(21,10205,5,153,3076)
w(29,10206,5,153,3077)
w(95,10207,5,153,3078)
w(46,10208,5,153,3079)
r(98,46427,5,154,3080)
r(81,26075,5,154,3081)
r(65,26013,5,154,3082)
r(32,30438,5,154,3083)
r(7,6034,5,154,3084)
r(49,24029,5,154,3085)
r(15,24022,5,154,3086)
r(28,24016,5,154,3087)
r(74,6037,5,154,3088)
r(82,24027,5,154,3089)
r(26,6011,5,154,3090)
r(10,30435,5,154,3091)
r(78,26068,5,154,3092)
w(64,10209,5,154,3093)
w(75,10210,5,154,3094)
w(2,10211,5,154,3095)
w(50,10212,5,154,3096)
w(50,10213,5,154,3097)
w(68,10214,5,154,3098)
w(72,10215,5,154,3099)
r(89,30394,5,155,3100)
r(74,6037,5,155,3101)
r(49,24029,5,155,3102)
r(85,6048,5,155,3103)
r(71,30430,5,155,3104)
r(91,36553,5,155,3105)
r(31,6046,5,155,3106)
r(7,6034,5,155,3107)
w(27,10216,5,155,3108)
w(96,10217,5,155,3109)
w(34,10218,5,155,3110)
w(63,10219,5,155,3111)
w(48,10220,5,155,3112)
w(36,10221,5,155,3113)
w(30,10222,5,155,3114)
w(92,10223,5,155,3115)
w(53,10224,5,155,3116)
w(14,10225,5,155,3117)
w(25,10226,5,155,3118)
w(69,10227,5,155,3119)
r(34,20158,5,156,3120)
r(80,6024,5,156,3121)
r(6,20163,5,156,3122)
r(22,6012,5,156,3123)
r(81,46440,5,156,3124)
r(83,6065,5,156,3125)
r(2,50061,5,156,3126)
r(11,20148,5,156,3127)
r(93,30451,5,156,3128)
r(35,30455,5,156,3129)
r(47,50068,5,156,3130)
r(83,6065,5,156,3131)
r(57,46455,5,156,3132)
r(46,30456,5,156,3133)
r(40,6033,5,156,3134)
r(67,12158,5,156,3135)
r(20,50058,5,156,3136)
r(96,46470,5,156,3137)
r(58,30445,5,156,3138)
r(51,50064,5,156,3139)
r(47,50068,5,157,3140)
r(18,26117,5,157,3141)
r(53,50028,5,157,3142)
r(6,20163,5,157,3143)
r(21,20167,5,157,3144)
r(18,26117,5,157,3145)
r(84,46475,5,157,3146)
r(19,24043,5,157,3147)
r(5,50072,5,157,3148)
r(84,46475,5,157,3149)
r(7,6067,5,157,3150)
r(75,6071,5,157,3151)
w(31,10228,5,157,3152)
w(22,10229,5,157,3153)
w(16,10230,5,157,3154)
w(71,10231,5,157,3155)
w(50,10232,5,157,3156)
w(46,10233,5,157,3157)
w(48,10234,5,157,3158)
w(43,10235,5,157,3159)
r(82,30480,5,158,3160)
r(18,30485,5,158,3161)
r(16,44521,5,158,3162)
r(66,28552,5,158,3163)
r(9,50049,5,158,3164)
r(74,30483,5,158,3165)
w(71,10236,5,158,3166)
w(36,10237,5,158,3167)
w(80,10238,5,158,3168)
w(11,10239,5,158,3169)
w(23,10240,5,158,3170)
w(37,10241,5,158,3171)
w(57,10242,5,158,3172)
w(36,10243,5,158,3173)
w(1,10244,5,158,3174)
w(22,10245,5,158,3175)
w(13,10246,5,158,3176)
w(64,10247,5,158,3177)
w(79,10248,5,158,3178)
w(69,10249,5,158,3179)
r(19,6107,5,159,3180)
r(74,30483,5,159,3181)
r(13,30489,5,159,3182)
r(32,50138,5,159,3183)
r(53,24107,5,159,3184)
r(5,20184,5,159,3185)
r(67,26179,5,159,3186)
r(38,28566,5,159,3187)
r(67,26179,5,159,3188)
w(84,10001,5,159,3189)
w(95,10002,5,159,3190)
w(29,10003,5,159,3191)
w(16,10004,5,159,3192)
w(56,10005,5,159,3193)
w(42,10006,5,159,3194)
w(99,10007,5,159,3195)
w(45,10008,5,159,3196)
w(73,10009,5,159,3197)
w(28,10010,5,159,3198)
w(36,10011,5,159,3199)
w(29,10012,5,160,3200)
w(95,10013,5,160,3201)
w(38,10014,5,160,3202)
w(9,10015,5,160,3203)
w(49,10016,5,160,3204)
w(85,10017,5,160,3205)
w(21,10018,5,160,3206)
w(99,10019,5,160,3207)
w(73,10020,5,160,3208)
w(58,10021,5,160,3209)
w(46,10022,5,160,3210)
w(35,10023,5,160,3211)
w(16,10024,5,160,3212)
w(39,10025,5,160,3213)
w(75,10026,5,160,3214)
w(84,10027,5,160,3215)
w(22,10028,5,160,3216)
w(81,10029,5,160,3217)
w(15,10030,5,160,3218)
w(74,10031,5,160,3219)
r(16,30570,5,161,3220)
r(47,30535,5,161,3221)
r(46,12222,5,161,3222)
r(80,58336,5,161,3223)
r(91,46551,5,161,3224)
r(51,2043,5,161,3225)
r(82,50185,5,161,3226)
r(46,12222,5,161,3227)
r(18,46591,5,161,3228)
r(25,52431,5,161,3229)
r(16,30570,5,161,3230)
r(25,52431,5,161,3231)
r(54,20252,5,161,3232)
r(76,56323,5,161,3233)
r(53,24107,5,161,3234)
r(28,2056,5,161,3235)
r(37,6165,5,161,3236)
r(23,6124,5,161,3237)
r(89,6193,5,161,3238)
r(36,38675,5,161,3239)
w(54,10032,5,162,3240)
w(89,10033,5,162,3241)
w(87,10034,5,162,3242)
w(30,10035,5,162,3243)
w(84,10036,5,162,3244)
w(28,10037,5,162,3245)
w(65,10038,5,162,3246)
w(52,10039,5,162,3247)
w(23,10040,5,162,3248)
w(38,10041,5,162,3249)
w(82,10042,5,162,3250)
w(11,10043,5,162,3251)
w(54,10044,5,162,3252)
w(6,10045,5,162,3253)
w(52,10046,5,162,3254)
w(56,10047,5,162,3255)
w(67,10048,5,162,3256)
w(69,10049,5,162,3257)
w(72,10050,5,162,3258)
w(63,10051,5,162,3259)
r(30,30626,5,163,3260)
r(82,30624,5,163,3261)
r(98,50206,5,163,3262)
r(61,46646,5,163,3263)
r(47,50225,5,163,3264)
r(85,6200,5,163,3265)
r(75,46629,5,163,3266)
r(25,30615,5,163,3267)
r(47,50225,5,163,3268)
w(8,10052,5,163,3269)
w(2,10053,5,163,3270)
w(11,10054,5,163,3271)
w(8,10055,5,163,3272)
w(72,10056,5,163,3273)
w(6,10057,5,163,3274)
w(36,10058,5,163,3275)
w(0,10059,5,163,3276)
w(79,10060,5,163,3277)
w(77,10061,5,163,3278)
w(38,10062,5,163,3279)
r(49,6247,5,164,3280)
r(55,56328,5,164,3281)
r(5,30622,5,164,3282)
r(14,6249,5,164,3283)
r(15,46670,5,164,3284)
r(6,6227,5,164,3285)
r(73,6235,5,164,3286)
r(21,46649,5,164,3287)
r(76,6238,5,164,3288)
r(64,6214,5,164,3289)
r(33,16521,5,164,3290)
r(7,6196,5,164,3291)
r(35,46659,5,164,3292)
r(85,6237,5,164,3293)
r(15,46670,5,164,3294)
r(17,46633,5,164,3295)
r(8,46651,5,164,3296)
r(60,30621,5,164,3297)
r(93,46648,5,164,3298)
r(15,46670,5,164,3299)
r(66,6241,5,165,3300)
r(21,46649,5,165,3301)
r(26,46673,5,165,3302)
r(84,46666,5,165,3303)
r(19,18420,5,165,3304)
r(71,6244,5,165,3305)
r(47,50225,5,165,3306)
r(14,6249,5,165,3307)
r(28,6245,5,165,3308)
r(6,6227,5,165,3309)
r(79,10060,5,165,3310)
w(23,10063,5,165,3311)
w(9,10064,5,165,3312)
w(27,10065,5,165,3313)
w(76,10066,5,165,3314)
w(18,10067,5,165,3315)
w(29,10068,5,165,3316)
w(18,10069,5,165,3317)
w(54,10070,5,165,3318)
w(98,10071,5,165,3319)
r(7,6196,5,166,3320)
r(14,6249,5,166,3321)
r(44,46643,5,166,3322)
r(70,46669,5,166,3323)
r(24,30656,5,166,3324)
r(97,36732,5,166,3325)
r(67,18431,5,166,3326)
r(2,46672,5,166,3327)
w(48,10072,5,166,3328)
w(60,10073,5,166,3329)
w(87,10074,5,166,3330)
w(89,10075,5,166,3331)
w(31,10076,5,166,3332)
w(15,10077,5,166,3333)
w(28,10078,5,166,3334)
w(25,10079,5,166,3335)
w(17,10080,5,166,3336)
w(24,10081,5,166,3337)
w(30,10082,5,166,3338)
w(83,10083,5,166,3339)
w(64,10084,5,167,3340)
w(85,10085,5,167,3341)
w(90,10086,5,167,3342)
w(71,10087,5,167,3343)
w(73,10088,5,167,3344)
w(59,10089,5,167,3345)
w(36,10090,5,167,3346)
w(39,10091,5,167,3347)
w(13,10092,5,167,3348)
w(70,10093,5,167,3349)
w(19,10094,5,167,3350)
w(48,10095,5,167,3351)
w(41,10096,5,167,3352)
w(56,10097,5,167,3353)
w(71,10098,5,167,3354)
w(48,10099,5,167,3355)
w(90,10100,5,167,3356)
w(11,10101,5,167,3357)
w(31,10102,5,167,3358)
w(13,10103,5,167,3359)
r(76,30716,5,168,3360)
r(36,12280,5,168,3361)
r(67,50332,5,168,3362)
r(17,30721,5,168,3363)
r(97,30702,5,168,3364)
r(65,46748,5,168,3365)
r(93,46648,5,168,3366)
r(49,46747,5,168,3367)
r(19,18420,5,168,3368)
r(39,46754,5,168,3369)
r(51,38032,5,168,3370)
r(21,30725,5,168,3371)
w(34,10104,5,168,3372)
w(39,10105,5,168,3373)
w(11,10106,5,168,3374)
w(64,10107,5,168,3375)
w(97,10108,5,168,3376)
w(83,10109,5,168,3377)
w(73,10110,5,168,3378)
w(43,10111,5,168,3379)
r(57,46767,5,169,3380)
r(97,36790,5,169,3381)
r(60,18476,5,169,3382)
r(73,50398,5,169,3383)
r(76,30716,5,169,3384)
r(36,46774,5,169,3385)
r(9,46766,5,169,3386)
r(55,30714,5,169,3387)
r(66,50366,5,169,3388)
w(20,10112,5,169,3389)
w(25,10113,5,169,3390)
w(84,10114,5,169,3391)
w(1,10115,5,169,3392)
w(17,10116,5,169,3393)
w(49,10117,5,169,3394)
w(88,10118,5,169,3395)
w(58,10119,5,169,3396)
w(31,10120,5,169,3397)
w(78,10121,5,169,3398)
w(52,10122,5,169,3399)
r(62,52475,5,170,3400)
r(33,52494,5,170,3401)
r(79,30717,5,170,3402)
r(73,50398,5,170,3403)
r(36,46774,5,170,3404)
r(13,46776,5,170,3405)
r(38,30722,5,170,3406)
r(96,6016,5,170,3407)
r(38,30722,5,170,3408)
w(39,10123,5,170,3409)
w(44,10124,5,170,3410)
w(48,10125,5,170,3411)
w(44,10126,5,170,3412)
w(29,10127,5,170,3413)
w(78,10128,5,170,3414)
w(29,10129,5,170,3415)
w(81,10130,5,170,3416)
w(75,10131,5,170,3417)
w(41,10132,5,170,3418)
w(45,10133,5,170,3419)
r(7,50420,5,171,3420)
r(57,711,5,171,3421)
r(27,8252,5,171,3422)
r(69,8250,5,171,3423)
r(30,6053,5,171,3424)
r(39,46754,5,171,3425)
r(75,10131,5,171,3426)
r(54,46762,5,171,3427)
w(12,10134,5,171,3428)
w(84,10135,5,171,3429)
w(89,10136,5,171,3430)
w(70,10137,5,171,3431)
w(85,10138,5,171,3432)
w(43,10139,5,171,3433)
w(69,10140,5,171,3434)
w(0,10141,5,171,3435)
w(71,10142,5,171,3436)
w(40,10143,5,171,3437)
w(39,10144,5,171,3438)
w(63,10145,5,171,3439)
w(5,10146,5,172,3440)
w(53,10147,5,172,3441)
w(58,10148,5,172,3442)
w(28,10149,5,172,3443)
w(67,10150,5,172,3444)
w(38,10151,5,172,3445)
w(48,10152,5,172,3446)
w(22,10153,5,172,3447)
w(24,10154,5,172,3448)
w(40,10155,5,172,3449)
w(49,10156,5,172,3450)
w(43,10157,5,172,3451)
w(6,10158,5,172,3452)
w(75,10159,5,172,3453)
w(74,10160,5,172,3454)
w(18,10161,5,172,3455)
w(96,10162,5,172,3456)
w(82,10163,5,172,3457)
w(62,10164,5,172,3458)
w(38,10165,5,172,3459)
r(68,22204,5,173,3460)
r(11,38089,5,173,3461)
r(52,22205,5,173,3462)
r(81,10130,5,173,3463)
r(51,8264,5,173,3464)
r(90,8283,5,173,3465)
r(41,751,5,173,3466)
r(1,16635,5,173,3467)
r(21,22207,5,173,3468)
r(7,12332,5,173,3469)
r(59,22208,5,173,3470)
w(7,10166,5,173,3471)
w(54,10167,5,173,3472)
w(35,10168,5,173,3473)
w(33,10169,5,173,3474)
w(15,10170,5,173,3475)
w(11,10171,5,173,3476)
w(85,10172,5,173,3477)
w(6,10173,5,173,3478)
w(5,10174,5,173,3479)
r(9,44723,5,174,3480)
r(33,36006,5,174,3481)
r(26,44721,5,174,3482)
r(84,10135,5,174,3483)
r(40,10155,5,174,3484)
r(40,10155,5,174,3485)
r(85,38103,5,174,3486)
r(32,36827,5,174,3487)
r(44,18493,5,174,3488)
r(32,36827,5,174,3489)
r(43,44719,5,174,3490)
r(25,8278,5,174,3491)
r(49,10156,5,174,3492)
r(19,38093,5,174,3493)
w(43,10175,5,174,3494)
w(65,10176,5,174,3495)
w(28,10177,5,174,3496)
w(6,10178,5,174,3497)
w(90,10179,5,174,3498)
w(22,10180,5,174,3499)
w(74,10181,5,175,3500)
w(36,10182,5,175,3501)
w(77,10183,5,175,3502)
w(29,10184,5,175,3503)
w(6,10185,5,175,3504)
w(97,10186,5,175,3505)
w(55,10187,5,175,3506)
w(49,10188,5,175,3507)
w(26,10189,5,175,3508)
w(3,10190,5,175,3509)
w(67,10191,5,175,3510)
w(76,10192,5,175,3511)
w(3,10193,5,175,3512)
w(91,10194,5,175,3513)
w(65,10195,5,175,3514)
w(53,10196,5,175,3515)
w(51,10197,5,175,3516)
w(6,10198,5,175,3517)
w(96,10199,5,175,3518)
w(57,10200,5,175,3519)
r(96,10199,5,176,3520)
r(74,8042,5,176,3521)
r(80,38126,5,176,3522)
r(10,58517,5,176,3523)
r(1,8046,5,176,3524)
r(4,30195,5,176,3525)
r(27,8054,5,176,3526)
r(66,8062,5,176,3527)
r(1,8046,5,176,3528)
w(38,10201,5,176,3529)
w(10,10202,5,176,3530)
w(81,10203,5,176,3531)
w(68,10204,5,176,3532)
w(96,10205,5,176,3533)
w(87,10206,5,176,3534)
w(94,10207,5,176,3535)
w(6,10208,5,176,3536)
w(11,10209,5,176,3537)
w(51,10210,5,176,3538)
w(32,10211,5,176,3539)
w(22,10212,5,177,3540)
w(73,10213,5,177,3541)
w(78,10214,5,177,3542)
w(35,10215,5,177,3543)
w(93,10216,5,177,3544)
w(44,10217,5,177,3545)
w(15,10218,5,177,3546)
w(32,10219,5,177,3547)
w(91,10220,5,177,3548)
w(58,10221,5,177,3549)
w(10,10222,5,177,3550)
w(23,10223,5,177,3551)
w(90,10224,5,177,3552)
w(57,10225,5,177,3553)
w(98,10226,5,177,3554)
w(88,10227,5,177,3555)
w(4,10228,5,177,3556)
w(64,10229,5,177,3557)
w(60,10230,5,177,3558)
w(71,10231,5,177,3559)
r(36,8090,5,178,3560)
r(8,43,5,178,3561)
r(22,56523,5,178,3562)
r(77,33,5,178,3563)
r(52,8136,5,178,3564)
r(24,53,5,178,3565)
r(46,20014,5,178,3566)
r(8,43,5,178,3567)
r(66,37,5,178,3568)
r(15,8068,5,178,3569)
r(16,57,5,178,3570)
r(81,8142,5,178,3571)
r(34,42,5,178,3572)
r(28,28789,5,178,3573)
r(84,8126,5,178,3574)
r(71,51,5,178,3575)
r(3,30190,5,178,3576)
r(70,56474,5,178,3577)
r(59,28792,5,178,3578)
r(91,36058,5,178,3579)
w(32,10001,5,179,3580)
w(63,10002,5,179,3581)
w(36,10003,5,179,3582)
w(11,10004,5,179,3583)
w(35,10005,5,179,3584)
w(34,10006,5,179,3585)
w(49,10007,5,179,3586)
w(25,10008,5,179,3587)
w(83,10009,5,179,3588)
w(45,10010,5,179,3589)
w(85,10011,5,179,3590)
w(76,10012,5,179,3591)
w(3,10013,5,179,3592)
w(79,10014,5,179,3593)
w(14,10015,5,179,3594)
w(60,10016,5,179,3595)
w(39,10017,5,179,3596)
w(6,10018,5,179,3597)
w(84,10019,5,179,3598)
w(84,10020,5,179,3599)
w(90,10021,5,180,3600)
w(20,10022,5,180,3601)
w(56,10023,5,180,3602)
w(88,10024,5,180,3603)
w(60,10025,5,180,3604)
w(80,10026,5,180,3605)
w(78,10027,5,180,3606)
w(98,10028,5,180,3607)
w(93,10029,5,180,3608)
w(21,10030,5,180,3609)
w(64,10031,5,180,3610)
w(56,10032,5,180,3611)
w(47,10033,5,180,3612)
w(67,10034,5,180,3613)
w(93,10035,5,180,3614)
w(40,10036,5,180,3615)
w(83,10037,5,180,3616)
w(90,10038,5,180,3617)
w(58,10039,5,180,3618)
w(24,10040,5,180,3619)
r(79,20058,5,181,3620)
r(12,58585,5,181,3621)
r(1,22311,5,181,3622)
r(63,30033,5,181,3623)
r(99,12424,5,181,3624)
r(93,20049,5,181,3625)
r(10,265,5,181,3626)
r(1,22311,5,181,3627)
r(39,8023,5,181,3628)
r(38,56553,5,181,3629)
w(7,10041,5,181,3630)
w(56,10042,5,181,3631)
w(77,10043,5,181,3632)
w(0,10044,5,181,3633)
w(16,10045,5,181,3634)
w(32,10046,5,181,3635)
w(29,10047,5,181,3636)
w(49,10048,5,181,3637)
w(96,10049,5,181,3638)
w(22,10050,5,181,3639)
r(64,22335,5,182,3640)
r(54,28853,5,182,3641)
r(54,28853,5,182,3642)
r(4,316,5,182,3643)
r(33,12421,5,182,3644)
r(7,20063,5,182,3645)
r(32,18618,5,182,3646)
w(89,10051,5,182,3647)
w(60,10052,5,182,3648)
w(4,10053,5,182,3649)
w(57,10054,5,182,3650)
w(1,10055,5,182,3651)
w(69,10056,5,182,3652)
w(2,10057,5,182,3653)
w(14,10058,5,182,3654)
w(40,10059,5,182,3655)
w(89,10060,5,182,3656)
w(9,10061,5,182,3657)
w(1,10062,5,182,3658)
w(59,10063,5,182,3659)
r(65,289,5,183,3660)
r(10,322,5,183,3661)
r(46,288,5,183,3662)
r(32,52691,5,183,3663)
r(98,20065,5,183,3664)
r(23,18615,5,183,3665)
r(39,8023,5,183,3666)
r(43,280,5,183,3667)
r(51,50018,5,183,3668)
r(30,255,5,183,3669)
r(17,244,5,183,3670)
w(40,10064,5,183,3671)
w(25,10065,5,183,3672)
w(66,10066,5,183,3673)
w(72,10067,5,183,3674)
w(4,10068,5,183,3675)
w(48,10069,5,183,3676)
w(52,10070,5,183,3677)
w(25,10071,5,183,3678)
w(61,10072,5,183,3679)
r(80,22049,5,184,3680)
r(5,268,5,184,3681)
r(1,22311,5,184,3682)
r(8,321,5,184,3683)
r(87,266,5,184,3684)
w(4,10073,5,184,3685)
w(50,10074,5,184,3686)
w(71,10075,5,184,3687)
w(14,10076,5,184,3688)
w(2,10077,5,184,3689)
w(0,10078,5,184,3690)
w(32,10079,5,184,3691)
w(49,10080,5,184,3692)
w(90,10081,5,184,3693)
w(33,10082,5,184,3694)
w(40,10083,5,184,3695)
w(34,10084,5,184,3696)
w(45,10085,5,184,3697)
w(28,10086,5,184,3698)
w(71,10087,5,184,3699)
r(88,401,5,185,3700)
r(34,22133,5,185,3701)
r(98,334,5,185,3702)
r(39,385,5,185,3703)
r(42,389,5,185,3704)
r(20,22134,5,185,3705)
r(77,22109,5,185,3706)
r(16,403,5,185,3707)
r(97,393,5,185,3708)
w(49,10088,5,185,3709)
w(63,10089,5,185,3710)
w(57,10090,5,185,3711)
w(78,10091,5,185,3712)
w(89,10092,5,185,3713)
w(97,10093,5,185,3714)
w(30,10094,5,185,3715)
w(89,10095,5,185,3716)
w(22,10096,5,185,3717)
w(50,10097,5,185,3718)
w(37,10098,5,185,3719)
r(63,428,5,186,3720)
r(30,22066,5,186,3721)
r(23,22137,5,186,3722)
r(18,22181,5,186,3723)
r(29,10047,5,186,3724)
r(49,22185,5,186,3725)
r(26,50057,5,186,3726)
r(78,432,5,186,3727)
r(77,22186,5,186,3728)
r(19,22170,5,186,3729)
r(80,22155,5,186,3730)
r(27,413,5,186,3731)
r(16,403,5,186,3732)
r(89,426,5,186,3733)
r(8,350,5,186,3734)
r(40,342,5,186,3735)
r(2,381,5,186,3736)
r(11,22184,5,186,3737)
r(99,22073,5,186,3738)
r(22,22149,5,186,3739)
r(35,270,5,187,3740)
r(50,22167,5,187,3741)
r(19,22170,5,187,3742)
r(22,22149,5,187,3743)
r(10,22180,5,187,3744)
r(3,22153,5,187,3745)
r(26,50057,5,187,3746)
r(94,394,5,187,3747)
r(19,22170,5,187,3748)
r(93,431,5,187,3749)
r(24,22068,5,187,3750)
w(79,10099,5,187,3751)
w(60,10100,5,187,3752)
w(47,10101,5,187,3753)
w(93,10102,5,187,3754)
w(28,10103,5,187,3755)
w(27,10104,5,187,3756)
w(6,10105,5,187,3757)
w(27,10106,5,187,3758)
w(55,10107,5,187,3759)
r(42,30122,5,188,3760)
r(6,30126,5,188,3761)
r(90,6,5,188,3762)
r(52,12,5,188,3763)
r(86,397,5,188,3764)
r(5,22221,5,188,3765)
w(63,10108,5,188,3766)
w(68,10109,5,188,3767)
w(19,10110,5,188,3768)
w(70,10111,5,188,3769)
w(36,10112,5,188,3770)
w(32,10113,5,188,3771)
w(37,10114,5,188,3772)
w(62,10115,5,188,3773)
w(80,10116,5,188,3774)
w(70,10117,5,188,3775)
w(59,10118,5,188,3776)
w(88,10119,5,188,3777)
w(38,10120,5,188,3778)
w(27,10121,5,188,3779)
r(85,20017,5,189,3780)
r(87,38335,5,189,3781)
r(42,12530,5,189,3782)
r(42,12530,5,189,3783)
r(8,22253,5,189,3784)
r(63,38328,5,189,3785)
r(51,28,5,189,3786)
r(52,12,5,189,3787)
r(43,379,5,189,3788)
w(64,10122,5,189,3789)
w(35,10123,5,189,3790)
w(96,10124,5,189,3791)
w(89,10125,5,189,3792)
w(95,10126,5,189,3793)
w(50,10127,5,189,3794)
w(71,10128,5,189,3795)
w(0,10129,5,189,3796)
w(8,10130,5,189,3797)
w(76,10131,5,189,3798)
w(11,10132,5,189,3799)
w(69,10133,5,190,3800)
w(98,10134,5,190,3801)
w(45,10135,5,190,3802)
w(55,10136,5,190,3803)
w(29,10137,5,190,3804)
w(27,10138,5,190,3805)
w(49,10139,5,190,3806)
w(25,10140,5,190,3807)
w(59,10141,5,190,3808)
w(38,10142,5,190,3809)
w(57,10143,5,190,3810)
w(71,10144,5,190,3811)
w(1,10145,5,190,3812)
w(52,10146,5,190,3813)
w(24,10147,5,190,3814)
w(35,10148,5,190,3815)
w(38,10149,5,190,3816)
w(51,10150,5,190,3817)
w(46,10151,5,190,3818)
w(69,10152,5,190,3819)
r(53,52767,5,191,3820)
r(39,12,5,191,3821)
r(9,52772,5,191,3822)
r(30,16873,5,191,3823)
r(4,16855,5,191,3824)
r(73,48079,5,191,3825)
r(32,58699,5,191,3826)
r(28,52774,5,191,3827)
r(10,52783,5,191,3828)
r(51,10150,5,191,3829)
r(23,52780,5,191,3830)
r(50,18013,5,191,3831)
r(53,52767,5,191,3832)
r(49,52779,5,191,3833)
r(45,50058,5,191,3834)
r(47,48098,5,191,3835)
r(55,22245,5,191,3836)
r(6,58686,5,191,3837)
r(1,10145,5,191,3838)
r(45,50058,5,191,3839)
r(18,18004,5,192,3840)
r(52,52744,5,192,3841)
r(19,52765,5,192,3842)
r(72,58693,5,192,3843)
r(80,58706,5,192,3844)
r(40,16850,5,192,3845)
r(2,36205,5,192,3846)
r(26,58690,5,192,3847)
r(85,18714,5,192,3848)
r(85,18714,5,192,3849)
w(97,10001,5,192,3850)
w(70,10002,5,192,3851)
w(63,10003,5,192,3852)
w(19,10004,5,192,3853)
w(27,10005,5,192,3854)
w(52,10006,5,192,3855)
w(87,10007,5,192,3856)
w(96,10008,5,192,3857)
w(87,10009,5,192,3858)
w(62,10010,5,192,3859)
w(56,10011,5,193,3860)
w(10,10012,5,193,3861)
w(98,10013,5,193,3862)
w(57,10014,5,193,3863)
w(34,10015,5,193,3864)
w(91,10016,5,193,3865)
w(40,10017,5,193,3866)
w(51,10018,5,193,3867)
w(57,10019,5,193,3868)
w(72,10020,5,193,3869)
w(9,10021,5,193,3870)
w(79,10022,5,193,3871)
w(80,10023,5,193,3872)
w(72,10024,5,193,3873)
w(62,10025,5,193,3874)
w(26,10026,5,193,3875)
w(20,10027,5,193,3876)
w(4,10028,5,193,3877)
w(44,10029,5,193,3878)
w(65,10030,5,193,3879)
r(50,48126,5,194,3880)
r(90,48127,5,194,3881)
r(58,38355,5,194,3882)
r(36,12553,5,194,3883)
r(61,12565,5,194,3884)
r(23,52780,5,194,3885)
r(29,48124,5,194,3886)
r(64,18011,5,194,3887)
r(1,10145,5,194,3888)
r(70,52781,5,194,3889)
r(19,52765,5,194,3890)
r(81,48122,5,194,3891)
r(66,48119,5,194,3892)
r(79,36223,5,194,3893)
r(34,52759,5,194,3894)
r(49,48125,5,194,3895)
r(91,18710,5,194,3896)
r(35,10148,5,194,3897)
r(46,10151,5,194,3898)
r(80,58706,5,194,3899)
w(95,10031,5,195,3900)
w(96,10032,5,195,3901)
w(75,10033,5,195,3902)
w(60,10034,5,195,3903)
w(87,10035,5,195,3904)
w(31,10036,5,195,3905)
w(84,10037,5,195,3906)
w(10,10038,5,195,3907)
w(81,10039,5,195,3908)
w(29,10040,5,195,3909)
w(87,10041,5,195,3910)
w(56,10042,5,195,3911)
w(20,10043,5,195,3912)
w(44,10044,5,195,3913)
w(47,10045,5,195,3914)
w(68,10046,5,195,3915)
w(81,10047,5,195,3916)
w(63,10048,5,195,3917)
w(19,10049,5,195,3918)
w(53,10050,5,195,3919)
r(76,52761,5,196,3920)
r(35,10148,5,196,3921)
r(53,18025,5,196,3922)
r(86,18018,5,196,3923)
r(80,58706,5,196,3924)
r(5,22221,5,196,3925)
w(9,10051,5,196,3926)
w(39,10052,5,196,3927)
w(36,10053,5,196,3928)
w(46,10054,5,196,3929)
w(28,10055,5,196,3930)
w(5,10056,5,196,3931)
w(63,10057,5,196,3932)
w(7,10058,5,196,3933)
w(74,10059,5,196,3934)
w(38,10060,5,196,3935)
w(84,10061,5,196,3936)
w(15,10062,5,196,3937)
w(1,10063,5,196,3938)
w(10,10064,5,196,3939)
w(77,10065,5,197,3940)
w(2,10066,5,197,3941)
w(90,10067,5,197,3942)
w(55,10068,5,197,3943)
w(56,10069,5,197,3944)
w(80,10070,5,197,3945)
w(62,10071,5,197,3946)
w(21,10072,5,197,3947)
w(37,10073,5,197,3948)
w(99,10074,5,197,3949)
w(28,10075,5,197,3950)
w(63,10076,5,197,3951)
w(13,10077,5,197,3952)
w(41,10078,5,197,3953)
w(84,10079,5,197,3954)
w(38,10080,5,197,3955)
w(7,10081,5,197,3956)
w(55,10082,5,197,3957)
w(38,10083,5,197,3958)
w(55,10084,5,197,3959)
r(55,48109,5,198,3960)
r(34,52759,5,198,3961)
r(23,52780,5,198,3962)
r(28,36219,5,198,3963)
r(91,18710,5,198,3964)
r(28,36219,5,198,3965)
r(31,1,5,198,3966)
r(22,48121,5,198,3967)
w(88,10085,5,198,3968)
w(50,10086,5,198,3969)
w(66,10087,5,198,3970)
w(66,10088,5,198,3971)
w(63,10089,5,198,3972)
w(15,10090,5,198,3973)
w(44,10091,5,198,3974)
w(92,10092,5,198,3975)
w(65,10093,5,198,3976)
w(20,10094,5,198,3977)
w(69,10095,5,198,3978)
w(45,10096,5,198,3979)
r(78,48099,5,199,3980)
r(94,56643,5,199,3981)
r(74,56664,5,199,3982)
r(44,52770,5,199,3983)
r(2,48112,5,199,3984)
r(99,18699,5,199,3985)
r(33,16876,5,199,3986)
r(0,36222,5,199,3987)
r(55,48109,5,199,3988)
w(91,10097,5,199,3989)
w(77,10098,5,199,3990)
w(0,10099,5,199,3991)
w(76,10100,5,199,3992)
w(63,10101,5,199,3993)
w(43,10102,5,199,3994)
w(95,10103,5,199,3995)
w(21,10104,5,199,3996)
w(35,10105,5,199,3997)
w(71,10106,5,199,3998)
w(83,10107,5,199,3999)
r(96,56665,5,200,4000)
r(13,12576,5,200,4001)
r(30,18024,5,200,4002)
r(69,10152,5,200,4003)
r(74,56664,5,200,4004)
r(60,38365,5,200,4005)
r(91,18710,5,200,4006)
r(96,56665,5,200,4007)
r(32,38366,5,200,4008)
r(81,30183,5,200,4009)
r(40,16850,5,200,4010)
r(87,56660,5,200,4011)
w(22,10108,5,200,4012)
w(20,10109,5,200,4013)
w(84,10110,5,200,4014)
w(74,10111,5,200,4015)
w(44,10112,5,200,4016)
w(39,10113,5,200,4017)
w(35,10114,5,200,4018)
w(28,10115,5,200,4019)
r(36,12553,5,201,4020)
r(75,58716,5,201,4021)
r(38,16882,5,201,4022)
r(83,16894,5,201,4023)
r(15,16899,5,201,4024)
r(1,18023,5,201,4025)
r(63,38328,5,201,4026)
r(89,18017,5,201,4027)
r(40,16850,5,201,4028)
r(5,38368,5,201,4029)
r(3,16877,5,201,4030)
r(80,16888,5,201,4031)
r(46,16887,5,201,4032)
r(39,12,5,201,4033)
w(94,10116,5,201,4034)
w(53,10117,5,201,4035)
w(55,10118,5,201,4036)
w(22,10119,5,201,4037)
w(96,10120,5,201,4038)
w(7,10121,5,201,4039)
r(22,58717,5,202,4040)
r(96,52794,5,202,4041)
r(8,12575,5,202,4042)
r(60,38365,5,202,4043)
r(50,12571,5,202,4044)
r(29,48147,5,202,4045)
r(99,16898,5,202,4046)
r(85,18714,5,202,4047)
w(92,10122,5,202,4048)
w(4,10123,5,202,4049)
w(16,10124,5,202,4050)
w(49,10125,5,202,4051)
w(14,10126,5,202,4052)
w(56,10127,5,202,4053)
w(18,10128,5,202,4054)
w(78,10129,5,202,4055)
w(44,10130,5,202,4056)
w(20,10131,5,202,4057)
w(74,10132,5,202,4058)
w(6,10133,5,202,4059)
r(87,56660,5,203,4060)
r(31,1,5,203,4061)
r(83,16894,5,203,4062)
r(36,12553,5,203,4063)
r(38,16882,5,203,4064)
r(22,58717,5,203,4065)
r(26,38380,5,203,4066)
r(28,16886,5,203,4067)
r(65,18020,5,203,4068)
r(61,12565,5,203,4069)
r(62,18021,5,203,4070)
r(3,38378,5,203,4071)
w(29,10001,5,203,4072)
w(42,10002,5,203,4073)
w(0,10003,5,203,4074)
w(33,10004,5,203,4075)
w(69,10005,5,203,4076)
w(0,10006,5,203,4077)
w(97,10007,5,203,4078)
w(89,10008,5,203,4079)
r(4,38383,5,204,4080)
r(75,58716,5,204,4081)
r(96,52794,5,204,4082)
r(28,16886,5,204,4083)
r(9,38386,5,204,4084)
r(13,12576,5,204,4085)
r(13,12576,5,204,4086)
w(14,10009,5,204,4087)
w(43,10010,5,204,4088)
w(16,10011,5,204,4089)
w(81,10012,5,204,4090)
w(46,10013,5,204,4091)
w(77,10014,5,204,4092)
w(59,10015,5,204,4093)
w(55,10016,5,204,4094)
w(37,10017,5,204,4095)
w(41,10018,5,204,4096)
w(60,10019,5,204,4097)
w(2,10020,5,204,4098)
w(93,10021,5,204,4099)
r(76,16889,5,205,4100)
r(0,36222,5,205,4101)
r(7,52782,5,205,4102)
r(61,12565,5,205,4103)
r(95,36235,5,205,4104)
r(24,16890,5,205,4105)
r(81,30183,5,205,4106)
r(29,18037,5,205,4107)
r(61,12565,5,205,4108)
r(1,18023,5,205,4109)
r(11,18044,5,205,4110)
r(47,12574,5,205,4111)
r(49,52797,5,205,4112)
w(22,10022,5,205,4113)
w(65,10023,5,205,4114)
w(15,10024,5,205,4115)
w(42,10025,5,205,4116)
w(80,10026,5,205,4117)
w(2,10027,5,205,4118)
w(59,10028,5,205,4119)
r(83,16894,5,206,4120)
r(78,48099,5,206,4121)
r(58,58731,5,206,4122)
r(20,30166,5,206,4123)
r(97,30184,5,206,4124)
r(55,52809,5,206,4125)
r(92,56657,5,206,4126)
r(7,52782,5,206,4127)
r(47,12574,5,206,4128)
r(61,12565,5,206,4129)
r(73,48111,5,206,4130)
r(53,18025,5,206,4131)
w(94,10029,5,206,4132)
w(13,10030,5,206,4133)
w(77,10031,5,206,4134)
w(6,10032,5,206,4135)
w(31,10033,5,206,4136)
w(22,10034,5,206,4137)
w(71,10035,5,206,4138)
w(64,10036,5,206,4139)
w(48,10037,5,207,4140)
w(88,10038,5,207,4141)
w(43,10039,5,207,4142)
w(1,10040,5,207,4143)
w(29,10041,5,207,4144)
w(86,10042,5,207,4145)
w(5,10043,5,207,4146)
w(19,10044,5,207,4147)
w(37,10045,5,207,4148)
w(16,10046,5,207,4149)
w(17,10047,5,207,4150)
w(10,10048,5,207,4151)
w(51,10049,5,207,4152)
w(76,10050,5,207,4153)
w(11,10051,5,207,4154)
w(90,10052,5,207,4155)
w(39,10053,5,207,4156)
w(5,10054,5,207,4157)
w(23,10055,5,207,4158)
w(27,10056,5,207,4159)
w(29,10057,5,208,4160)
w(98,10058,5,208,4161)
w(82,10059,5,208,4162)
w(68,10060,5,208,4163)
w(26,10061,5,208,4164)
w(17,10062,5,208,4165)
w(77,10063,5,208,4166)
w(50,10064,5,208,4167)
w(8,10065,5,208,4168)
w(59,10066,5,208,4169)
w(53,10067,5,208,4170)
w(77,10068,5,208,4171)
w(25,10069,5,208,4172)
w(43,10070,5,208,4173)
w(84,10071,5,208,4174)
w(93,10072,5,208,4175)
w(6,10073,5,208,4176)
w(52,10074,5,208,4177)
w(54,10075,5,208,4178)
w(99,10076,5,208,4179)
r(48,52806,5,209,4180)
r(50,38388,5,209,4181)
r(39,12,5,209,4182)
r(7,52782,5,209,4183)
r(30,18024,5,209,4184)
r(59,16885,5,209,4185)
r(63,38328,5,209,4186)
r(47,12574,5,209,4187)
r(34,36242,5,209,4188)
w(30,10077,5,209,4189)
w(70,10078,5,209,4190)
w(93,10079,5,209,4191)
w(9,10080,5,209,4192)
w(27,10081,5,209,4193)
w(20,10082,5,209,4194)
w(55,10083,5,209,4195)
w(47,10084,5,209,4196)
w(19,10085,5,209,4197)
w(46,10086,5,209,4198)
w(31,10087,5,209,4199)
w(85,10088,5,210,4200)
w(13,10089,5,210,4201)
w(3,10090,5,210,4202)
w(62,10091,5,210,4203)
w(22,10092,5,210,4204)
w(49,10093,5,210,4205)
w(76,10094,5,210,4206)
w(37,10095,5,210,4207)
w(80,10096,5,210,4208)
w(44,10097,5,210,4209)
w(85,10098,5,210,4210)
w(51,10099,5,210,4211)
w(54,10100,5,210,4212)
w(86,10101,5,210,4213)
w(95,10102,5,210,4214)
w(15,10103,5,210,4215)
w(70,10104,5,210,4216)
w(48,10105,5,210,4217)
w(42,10106,5,210,4218)
w(78,10107,5,210,4219)
w(31,10108,5,211,4220)
w(95,10109,5,211,4221)
w(4,10110,5,211,4222)
w(25,10111,5,211,4223)
w(41,10112,5,211,4224)
w(93,10113,5,211,4225)
w(19,10114,5,211,4226)
w(99,10115,5,211,4227)
w(10,10116,5,211,4228)
w(51,10117,5,211,4229)
w(54,10118,5,211,4230)
w(76,10119,5,211,4231)
w(88,10120,5,211,4232)
w(79,10121,5,211,4233)
w(72,10122,5,211,4234)
w(39,10123,5,211,4235)
w(99,10124,5,211,4236)
w(63,10125,5,211,4237)
w(81,10126,5,211,4238)
w(68,10127,5,211,4239)
r(75,58716,5,212,4240)
r(65,18041,5,212,4241)
r(71,36244,5,212,4242)
r(37,10095,5,212,4243)
r(70,10104,5,212,4244)
r(41,10112,5,212,4245)
r(11,18044,5,212,4246)
r(2,36237,5,212,4247)
r(83,16894,5,212,4248)
r(71,36244,5,212,4249)
r(71,36244,5,212,4250)
w(93,10128,5,212,4251)
w(77,10129,5,212,4252)
w(64,10130,5,212,4253)
w(56,10131,5,212,4254)
w(6,10132,5,212,4255)
w(34,10133,5,212,4256)
w(34,10134,5,212,4257)
w(47,10135,5,212,4258)
w(46,10136,5,212,4259)
r(75,58716,5,213,4260)
r(63,10125,5,213,4261)
r(5,16919,5,213,4262)
r(66,48119,5,213,4263)
r(99,10124,5,213,4264)
r(79,10121,5,213,4265)
r(98,36262,5,213,4266)
r(10,10116,5,213,4267)
r(98,36262,5,213,4268)
r(45,16906,5,213,4269)
r(81,10126,5,213,4270)
r(31,10108,5,213,4271)
r(10,10116,5,213,4272)
w(3,10001,5,213,4273)
w(2,10002,5,213,4274)
w(22,10003,5,213,4275)
w(65,10004,5,213,4276)
w(35,10005,5,213,4277)
w(29,10006,5,213,4278)
w(71,10007,5,213,4279)
r(4,10110,5,214,4280)
r(57,16909,5,214,4281)
r(81,30021,5,214,4282)
r(74,30017,5,214,4283)
r(20,36260,5,214,4284)
r(37,30011,5,214,4285)
r(8,16905,5,214,4286)
r(78,10107,5,214,4287)
r(29,10006,5,214,4288)
r(97,30018,5,214,4289)
r(97,30018,5,214,4290)
r(80,10096,5,214,4291)
r(48,30025,5,214,4292)
r(28,36240,5,214,4293)
r(78,10107,5,214,4294)
r(30,18024,5,214,4295)
r(88,30010,5,214,4296)
r(77,10129,5,214,4297)
r(71,10007,5,214,4298)
r(56,10131,5,214,4299)
r(73,30030,5,215,4300)
r(92,30003,5,215,4301)
r(1,18064,5,215,4302)
r(5,30012,5,215,4303)
r(36,30031,5,215,4304)
r(8,16905,5,215,4305)
r(36,30031,5,215,4306)
r(39,18066,5,215,4307)
r(20,36260,5,215,4308)
w(44,10008,5,215,4309)
w(24,10009,5,215,4310)
w(20,10010,5,215,4311)
w(28,10011,5,215,4312)
w(75,10012,5,215,4313)
w(8,10013,5,215,4314)
w(90,10014,5,215,4315)
w(29,10015,5,215,4316)
w(46,10016,5,215,4317)
w(6,10017,5,215,4318)
w(13,10018,5,215,4319)
r(45,20036,5,216,4320)
r(63,36274,5,216,4321)
r(84,36280,5,216,4322)
r(56,36277,5,216,4323)
r(26,58762,5,216,4324)
r(79,16017,5,216,4325)
r(66,18071,5,216,4326)
r(80,16016,5,216,4327)
r(67,38411,5,216,4328)
r(95,10109,5,216,4329)
w(27,10019,5,216,4330)
w(27,10020,5,216,4331)
w(61,10021,5,216,4332)
w(67,10022,5,216,4333)
w(46,10023,5,216,4334)
w(86,10024,5,216,4335)
w(22,10025,5,216,4336)
w(80,10026,5,216,4337)
w(7,10027,5,216,4338)
w(40,10028,5,216,4339)
r(36,52850,5,217,4340)
r(32,18094,5,217,4341)
r(29,20006,5,217,4342)
r(96,36278,5,217,4343)
r(0,16022,5,217,4344)
r(23,16015,5,217,4345)
r(69,30038,5,217,4346)
r(36,52850,5,217,4347)
r(82,52843,5,217,4348)
r(43,38418,5,217,4349)
r(38,56715,5,217,4350)
w(1,10029,5,217,4351)
w(38,10030,5,217,4352)
w(70,10031,5,217,4353)
w(28,10032,5,217,4354)
w(6,10033,5,217,4355)
w(65,10034,5,217,4356)
w(70,10035,5,217,4357)
w(98,10036,5,217,4358)
w(79,10037,5,217,4359)
w(69,10038,5,218,4360)
w(59,10039,5,218,4361)
w(44,10040,5,218,4362)
w(77,10041,5,218,4363)
w(63,10042,5,218,4364)
w(88,10043,5,218,4365)
w(81,10044,5,218,4366)
w(14,10045,5,218,4367)
w(6,10046,5,218,4368)
w(55,10047,5,218,4369)
w(73,10048,5,218,4370)
w(42,10049,5,218,4371)
w(15,10050,5,218,4372)
w(19,10051,5,218,4373)
w(92,10052,5,218,4374)
w(31,10053,5,218,4375)
w(34,10054,5,218,4376)
w(10,10055,5,218,4377)
w(54,10056,5,218,4378)
w(66,10057,5,218,4379)
r(93,22002,5,219,4380)
r(27,52015,5,219,4381)
r(6,10046,5,219,4382)
r(0,16022,5,219,4383)
r(37,56732,5,219,4384)
r(31,10053,5,219,4385)
r(92,10052,5,219,4386)
r(31,10053,5,219,4387)
r(86,56726,5,219,4388)
r(2,42056,5,219,4389)
r(80,38447,5,219,4390)
r(87,38450,5,219,4391)
r(51,22009,5,219,4392)
r(51,22009,5,219,4393)
r(26,38443,5,219,4394)
r(42,10049,5,219,4395)
r(78,10107,5,219,4396)
r(95,42053,5,219,4397)
r(14,10045,5,219,4398)
r(58,22010,5,219,4399)
r(40,12632,5,220,4400)
r(22,22006,5,220,4401)
r(4,52010,5,220,4402)
r(18,20018,5,220,4403)
r(41,42051,5,220,4404)
r(46,52019,5,220,4405)
r(41,42051,5,220,4406)
r(80,38447,5,220,4407)
r(88,38452,5,220,4408)
r(11,12639,5,220,4409)
w(83,10001,5,220,4410)
w(36,10002,5,220,4411)
w(63,10003,5,220,4412)
w(86,10004,5,220,4413)
w(43,10005,5,220,4414)
w(3,10006,5,220,4415)
w(36,10007,5,220,4416)
w(35,10008,5,220,4417)
w(57,10009,5,220,4418)
w(34,10010,5,220,4419)
r(81,10044,5,221,4420)
r(68,16045,5,221,4421)
r(41,42051,5,221,4422)
r(55,10047,5,221,4423)
r(43,36319,5,221,4424)
r(54,10056,5,221,4425)
r(9,42078,5,221,4426)
r(0,42066,5,221,4427)
r(10,10055,5,221,4428)
w(93,10011,5,221,4429)
w(71,10012,5,221,4430)
w(0,10013,5,221,4431)
w(9,10014,5,221,4432)
w(31,10015,5,221,4433)
w(38,10016,5,221,4434)
w(82,10017,5,221,4435)
w(54,10018,5,221,4436)
w(79,10019,5,221,4437)
w(62,10020,5,221,4438)
w(16,10021,5,221,4439)
