r(16,0,8,0)
r(59,0,8,0)
r(58,0,8,0)
r(97,0,8,0)
r(17,0,8,0)
r(35,0,8,0)
r(91,0,8,0)
r(97,0,8,0)
w(8,4801,8,0)
w(33,4802,8,0)
w(18,4803,8,0)
w(55,4804,8,0)
w(16,4805,8,0)
w(85,4806,8,0)
w(64,4807,8,0)
w(70,4808,8,0)
w(15,4809,8,0)
w(70,4810,8,0)
w(75,4811,8,0)
w(4,4812,8,0)
r(55,4804,8,1)
r(38,0,8,1)
r(57,0,8,1)
r(25,0,8,1)
r(50,0,8,1)
r(28,0,8,1)
r(73,0,8,1)
r(80,0,8,1)
r(2,0,8,1)
r(29,0,8,1)
r(7,0,8,1)
w(74,4813,8,1)
w(27,4814,8,1)
w(52,4815,8,1)
w(29,4816,8,1)
w(60,4817,8,1)
w(65,4818,8,1)
w(50,4819,8,1)
w(46,4820,8,1)
w(78,4821,8,1)
r(51,0,8,2)
r(95,0,8,2)
r(35,0,8,2)
r(49,0,8,2)
r(26,0,8,2)
r(65,4818,8,2)
r(77,0,8,2)
r(88,0,8,2)
r(50,4819,8,2)
r(99,0,8,2)
r(30,0,8,2)
r(59,0,8,2)
r(49,0,8,2)
r(44,0,8,2)
r(0,0,8,2)
r(51,0,8,2)
r(13,0,8,2)
r(78,4821,8,2)
r(85,4806,8,2)
r(57,0,8,2)
r(27,4814,8,3)
r(19,0,8,3)
r(15,4809,8,3)
r(48,0,8,3)
r(29,4816,8,3)
r(99,0,8,3)
r(47,0,8,3)
r(46,4820,8,3)
r(54,0,8,3)
r(27,4814,8,3)
r(54,0,8,3)
r(53,0,8,3)
r(23,0,8,3)
r(55,4804,8,3)
r(80,0,8,3)
w(38,4822,8,3)
w(80,4823,8,3)
w(72,4824,8,3)
w(0,4825,8,3)
w(13,4826,8,3)
r(71,2444,8,4)
r(60,3721,8,4)
r(0,2425,8,4)
r(87,3720,8,4)
r(53,4361,8,4)
r(80,4336,8,4)
r(45,2435,8,4)
r(93,3675,8,4)
r(3,2439,8,4)
r(48,4294,8,4)
r(12,3647,8,4)
w(35,4939,8,4)
w(93,4940,8,4)
w(12,4941,8,4)
w(24,4942,8,4)
w(57,4943,8,4)
w(57,4944,8,4)
w(7,4945,8,4)
w(38,4946,8,4)
w(81,4947,8,4)
r(58,0,8,5)
r(95,4244,8,5)
r(52,3708,8,5)
r(35,4939,8,5)
r(51,2440,8,5)
r(37,4239,8,5)
r(99,2426,8,5)
r(59,2436,8,5)
r(21,3651,8,5)
r(29,3717,8,5)
r(84,2417,8,5)
r(67,0,8,5)
r(63,0,8,5)
r(10,2422,8,5)
r(5,2424,8,5)
r(1,2443,8,5)
r(75,4295,8,5)
r(52,3708,8,5)
r(65,2432,8,5)
r(7,4945,8,5)
r(85,3716,8,6)
r(34,2420,8,6)
r(20,4368,8,6)
r(76,3705,8,6)
r(72,4824,8,6)
r(34,2420,8,6)
r(99,2426,8,6)
r(12,4941,8,6)
r(67,0,8,6)
r(39,2418,8,6)
r(47,4204,8,6)
w(38,4948,8,6)
w(81,4949,8,6)
w(27,4950,8,6)
w(62,4951,8,6)
w(68,4952,8,6)
w(72,4953,8,6)
w(95,4954,8,6)
w(62,4955,8,6)
w(5,4956,8,6)
r(93,3735,8,7)
r(89,2429,8,7)
r(34,2420,8,7)
r(94,4256,8,7)
r(13,3639,8,7)
r(5,4956,8,7)
r(63,0,8,7)
r(48,4294,8,7)
r(40,2437,8,7)
r(57,4944,8,7)
r(24,4942,8,7)
r(11,4359,8,7)
r(93,3735,8,7)
r(5,4956,8,7)
r(74,3665,8,7)
w(63,4957,8,7)
w(67,4958,8,7)
w(46,4959,8,7)
w(44,4960,8,7)
w(11,4961,8,7)
r(9,4277,8,8)
r(52,3738,8,8)
r(13,3639,8,8)
r(66,4286,8,8)
r(44,4960,8,8)
r(19,3645,8,8)
r(78,2474,8,8)
r(42,3707,8,8)
r(70,3744,8,8)
w(85,4962,8,8)
w(14,4963,8,8)
w(40,4964,8,8)
w(90,4965,8,8)
w(2,4966,8,8)
w(89,4967,8,8)
w(14,4968,8,8)
w(88,4969,8,8)
w(68,4970,8,8)
w(50,4971,8,8)
w(59,4972,8,8)
r(42,3707,8,9)
r(92,3656,8,9)
r(91,3677,8,9)
r(54,3734,8,9)
r(26,2465,8,9)
r(31,2421,8,9)
r(47,2451,8,9)
r(70,3744,8,9)
r(78,2474,8,9)
r(8,4312,8,9)
r(22,2466,8,9)
r(22,2466,8,9)
r(5,4956,8,9)
w(23,4973,8,9)
w(53,4974,8,9)
w(6,4975,8,9)
w(58,4976,8,9)
w(6,4977,8,9)
w(75,4978,8,9)
w(85,4979,8,9)
r(10,1877,8,10)
r(25,4341,8,10)
r(95,2477,8,10)
r(51,3081,8,10)
r(61,2431,8,10)
r(41,1873,8,10)
r(78,2474,8,10)
r(82,4360,8,10)
r(78,2474,8,10)
w(8,4980,8,10)
w(98,4981,8,10)
w(36,4982,8,10)
w(17,4983,8,10)
w(5,4984,8,10)
w(35,4985,8,10)
w(18,4986,8,10)
w(62,4987,8,10)
w(75,4988,8,10)
w(77,4989,8,10)
w(96,4990,8,10)
r(52,3738,8,11)
r(65,2484,8,11)
r(11,1883,8,11)
r(80,2472,8,11)
r(99,2426,8,11)
r(25,2486,8,11)
r(99,2426,8,11)
r(45,2435,8,11)
r(76,3075,8,11)
r(3,2491,8,11)
w(40,4991,8,11)
w(62,4992,8,11)
w(13,4993,8,11)
w(96,4994,8,11)
w(17,4995,8,11)
w(69,4996,8,11)
w(56,4997,8,11)
w(5,4998,8,11)
w(17,4999,8,11)
w(82,5000,8,11)
r(13,4993,8,12)
r(28,4900,8,12)
r(24,1909,8,12)
r(26,2465,8,12)
r(27,1896,8,12)
r(64,1915,8,12)
r(81,4949,8,12)
r(38,1916,8,12)
r(3,2491,8,12)
r(16,1906,8,12)
r(66,1902,8,12)
r(41,1889,8,12)
r(20,2505,8,12)
w(67,5001,8,12)
w(88,5002,8,12)
w(61,5003,8,12)
w(21,5004,8,12)
w(64,5005,8,12)
w(97,5006,8,12)
w(74,5007,8,12)
r(53,1956,8,13)
r(29,1864,8,13)
r(49,1934,8,13)
r(22,1229,8,13)
r(38,1916,8,13)
r(7,1927,8,13)
r(35,4985,8,13)
r(23,3119,8,13)
r(31,1231,8,13)
r(22,1229,8,13)
r(14,1940,8,13)
w(43,5014,8,13)
w(74,5015,8,13)
w(53,5016,8,13)
w(7,5017,8,13)
w(16,5018,8,13)
w(70,5019,8,13)
w(15,5020,8,13)
w(55,5021,8,13)
w(71,5022,8,13)
r(69,1230,8,14)
r(47,1952,8,14)
r(57,1248,8,14)
r(25,3125,8,14)
r(39,1237,8,14)
r(84,3139,8,14)
r(78,1243,8,14)
r(4,1905,8,14)
r(14,1247,8,14)
r(88,5002,8,14)
r(34,1961,8,14)
w(6,5023,8,14)
w(56,5024,8,14)
w(72,5025,8,14)
w(36,5026,8,14)
w(71,5027,8,14)
w(0,5028,8,14)
w(19,5029,8,14)
w(78,5030,8,14)
w(65,5031,8,14)
r(72,5025,8,15)
r(11,3135,8,15)
r(96,1970,8,15)
r(82,1259,8,15)
r(16,1240,8,15)
r(88,2545,8,15)
r(82,1259,8,15)
r(88,2545,8,15)
r(85,1269,8,15)
r(90,2515,8,15)
w(32,5032,8,15)
w(64,5033,8,15)
w(93,5034,8,15)
w(41,5035,8,15)
w(22,5036,8,15)
w(10,5037,8,15)
w(16,5038,8,15)
w(18,5039,8,15)
w(16,5040,8,15)
w(39,5041,8,15)
r(96,2019,8,16)
r(78,2574,8,16)
r(86,2017,8,16)
r(85,2605,8,16)
r(51,2013,8,16)
r(31,2023,8,16)
r(76,1221,8,16)
w(19,5062,8,16)
w(51,5063,8,16)
w(72,5064,8,16)
w(33,5065,8,16)
w(56,5066,8,16)
w(7,5067,8,16)
w(22,5068,8,16)
w(97,5069,8,16)
w(29,5070,8,16)
w(10,5071,8,16)
w(0,5072,8,16)
w(7,5073,8,16)
w(16,5074,8,16)
r(62,1338,8,17)
r(70,1332,8,17)
r(15,2606,8,17)
r(47,2559,8,17)
r(98,3184,8,17)
r(21,2027,8,17)
r(74,1344,8,17)
r(89,1992,8,17)
r(3,1301,8,17)
r(72,5064,8,17)
w(32,5075,8,17)
w(64,5076,8,17)
w(93,5077,8,17)
w(38,5078,8,17)
w(38,5079,8,17)
w(72,5080,8,17)
w(34,5081,8,17)
w(58,5082,8,17)
w(66,5083,8,17)
w(99,5084,8,17)
r(59,1314,8,18)
r(7,5073,8,18)
r(74,3203,8,18)
r(89,1992,8,18)
r(23,2630,8,18)
r(57,1248,8,18)
r(65,2011,8,18)
r(74,3203,8,18)
r(61,2022,8,18)
r(54,1250,8,18)
r(32,5075,8,18)
r(99,5084,8,18)
r(71,2008,8,18)
r(94,2614,8,18)
r(37,2587,8,18)
r(98,3184,8,18)
r(53,3192,8,18)
r(9,1982,8,18)
r(20,1958,8,18)
r(36,1339,8,18)
r(85,2626,8,19)
r(82,2037,8,19)
r(11,2635,8,19)
r(12,3196,8,19)
r(10,5071,8,19)
r(87,3170,8,19)
r(95,1335,8,19)
r(73,2018,8,19)
r(64,5076,8,19)
r(88,1999,8,19)
r(14,2613,8,19)
r(33,3199,8,19)
r(52,1333,8,19)
r(65,2011,8,19)
r(90,3185,8,19)
r(13,1309,8,19)
r(98,3184,8,19)
r(9,1982,8,19)
r(69,3200,8,19)
r(18,3198,8,19)
r(53,3192,8,20)
r(45,2642,8,20)
r(38,3219,8,20)
r(0,5072,8,20)
r(18,3198,8,20)
r(41,1349,8,20)
r(92,2633,8,20)
r(81,2040,8,20)
r(32,2647,8,20)
r(71,2008,8,20)
r(96,2019,8,20)
r(28,2615,8,20)
r(94,2059,8,20)
r(58,2646,8,20)
r(17,2060,8,20)
w(11,4801,8,20)
w(78,4802,8,20)
w(36,4803,8,20)
w(10,4804,8,20)
w(72,4805,8,20)
r(29,2057,8,21)
r(97,2058,8,21)
r(36,4803,8,21)
r(12,2660,8,21)
r(90,2658,8,21)
r(71,2008,8,21)
r(84,2662,8,21)
r(99,2671,8,21)
r(50,2083,8,21)
w(32,4806,8,21)
w(90,4807,8,21)
w(11,4808,8,21)
w(95,4809,8,21)
w(13,4810,8,21)
w(8,4811,8,21)
w(78,4812,8,21)
w(12,4813,8,21)
w(67,4814,8,21)
w(13,4815,8,21)
w(62,4816,8,21)
r(19,2665,8,22)
r(28,2615,8,22)
r(28,2615,8,22)
r(29,2057,8,22)
r(21,3229,8,22)
r(81,2670,8,22)
r(58,3242,8,22)
r(80,2076,8,22)
r(53,1391,8,22)
w(37,4817,8,22)
w(93,4818,8,22)
w(82,4819,8,22)
w(43,4820,8,22)
w(89,4821,8,22)
w(88,4822,8,22)
w(22,4823,8,22)
w(28,4824,8,22)
w(48,4825,8,22)
w(17,4826,8,22)
w(80,4827,8,22)
r(6,5023,8,23)
r(62,4816,8,23)
r(34,1811,8,23)
r(81,2670,8,23)
r(98,1817,8,23)
r(31,2041,8,23)
r(82,4819,8,23)
w(89,4828,8,23)
w(64,4829,8,23)
w(46,4830,8,23)
w(76,4831,8,23)
w(99,4832,8,23)
w(26,4833,8,23)
w(39,4834,8,23)
w(0,4835,8,23)
w(50,4836,8,23)
w(79,4837,8,23)
w(94,4838,8,23)
w(55,4839,8,23)
w(15,4840,8,23)
r(77,3273,8,24)
r(51,5063,8,24)
r(63,3283,8,24)
r(80,3270,8,24)
r(13,3262,8,24)
r(6,5023,8,24)
r(20,3226,8,24)
r(11,1805,8,24)
r(66,2054,8,24)
r(74,1392,8,24)
w(65,4841,8,24)
w(89,4842,8,24)
w(39,4843,8,24)
w(53,4844,8,24)
w(89,4845,8,24)
w(22,4846,8,24)
w(23,4847,8,24)
w(7,4848,8,24)
w(69,4849,8,24)
w(73,4850,8,24)
r(29,1826,8,25)
r(59,1809,8,25)
r(73,4850,8,25)
r(85,3274,8,25)
r(42,3233,8,25)
r(79,4837,8,25)
r(71,3280,8,25)
r(80,3270,8,25)
r(42,3233,8,25)
w(73,4851,8,25)
w(12,4852,8,25)
w(31,4853,8,25)
w(3,4854,8,25)
w(48,4855,8,25)
w(96,4856,8,25)
w(93,4857,8,25)
w(27,4858,8,25)
w(62,4859,8,25)
w(42,4860,8,25)
w(66,4861,8,25)
r(68,1419,8,26)
r(51,1450,8,26)
r(64,4829,8,26)
r(48,4855,8,26)
r(91,1841,8,26)
r(97,4879,8,26)
r(85,3274,8,26)
r(95,4878,8,26)
w(19,4882,8,26)
w(48,4883,8,26)
w(77,4884,8,26)
w(50,4885,8,26)
w(77,4886,8,26)
w(3,4887,8,26)
w(72,4888,8,26)
w(16,4889,8,26)
w(47,4890,8,26)
w(81,4891,8,26)
w(7,4892,8,26)
w(54,4893,8,26)
r(87,2067,8,27)
r(74,1392,8,27)
r(29,1466,8,27)
r(40,4874,8,27)
r(69,1464,8,27)
r(9,3020,8,27)
r(2,1467,8,27)
r(73,1439,8,27)
w(80,4894,8,27)
w(42,4895,8,27)
w(27,4896,8,27)
w(49,4897,8,27)
w(92,4898,8,27)
w(6,4899,8,27)
w(6,4900,8,27)
w(98,4901,8,27)
w(1,4902,8,27)
w(85,4903,8,27)
w(41,4904,8,27)
w(66,4905,8,27)
r(51,0,6,28)
r(56,0,6,28)
r(38,0,6,28)
r(41,0,6,28)
r(68,0,6,28)
r(70,4810,6,28)
r(85,4806,6,28)
r(41,0,6,28)
r(60,4817,6,28)
r(89,0,6,28)
r(76,0,6,28)
r(84,0,6,28)
r(88,0,6,28)
r(46,4820,6,28)
r(95,0,6,28)
r(43,0,6,28)
r(4,4812,6,28)
r(96,0,6,28)
r(19,0,6,28)
r(48,0,6,28)
r(68,0,6,29)
r(20,0,6,29)
r(11,0,6,29)
r(79,0,6,29)
r(63,0,6,29)
r(72,0,6,29)
r(41,0,6,29)
r(38,0,6,29)
r(43,0,6,29)
r(38,0,6,29)
r(56,0,6,29)
r(89,0,6,29)
w(94,3612,6,29)
w(66,3613,6,29)
w(40,3614,6,29)
w(33,3615,6,29)
w(60,3616,6,29)
w(85,3617,6,29)
w(4,3618,6,29)
w(8,3619,6,29)
r(34,0,6,30)
r(85,3617,6,30)
r(30,0,6,30)
r(10,0,6,30)
r(95,0,6,30)
r(74,4813,6,30)
r(72,4824,6,30)
r(48,0,6,30)
r(55,4804,6,30)
r(77,0,6,30)
r(75,4811,6,30)
r(90,0,6,30)
r(33,3615,6,30)
r(92,0,6,30)
r(23,0,6,30)
r(3,0,6,30)
r(38,4822,6,30)
r(23,0,6,30)
r(98,0,6,30)
r(3,0,6,30)
r(0,4825,6,31)
r(28,0,6,31)
r(53,0,6,31)
r(98,4212,6,31)
r(38,4822,6,31)
r(7,0,6,31)
r(27,4814,6,31)
r(75,4222,6,31)
r(26,0,6,31)
r(39,4224,6,31)
r(70,4810,6,31)
r(39,4224,6,31)
r(77,0,6,31)
w(13,3639,6,31)
w(4,3640,6,31)
w(57,3641,6,31)
w(9,3642,6,31)
w(15,3643,6,31)
w(75,3644,6,31)
w(19,3645,6,31)
r(18,4803,6,32)
r(81,4214,6,32)
r(52,4815,6,32)
r(7,0,6,32)
r(65,4202,6,32)
r(20,4238,6,32)
r(71,0,6,32)
r(55,4213,6,32)
w(69,3646,6,32)
w(12,3647,6,32)
w(93,3648,6,32)
w(65,3649,6,32)
w(8,3650,6,32)
w(21,3651,6,32)
w(73,3652,6,32)
w(35,3653,6,32)
w(40,3654,6,32)
w(20,3655,6,32)
w(92,3656,6,32)
w(38,3657,6,32)
w(89,3658,6,33)
w(27,3659,6,33)
w(45,3660,6,33)
w(46,3661,6,33)
w(96,3662,6,33)
w(1,3663,6,33)
w(38,3664,6,33)
w(74,3665,6,33)
w(24,3666,6,33)
w(51,3667,6,33)
w(54,3668,6,33)
w(96,3669,6,33)
w(0,3670,6,33)
w(49,3671,6,33)
w(8,3672,6,33)
w(55,3673,6,33)
w(56,3674,6,33)
w(93,3675,6,33)
w(16,3676,6,33)
w(91,3677,6,33)
r(51,4365,6,34)
r(66,4286,6,34)
r(96,3669,6,34)
r(71,4305,6,34)
r(97,0,6,34)
r(2,4307,6,34)
r(67,0,6,34)
r(44,4255,6,34)
r(68,4306,6,34)
r(53,4361,6,34)
r(80,4336,6,34)
r(0,4279,6,34)
r(41,4342,6,34)
r(44,4255,6,34)
r(8,4312,6,34)
r(34,4225,6,34)
r(59,4228,6,34)
r(37,4239,6,34)
r(13,3639,6,34)
r(78,4246,6,34)
r(3,4252,6,35)
r(65,3649,6,35)
r(87,4370,6,35)
r(41,4342,6,35)
r(31,2421,6,35)
r(70,4319,6,35)
r(11,4359,6,35)
r(4,4320,6,35)
r(98,4335,6,35)
r(71,2414,6,35)
r(18,4803,6,35)
r(84,2417,6,35)
w(76,3705,6,35)
w(59,3706,6,35)
w(42,3707,6,35)
w(52,3708,6,35)
w(55,3709,6,35)
w(69,3710,6,35)
w(87,3711,6,35)
w(2,3712,6,35)
r(25,4341,6,36)
r(2,3712,6,36)
r(81,2419,6,36)
r(0,2425,6,36)
r(3,2428,6,36)
r(71,2414,6,36)
r(24,3012,6,36)
r(46,4299,6,36)
r(47,4204,6,36)
r(90,0,6,36)
r(41,4342,6,36)
w(29,3713,6,36)
w(87,3714,6,36)
w(55,3715,6,36)
w(85,3716,6,36)
w(29,3717,6,36)
w(6,3718,6,36)
w(62,3719,6,36)
w(87,3720,6,36)
w(60,3721,6,36)
r(68,4306,6,37)
r(0,2425,6,37)
r(49,2434,6,37)
r(47,4204,6,37)
r(2,3712,6,37)
r(58,0,6,37)
r(45,2435,6,37)
r(33,4904,6,37)
r(13,3639,6,37)
r(64,2441,6,37)
r(47,4204,6,37)
r(14,3016,6,37)
r(80,4336,6,37)
r(78,4246,6,37)
r(79,4366,6,37)
r(37,4239,6,37)
r(85,3716,6,37)
r(23,2430,6,37)
r(63,0,6,37)
r(22,3014,6,37)
r(50,4819,6,38)
r(98,4335,6,38)
r(37,4239,6,38)
r(33,4904,6,38)
r(34,2420,6,38)
r(7,4945,6,38)
r(38,4946,6,38)
r(62,3719,6,38)
r(24,4942,6,38)
r(3,2439,6,38)
r(21,3651,6,38)
r(59,2436,6,38)
w(96,3730,6,38)
w(78,3731,6,38)
w(73,3732,6,38)
w(70,3733,6,38)
w(54,3734,6,38)
w(93,3735,6,38)
w(26,3736,6,38)
w(50,3737,6,38)
r(67,0,6,39)
r(84,2417,6,39)
r(49,2434,6,39)
r(75,4295,6,39)
r(52,3708,6,39)
r(57,4944,6,39)
r(21,2448,6,39)
r(32,4897,6,39)
r(64,2441,6,39)
r(32,4897,6,39)
r(29,3717,6,39)
r(48,4294,6,39)
r(47,2451,6,39)
r(34,2420,6,39)
r(85,3716,6,39)
r(83,4309,6,39)
r(30,4304,6,39)
r(33,4904,6,39)
r(49,2434,6,39)
r(95,4954,6,39)
r(53,4361,6,40)
r(49,2434,6,40)
r(74,3665,6,40)
r(21,2448,6,40)
r(54,3734,6,40)
r(43,2449,6,40)
r(68,4952,6,40)
r(80,4336,6,40)
r(17,0,6,40)
r(12,4941,6,40)
r(64,2441,6,40)
r(83,4309,6,40)
w(52,3738,6,40)
w(43,3739,6,40)
w(50,3740,6,40)
w(85,3741,6,40)
w(18,3742,6,40)
w(21,3743,6,40)
w(70,3744,6,40)
w(59,3745,6,40)
r(86,4325,6,41)
r(29,1864,6,41)
r(2,3712,6,41)
r(8,4312,6,41)
r(16,3676,6,41)
r(75,4295,6,41)
r(97,2446,6,41)
r(13,3639,6,41)
r(39,2418,6,41)
r(9,4277,6,41)
r(52,3738,6,41)
r(43,3739,6,41)
r(96,3730,6,41)
r(75,4295,6,41)
r(18,3742,6,41)
r(33,4904,6,41)
r(29,1864,6,41)
r(40,2437,6,41)
r(9,4277,6,41)
r(46,4959,6,41)
r(37,2445,6,42)
r(58,1878,6,42)
r(47,2451,6,42)
r(13,3639,6,42)
r(94,4256,6,42)
r(39,3074,6,42)
r(92,3656,6,42)
r(55,3068,6,42)
r(98,3073,6,42)
r(32,4897,6,42)
r(59,4972,6,42)
r(45,2435,6,42)
r(91,3677,6,42)
r(70,3744,6,42)
r(99,2426,6,42)
r(29,1864,6,42)
r(47,2451,6,42)
r(52,3738,6,42)
r(80,2472,6,42)
r(4,4320,6,42)
r(68,2539,6,43)
r(68,2539,6,43)
r(4,1968,6,43)
r(55,5021,6,43)
r(80,2519,6,43)
r(51,2551,6,43)
r(9,1238,6,43)
r(73,2550,6,43)
r(34,1961,6,43)
r(78,1243,6,43)
r(60,1969,6,43)
r(7,5017,6,43)
r(8,1945,6,43)
r(54,1250,6,43)
r(35,3132,6,43)
r(90,2515,6,43)
r(28,1971,6,43)
r(22,1962,6,43)
r(50,1972,6,43)
r(22,1962,6,43)
w(38,3675,6,44)
w(96,3676,6,44)
w(23,3677,6,44)
w(91,3678,6,44)
w(82,3679,6,44)
w(48,3680,6,44)
w(44,3681,6,44)
w(14,3682,6,44)
w(2,3683,6,44)
w(36,3684,6,44)
w(12,3685,6,44)
w(46,3686,6,44)
w(65,3687,6,44)
w(12,3688,6,44)
w(5,3689,6,44)
w(42,3690,6,44)
w(95,3691,6,44)
w(86,3692,6,44)
w(37,3693,6,44)
w(36,3694,6,44)
w(91,3695,6,45)
w(31,3696,6,45)
w(20,3697,6,45)
w(56,3698,6,45)
w(15,3699,6,45)
w(61,3700,6,45)
w(50,3701,6,45)
w(82,3702,6,45)
w(35,3703,6,45)
w(67,3704,6,45)
w(81,3705,6,45)
w(26,3706,6,45)
w(98,3707,6,45)
w(67,3708,6,45)
w(91,3709,6,45)
w(2,3710,6,45)
w(45,3711,6,45)
w(46,3712,6,45)
w(35,3713,6,45)
w(70,3714,6,45)
r(48,3680,6,46)
r(95,3691,6,46)
r(25,4303,6,46)
r(56,3698,6,46)
r(34,4300,6,46)
r(73,288,6,46)
r(13,791,6,46)
r(59,4282,6,46)
w(3,3725,6,46)
w(71,3726,6,46)
w(57,3727,6,46)
w(98,3728,6,46)
w(8,3729,6,46)
w(99,3730,6,46)
w(55,3731,6,46)
w(43,3732,6,46)
w(64,3733,6,46)
w(38,3734,6,46)
w(82,3735,6,46)
w(92,3736,6,46)
r(5,3689,6,47)
r(77,58,6,47)
r(87,48,6,47)
r(85,4318,6,47)
r(33,222,6,47)
r(58,322,6,47)
r(89,4310,6,47)
r(98,3728,6,47)
r(34,4308,6,47)
r(44,3681,6,47)
r(4,57,6,47)
w(5,3737,6,47)
w(11,3738,6,47)
w(45,3739,6,47)
w(42,3740,6,47)
w(88,3741,6,47)
w(76,3742,6,47)
w(68,3743,6,47)
w(51,3744,6,47)
w(41,3745,6,47)
r(15,3699,6,48)
r(12,4315,6,48)
r(43,3732,6,48)
r(48,3680,6,48)
r(28,4321,6,48)
r(41,3745,6,48)
r(87,48,6,48)
r(25,834,6,48)
r(81,833,6,48)
r(28,4321,6,48)
r(60,4306,6,48)
w(59,3746,6,48)
w(96,3747,6,48)
w(10,3748,6,48)
w(3,3749,6,48)
w(85,3750,6,48)
w(97,3751,6,48)
w(23,3752,6,48)
w(94,3753,6,48)
w(96,3754,6,48)
r(9,808,6,49)
r(74,73,6,49)
r(55,3731,6,49)
r(2,838,6,49)
r(57,3727,6,49)
r(0,819,6,49)
r(68,3743,6,49)
r(31,3696,6,49)
r(40,269,6,49)
r(87,48,6,49)
r(9,808,6,49)
w(86,3755,6,49)
w(53,3756,6,49)
w(72,3757,6,49)
w(2,3758,6,49)
w(70,3759,6,49)
w(12,3760,6,49)
w(67,3761,6,49)
w(7,3762,6,49)
w(44,3763,6,49)
r(90,852,6,50)
r(76,846,6,50)
r(87,859,6,50)
r(63,4277,6,50)
r(12,3760,6,50)
r(14,3682,6,50)
r(97,3751,6,50)
r(11,847,6,50)
r(59,3746,6,50)
w(46,3764,6,50)
w(71,3765,6,50)
w(10,3766,6,50)
w(59,3767,6,50)
w(38,3768,6,50)
w(73,3769,6,50)
w(10,3770,6,50)
w(6,3771,6,50)
w(87,3772,6,50)
w(70,3773,6,50)
w(15,3774,6,50)
w(59,3601,6,51)
w(58,3602,6,51)
w(15,3603,6,51)
w(0,3604,6,51)
w(72,3605,6,51)
w(76,3606,6,51)
w(15,3607,6,51)
w(49,3608,6,51)
w(75,3609,6,51)
w(43,3610,6,51)
w(41,3611,6,51)
w(38,3612,6,51)
w(34,3613,6,51)
w(14,3614,6,51)
w(51,3615,6,51)
w(69,3616,6,51)
w(6,3617,6,51)
w(28,3618,6,51)
w(73,3619,6,51)
w(39,3620,6,51)
r(53,602,6,52)
r(93,604,6,52)
r(66,244,6,52)
r(42,4337,6,52)
r(27,798,6,52)
r(4,831,6,52)
r(7,3762,6,52)
r(86,3755,6,52)
r(32,112,6,52)
w(20,3621,6,52)
w(84,3622,6,52)
w(27,3623,6,52)
w(98,3624,6,52)
w(43,3625,6,52)
w(71,3626,6,52)
w(38,3627,6,52)
w(90,3628,6,52)
w(45,3629,6,52)
w(93,3630,6,52)
w(22,3631,6,52)
r(13,836,6,53)
r(68,3743,6,53)
r(61,3700,6,53)
r(34,3613,6,53)
r(2,3758,6,53)
r(84,3622,6,53)
r(79,607,6,53)
r(6,3617,6,53)
r(82,4323,6,53)
r(75,3609,6,53)
r(4,831,6,53)
r(7,3762,6,53)
r(89,4334,6,53)
r(86,3755,6,53)
r(44,3763,6,53)
r(10,3770,6,53)
r(50,3701,6,53)
r(8,3729,6,53)
r(79,607,6,53)
r(45,3629,6,53)
r(71,3626,6,54)
r(38,3627,6,54)
r(32,112,6,54)
r(45,3629,6,54)
r(45,3629,6,54)
r(83,851,6,54)
r(68,3743,6,54)
r(80,853,6,54)
r(81,833,6,54)
r(65,857,6,54)
r(52,4319,6,54)
r(75,3609,6,54)
w(63,3652,6,54)
w(62,3653,6,54)
w(34,3654,6,54)
w(66,3655,6,54)
w(16,3656,6,54)
w(85,3657,6,54)
w(59,3658,6,54)
w(10,3659,6,54)
r(38,3627,6,55)
r(6,3617,6,55)
r(3,4241,6,55)
r(0,3604,6,55)
r(31,4247,6,55)
r(98,3624,6,55)
r(9,808,6,55)
r(59,3658,6,55)
r(86,3755,6,55)
r(89,4242,6,55)
w(30,3660,6,55)
w(47,3661,6,55)
w(20,3662,6,55)
w(90,3663,6,55)
w(84,3664,6,55)
w(72,3665,6,55)
w(43,3666,6,55)
w(52,3667,6,55)
w(71,3668,6,55)
w(49,3669,6,55)
r(92,0,7,56)
r(87,0,7,56)
r(18,4803,7,56)
r(41,0,7,56)
r(61,0,7,56)
r(75,4811,7,56)
r(88,0,7,56)
r(53,0,7,56)
r(66,0,7,56)
r(45,0,7,56)
r(3,0,7,56)
r(40,0,7,56)
r(46,4820,7,56)
r(97,0,7,56)
r(44,0,7,56)
r(5,0,7,56)
r(80,0,7,56)
r(1,0,7,56)
r(27,4814,7,56)
r(11,0,7,56)
r(50,4819,7,57)
r(19,0,7,57)
r(33,4802,7,57)
r(12,0,7,57)
r(44,0,7,57)
r(20,0,7,57)
r(64,4807,7,57)
r(91,0,7,57)
r(37,0,7,57)
r(78,4821,7,57)
r(22,0,7,57)
r(60,4817,7,57)
r(79,0,7,57)
r(99,0,7,57)
r(51,0,7,57)
r(98,0,7,57)
r(89,0,7,57)
r(17,0,7,57)
r(62,0,7,57)
r(94,0,7,57)
r(36,0,7,58)
r(12,0,7,58)
r(18,4803,7,58)
r(63,0,7,58)
r(70,4810,7,58)
r(22,0,7,58)
r(34,0,7,58)
r(78,4821,7,58)
r(23,0,7,58)
r(65,4818,7,58)
r(66,0,7,58)
r(99,0,7,58)
r(53,0,7,58)
r(67,0,7,58)
r(40,0,7,58)
r(41,0,7,58)
r(40,0,7,58)
r(15,4809,7,58)
r(67,0,7,58)
r(88,0,7,58)
r(15,4809,7,59)
r(6,0,7,59)
r(23,0,7,59)
r(75,4811,7,59)
r(91,0,7,59)
r(34,0,7,59)
r(21,0,7,59)
r(5,0,7,59)
r(37,0,7,59)
r(75,4811,7,59)
r(88,0,7,59)
r(3,0,7,59)
r(97,0,7,59)
r(26,0,7,59)
r(7,0,7,59)
r(72,4824,7,59)
r(24,0,7,59)
r(85,3617,7,59)
r(43,0,7,59)
r(18,4803,7,59)
w(74,4201,7,60)
w(65,4202,7,60)
w(76,4203,7,60)
w(47,4204,7,60)
w(39,4205,7,60)
w(96,4206,7,60)
w(42,4207,7,60)
w(43,4208,7,60)
w(73,4209,7,60)
w(14,4210,7,60)
w(44,4211,7,60)
w(98,4212,7,60)
w(55,4213,7,60)
w(81,4214,7,60)
w(96,4215,7,60)
w(93,4216,7,60)
w(9,4217,7,60)
w(22,4218,7,60)
w(3,4219,7,60)
w(1,4220,7,60)
r(35,0,7,61)
r(17,0,7,61)
r(99,0,7,61)
r(29,4816,7,61)
r(58,0,7,61)
r(43,4208,7,61)
r(64,4807,7,61)
r(69,0,7,61)
r(14,4210,7,61)
r(75,4811,7,61)
r(37,0,7,61)
w(64,4221,7,61)
w(75,4222,7,61)
w(88,4223,7,61)
w(39,4224,7,61)
w(34,4225,7,61)
w(48,4226,7,61)
w(56,4227,7,61)
w(59,4228,7,61)
w(16,4229,7,61)
r(33,3615,7,62)
r(77,0,7,62)
r(46,4820,7,62)
r(38,4822,7,62)
r(47,4204,7,62)
r(88,4223,7,62)
r(58,0,7,62)
r(73,4209,7,62)
r(41,0,7,62)
r(20,0,7,62)
r(28,0,7,62)
r(91,0,7,62)
r(66,3613,7,62)
r(32,0,7,62)
r(66,3613,7,62)
r(39,4224,7,62)
r(76,4203,7,62)
r(69,0,7,62)
r(80,4823,7,62)
r(75,4222,7,62)
r(82,0,7,63)
r(28,0,7,63)
r(53,0,7,63)
r(66,3613,7,63)
r(71,0,7,63)
r(49,0,7,63)
r(19,0,7,63)
r(4,3618,7,63)
r(19,0,7,63)
r(40,3614,7,63)
r(2,0,7,63)
r(39,4224,7,63)
w(14,4230,7,63)
w(3,4231,7,63)
w(95,4232,7,63)
w(54,4233,7,63)
w(69,4234,7,63)
w(29,4235,7,63)
w(94,4236,7,63)
w(8,4237,7,63)
w(20,4238,7,64)
w(37,4239,7,64)
w(96,4240,7,64)
w(14,4241,7,64)
w(44,4242,7,64)
w(78,4243,7,64)
w(95,4244,7,64)
w(84,4245,7,64)
w(78,4246,7,64)
w(12,4247,7,64)
w(80,4248,7,64)
w(56,4249,7,64)
w(86,4250,7,64)
w(89,4251,7,64)
w(3,4252,7,64)
w(21,4253,7,64)
w(83,4254,7,64)
w(44,4255,7,64)
w(94,4256,7,64)
w(26,4257,7,64)
r(66,3613,7,65)
r(39,4224,7,65)
r(28,0,7,65)
r(48,4226,7,65)
r(88,4223,7,65)
r(45,3660,7,65)
r(69,3646,7,65)
r(76,4203,7,65)
r(59,4228,7,65)
r(10,0,7,65)
r(49,3671,7,65)
r(76,4203,7,65)
r(49,3671,7,65)
r(69,3646,7,65)
r(79,0,7,65)
r(45,3660,7,65)
r(29,4235,7,65)
r(44,4255,7,65)
r(12,3647,7,65)
r(21,3651,7,65)
r(14,4241,7,66)
r(1,3663,7,66)
r(75,3644,7,66)
r(73,3652,7,66)
r(18,4803,7,66)
r(48,4226,7,66)
r(32,0,7,66)
r(53,0,7,66)
r(25,0,7,66)
r(99,0,7,66)
r(11,0,7,66)
w(5,4276,7,66)
w(9,4277,7,66)
w(98,4278,7,66)
w(0,4279,7,66)
w(80,4280,7,66)
w(98,4281,7,66)
w(82,4282,7,66)
w(26,4283,7,66)
w(53,4284,7,66)
w(40,4285,7,67)
w(66,4286,7,67)
w(26,4287,7,67)
w(84,4288,7,67)
w(7,4289,7,67)
w(22,4290,7,67)
w(7,4291,7,67)
w(46,4292,7,67)
w(4,4293,7,67)
w(48,4294,7,67)
w(75,4295,7,67)
w(89,4296,7,67)
w(79,4297,7,67)
w(39,4298,7,67)
w(46,4299,7,67)
w(69,4300,7,67)
w(6,4301,7,67)
w(98,4302,7,67)
w(38,4303,7,67)
w(30,4304,7,67)
w(71,4305,7,68)
w(68,4306,7,68)
w(2,4307,7,68)
w(7,4308,7,68)
w(83,4309,7,68)
w(22,4310,7,68)
w(49,4311,7,68)
w(8,4312,7,68)
w(23,4313,7,68)
w(60,4314,7,68)
w(1,4315,7,68)
w(14,4316,7,68)
w(86,4317,7,68)
w(85,4318,7,68)
w(70,4319,7,68)
w(4,4320,7,68)
w(25,4321,7,68)
w(36,4322,7,68)
w(23,4323,7,68)
w(41,4324,7,68)
w(86,4325,7,69)
w(10,4326,7,69)
w(20,4327,7,69)
w(84,4328,7,69)
w(99,4329,7,69)
w(54,4330,7,69)
w(24,4331,7,69)
w(52,4332,7,69)
w(79,4333,7,69)
w(56,4334,7,69)
w(98,4335,7,69)
w(80,4336,7,69)
w(61,4337,7,69)
w(62,4338,7,69)
w(10,4339,7,69)
w(39,4340,7,69)
w(25,4341,7,69)
w(41,4342,7,69)
w(52,4343,7,69)
w(73,4344,7,69)
r(75,4295,7,70)
r(91,3677,7,70)
r(14,4316,7,70)
r(97,0,7,70)
r(4,4320,7,70)
r(20,4327,7,70)
r(69,4300,7,70)
w(64,4358,7,70)
w(11,4359,7,70)
w(82,4360,7,70)
w(53,4361,7,70)
w(87,4362,7,70)
w(42,4363,7,70)
w(76,4364,7,70)
w(51,4365,7,70)
w(79,4366,7,70)
w(52,4367,7,70)
w(20,4368,7,70)
w(88,4369,7,70)
w(87,4370,7,70)
r(50,1912,7,71)
r(33,2497,7,71)
r(85,1908,7,71)
r(61,2431,7,71)
r(20,2505,7,71)
r(30,1899,7,71)
r(68,2496,7,71)
r(96,1919,7,71)
r(46,4959,7,71)
r(83,1913,7,71)
r(20,2505,7,71)
r(92,1907,7,71)
r(16,1906,7,71)
r(92,1907,7,71)
r(86,1901,7,71)
r(21,1871,7,71)
r(89,2475,7,71)
r(63,2492,7,71)
r(76,3075,7,71)
r(1,1911,7,71)
r(77,4886,7,72)
r(20,3226,7,72)
r(83,302,7,72)
r(6,254,7,72)
r(71,316,7,72)
r(28,4824,7,72)
r(7,291,7,72)
r(92,289,7,72)
r(31,9,7,72)
r(56,13,7,72)
r(30,240,7,72)
r(20,3226,7,72)
r(84,4908,7,72)
r(39,330,7,72)
r(90,15,7,72)
r(61,1432,7,72)
r(69,169,7,72)
r(62,304,7,72)
r(21,205,7,72)
r(12,314,7,72)
r(78,283,7,73)
r(57,136,7,73)
r(95,195,7,73)
r(52,95,7,73)
r(48,162,7,73)
r(9,255,7,73)
r(62,304,7,73)
w(63,4277,7,73)
w(80,4278,7,73)
w(84,4279,7,73)
w(75,4280,7,73)
w(79,4281,7,73)
w(59,4282,7,73)
w(93,4283,7,73)
w(46,4284,7,73)
w(80,4285,7,73)
w(1,4286,7,73)
w(24,4287,7,73)
w(85,4288,7,73)
w(89,4289,7,73)
r(65,3687,7,74)
r(11,167,7,74)
r(25,100,7,74)
r(91,3709,7,74)
r(87,48,7,74)
r(6,40,7,74)
r(15,3699,7,74)
r(24,4287,7,74)
r(80,4285,7,74)
r(41,113,7,74)
r(23,3677,7,74)
r(16,87,7,74)
r(6,40,7,74)
r(38,3675,7,74)
r(17,83,7,74)
r(94,107,7,74)
w(90,4290,7,74)
w(18,4291,7,74)
w(46,4292,7,74)
w(3,4293,7,74)
r(43,53,7,75)
r(2,3710,7,75)
r(57,136,7,75)
r(97,29,7,75)
r(88,14,7,75)
r(6,40,7,75)
r(94,107,7,75)
r(64,310,7,75)
w(84,4294,7,75)
w(64,4295,7,75)
w(68,4296,7,75)
w(72,4297,7,75)
w(39,4298,7,75)
w(68,4299,7,75)
w(34,4300,7,75)
w(2,4301,7,75)
w(72,4302,7,75)
w(25,4303,7,75)
w(18,4304,7,75)
w(0,4305,7,75)
r(62,811,7,76)
r(27,798,7,76)
r(14,3682,7,76)
r(30,792,7,76)
r(56,3698,7,76)
r(1,793,7,76)
w(60,4306,7,76)
w(1,4307,7,76)
w(34,4308,7,76)
w(26,4309,7,76)
w(89,4310,7,76)
w(37,4311,7,76)
w(90,4312,7,76)
w(90,4313,7,76)
w(67,4314,7,76)
w(12,4315,7,76)
w(99,4316,7,76)
w(92,4317,7,76)
w(85,4318,7,76)
w(52,4319,7,76)
r(78,283,7,77)
r(87,48,7,77)
r(79,4281,7,77)
r(94,107,7,77)
r(49,21,7,77)
r(84,4294,7,77)
r(68,4299,7,77)
r(42,3690,7,77)
r(25,4303,7,77)
w(83,4320,7,77)
w(28,4321,7,77)
w(68,4322,7,77)
w(82,4323,7,77)
w(83,4324,7,77)
w(29,4325,7,77)
w(68,4326,7,77)
w(54,4327,7,77)
w(79,4328,7,77)
w(18,4329,7,77)
w(29,4330,7,77)
r(81,833,7,78)
r(56,3698,7,78)
r(60,4306,7,78)
r(68,3743,7,78)
r(12,4315,7,78)
r(84,4294,7,78)
r(37,4311,7,78)
r(9,808,7,78)
w(83,4331,7,78)
w(64,4332,7,78)
w(3,4333,7,78)
w(89,4334,7,78)
w(53,4335,7,78)
w(71,4336,7,78)
w(42,4337,7,78)
w(49,4338,7,78)
w(58,4339,7,78)
w(37,4340,7,78)
w(36,4341,7,78)
w(33,4342,7,78)
r(84,4294,7,79)
r(28,4321,7,79)
r(33,4342,7,79)
r(50,3701,7,79)
r(40,269,7,79)
r(95,829,7,79)
r(85,3750,7,79)
r(25,834,7,79)
r(17,83,7,79)
r(73,288,7,79)
r(83,4331,7,79)
r(74,73,7,79)
r(82,4323,7,79)
r(49,4338,7,79)
r(87,48,7,79)
r(58,4339,7,79)
r(10,3748,7,79)
r(27,798,7,79)
r(46,4292,7,79)
r(4,831,7,79)
r(53,602,7,80)
r(37,4340,7,80)
r(39,3620,7,80)
r(52,4319,7,80)
r(26,4309,7,80)
r(53,602,7,80)
r(46,3764,7,80)
r(12,3760,7,80)
r(39,3620,7,80)
r(40,269,7,80)
r(50,3701,7,80)
r(78,283,7,80)
r(67,3761,7,80)
r(53,602,7,80)
r(55,611,7,80)
r(10,3770,7,80)
r(65,857,7,80)
r(35,605,7,80)
r(99,3730,7,80)
r(75,3609,7,80)
r(70,3773,7,81)
r(73,3619,7,81)
r(45,3739,7,81)
r(33,4342,7,81)
r(87,3772,7,81)
r(36,4341,7,81)
r(6,3617,7,81)
r(85,3750,7,81)
r(63,4277,7,81)
r(51,3615,7,81)
r(69,3616,7,81)
r(99,3730,7,81)
w(26,4238,7,81)
w(19,4239,7,81)
w(49,4240,7,81)
w(3,4241,7,81)
w(89,4242,7,81)
w(82,4243,7,81)
w(28,4244,7,81)
w(73,4245,7,81)
r(90,0,5,82)
r(17,0,5,82)
r(21,3651,5,82)
r(57,4902,5,82)
r(72,4824,5,82)
r(66,4286,5,82)
r(15,4908,5,82)
r(1,4315,5,82)
r(64,4358,5,82)
r(19,3645,5,82)
r(77,0,5,82)
r(88,4369,5,82)
r(10,2422,5,82)
r(31,2421,5,82)
r(61,2415,5,82)
r(90,0,5,82)
r(28,4900,5,82)
r(84,2417,5,82)
r(12,3647,5,82)
r(51,4365,5,82)
r(69,3045,5,83)
r(48,4294,5,83)
r(33,4904,5,83)
r(27,4950,5,83)
r(7,4945,5,83)
r(87,2469,5,83)
r(80,2472,5,83)
r(96,3730,5,83)
r(68,4952,5,83)
w(86,3066,5,83)
w(95,3067,5,83)
w(55,3068,5,83)
w(75,3069,5,83)
w(57,3070,5,83)
w(48,3071,5,83)
w(53,3072,5,83)
w(98,3073,5,83)
w(39,3074,5,83)
w(76,3075,5,83)
w(66,3076,5,83)
w(40,3077,5,84)
w(51,3078,5,84)
w(62,3079,5,84)
w(39,3080,5,84)
w(51,3081,5,84)
w(37,3082,5,84)
w(16,3083,5,84)
w(63,3084,5,84)
w(92,3085,5,84)
w(6,3086,5,84)
w(27,3087,5,84)
w(2,3088,5,84)
w(53,3089,5,84)
w(97,3090,5,84)
w(12,3091,5,84)
w(40,3092,5,84)
w(98,3093,5,84)
w(87,3094,5,84)
w(5,3095,5,84)
w(20,3096,5,84)
r(80,2472,5,85)
r(77,4989,5,85)
r(75,4988,5,85)
r(76,3075,5,85)
r(0,2425,5,85)
r(36,4982,5,85)
r(80,2472,5,85)
r(92,3085,5,85)
r(79,4366,5,85)
r(56,1885,5,85)
r(87,3094,5,85)
r(26,2465,5,85)
r(39,1887,5,85)
w(66,3097,5,85)
w(51,3098,5,85)
w(90,3099,5,85)
w(2,3100,5,85)
w(45,3101,5,85)
w(22,3102,5,85)
w(44,3103,5,85)
r(35,4985,5,86)
r(17,4983,5,86)
r(44,2501,5,86)
r(77,4989,5,86)
r(37,3082,5,86)
r(65,2484,5,86)
r(23,4973,5,86)
r(12,2500,5,86)
w(23,3104,5,86)
w(34,3105,5,86)
w(34,3106,5,86)
w(54,3107,5,86)
w(9,3108,5,86)
w(86,3109,5,86)
w(25,3110,5,86)
w(58,3111,5,86)
w(68,3112,5,86)
w(67,3113,5,86)
w(69,3114,5,86)
w(93,3115,5,86)
r(1,1921,5,87)
r(55,1891,5,87)
r(21,5004,5,87)
r(87,3094,5,87)
r(96,1919,5,87)
r(46,4959,5,87)
r(57,2506,5,87)
r(3,2491,5,87)
r(9,3108,5,87)
r(63,1920,5,87)
r(33,1925,5,87)
r(87,3094,5,87)
r(13,4993,5,87)
r(1,1921,5,87)
r(71,2444,5,87)
r(40,4991,5,87)
r(23,1923,5,87)
r(41,1889,5,87)
r(63,1920,5,87)
r(5,4998,5,87)
r(34,3106,5,88)
r(0,1208,5,88)
r(99,2507,5,88)
r(12,2500,5,88)
r(56,4997,5,88)
r(79,4366,5,88)
r(82,5000,5,88)
r(95,2513,5,88)
r(89,2475,5,88)
r(94,4256,5,88)
w(2,3116,5,88)
w(93,3117,5,88)
w(76,3118,5,88)
w(23,3119,5,88)
w(95,3120,5,88)
w(22,3121,5,88)
w(52,3122,5,88)
w(86,3123,5,88)
w(18,3124,5,88)
w(25,3125,5,88)
w(37,3126,5,89)
w(11,3127,5,89)
w(38,3128,5,89)
w(2,3129,5,89)
w(1,3130,5,89)
w(94,3131,5,89)
w(35,3132,5,89)
w(87,3133,5,89)
w(13,3134,5,89)
w(11,3135,5,89)
w(12,3136,5,89)
w(5,3137,5,89)
w(93,3138,5,89)
w(84,3139,5,89)
w(36,3140,5,89)
w(91,3141,5,89)
w(87,3142,5,89)
w(50,3143,5,89)
w(29,3144,5,89)
w(60,3145,5,89)
r(26,2465,5,90)
r(4,1905,5,90)
r(6,5011,5,90)
r(50,3143,5,90)
r(24,1909,5,90)
r(56,1948,5,90)
r(4,1905,5,90)
r(43,5014,5,90)
r(50,3143,5,90)
r(99,2507,5,90)
r(59,2511,5,90)
r(82,1947,5,90)
r(7,5017,5,90)
r(99,2507,5,90)
r(74,5015,5,90)
w(33,3146,5,90)
w(3,3147,5,90)
w(91,3148,5,90)
w(93,3149,5,90)
w(95,3150,5,90)
r(65,2555,5,91)
r(65,2555,5,91)
r(20,1958,5,91)
r(65,2555,5,91)
r(70,2001,5,91)
r(91,2562,5,91)
r(36,1282,5,91)
r(78,2574,5,91)
r(44,1286,5,91)
r(13,1280,5,91)
w(1,3171,5,91)
w(63,3172,5,91)
w(2,3173,5,91)
w(34,3174,5,91)
w(21,3175,5,91)
w(11,3176,5,91)
w(10,3177,5,91)
w(17,3178,5,91)
w(94,3179,5,91)
w(60,3180,5,91)
r(3,1301,5,92)
r(39,5041,5,92)
r(14,1247,5,92)
r(20,1958,5,92)
r(86,2017,5,92)
r(10,3177,5,92)
r(34,3174,5,92)
r(46,1302,5,92)
r(56,1268,5,92)
r(99,1317,5,92)
r(57,1248,5,92)
r(2,3173,5,92)
r(79,1260,5,92)
r(97,2607,5,92)
r(24,1909,5,92)
r(55,2604,5,92)
r(97,2607,5,92)
r(64,2593,5,92)
r(45,1228,5,92)
r(36,2602,5,92)
r(92,2601,5,93)
r(41,1315,5,93)
r(8,2598,5,93)
r(93,5034,5,93)
r(93,5034,5,93)
r(16,2578,5,93)
r(36,2602,5,93)
w(93,3181,5,93)
w(44,3182,5,93)
w(28,3183,5,93)
w(98,3184,5,93)
w(90,3185,5,93)
w(35,3186,5,93)
w(40,3187,5,93)
w(14,3188,5,93)
w(69,3189,5,93)
w(94,3190,5,93)
w(91,3191,5,93)
w(53,3192,5,93)
w(55,3193,5,93)
r(86,2017,5,94)
r(7,5061,5,94)
r(26,1320,5,94)
r(85,2605,5,94)
r(58,1318,5,94)
r(27,1328,5,94)
r(88,1999,5,94)
r(68,1290,5,94)
r(20,1958,5,94)
w(27,3194,5,94)
w(81,3195,5,94)
w(12,3196,5,94)
w(33,3197,5,94)
w(18,3198,5,94)
w(33,3199,5,94)
w(69,3200,5,94)
w(75,3201,5,94)
w(27,3202,5,94)
w(74,3203,5,94)
w(84,3204,5,94)
r(81,3195,5,95)
r(5,2631,5,95)
r(25,2609,5,95)
r(22,5068,5,95)
r(43,1253,5,95)
r(17,3178,5,95)
r(33,3199,5,95)
r(38,1340,5,95)
r(90,3185,5,95)
r(1,1330,5,95)
w(44,3205,5,95)
w(37,3206,5,95)
w(49,3207,5,95)
w(77,3208,5,95)
w(37,3209,5,95)
w(54,3210,5,95)
w(12,3211,5,95)
w(88,3212,5,95)
w(34,3213,5,95)
w(32,3214,5,95)
r(51,5063,5,96)
r(17,2038,5,96)
r(34,3213,5,96)
r(98,2045,5,96)
r(9,1982,5,96)
r(23,2630,5,96)
r(58,5082,5,96)
r(83,1323,5,96)
r(91,3191,5,96)
r(13,1309,5,96)
r(92,2633,5,96)
w(79,3215,5,96)
w(62,3216,5,96)
w(43,3217,5,96)
w(67,3218,5,96)
w(38,3219,5,96)
w(2,3220,5,96)
w(79,3221,5,96)
w(36,3222,5,96)
w(11,3223,5,96)
w(13,3224,5,97)
w(55,3225,5,97)
w(20,3226,5,97)
w(4,3227,5,97)
w(83,3228,5,97)
w(21,3229,5,97)
w(48,3230,5,97)
w(92,3231,5,97)
w(98,3232,5,97)
w(42,3233,5,97)
w(18,3234,5,97)
w(78,3235,5,97)
w(34,3236,5,97)
w(4,3237,5,97)
w(59,3238,5,97)
w(14,3239,5,97)
w(55,3240,5,97)
w(65,3241,5,97)
w(58,3242,5,97)
w(34,3243,5,97)
r(78,3235,5,98)
r(16,1359,5,98)
r(30,1355,5,98)
r(67,1368,5,98)
r(74,2075,5,98)
r(2,2074,5,98)
r(41,1349,5,98)
r(38,3219,5,98)
r(28,2615,5,98)
r(80,2611,5,98)
r(10,5071,5,98)
w(54,3244,5,98)
w(93,3245,5,98)
w(0,3246,5,98)
w(30,3247,5,98)
w(37,3248,5,98)
w(38,3249,5,98)
w(25,3250,5,98)
w(10,3251,5,98)
w(36,3252,5,98)
r(99,2671,5,99)
r(41,1349,5,99)
r(95,1335,5,99)
r(57,2079,5,99)
r(53,1391,5,99)
r(64,1366,5,99)
r(3,2637,5,99)
r(51,5063,5,99)
r(37,3248,5,99)
r(51,5063,5,99)
r(13,1381,5,99)
r(96,2019,5,99)
r(61,1386,5,99)
r(86,1375,5,99)
r(10,3251,5,99)
r(42,3233,5,99)
r(72,4805,5,99)
r(50,2083,5,99)
r(62,3216,5,99)
r(49,2055,5,99)
r(80,3270,5,100)
r(4,3237,5,100)
r(73,2676,5,100)
r(44,3271,5,100)
r(73,2676,5,100)
r(45,2642,5,100)
r(75,2062,5,100)
r(49,1403,5,100)
r(19,2665,5,100)
w(77,3273,5,100)
w(85,3274,5,100)
w(92,3275,5,100)
w(82,3276,5,100)
w(12,3277,5,100)
w(68,3278,5,100)
w(32,3279,5,100)
w(71,3280,5,100)
w(25,3281,5,100)
w(38,3282,5,100)
w(63,3283,5,100)
r(91,3267,5,101)
r(51,5063,5,101)
r(64,4829,5,101)
r(67,1827,5,101)
r(13,3262,5,101)
r(96,2019,5,101)
r(78,1828,5,101)
r(61,1837,5,101)
r(77,3273,5,101)
r(41,1349,5,101)
r(91,3267,5,101)
r(33,1387,5,101)
r(73,2676,5,101)
r(8,1818,5,101)
r(96,2019,5,101)
r(57,2079,5,101)
r(74,1392,5,101)
r(23,1408,5,101)
r(94,4838,5,101)
r(24,1803,5,101)
r(44,3271,5,102)
r(0,4835,5,102)
r(38,3282,5,102)
r(27,1372,5,102)
r(98,1817,5,102)
r(28,4824,5,102)
r(52,2056,5,102)
r(31,2041,5,102)
r(30,3247,5,102)
r(59,1809,5,102)
r(19,2665,5,102)
w(36,3284,5,102)
w(88,3285,5,102)
w(43,3286,5,102)
w(73,3287,5,102)
w(84,3288,5,102)
w(47,3289,5,102)
w(32,3290,5,102)
w(25,3291,5,102)
w(93,3292,5,102)
r(92,3275,5,103)
r(36,3284,5,103)
r(82,3276,5,103)
r(44,3271,5,103)
r(12,3277,5,103)
r(12,3277,5,103)
r(48,1833,5,103)
r(33,1387,5,103)
r(59,1809,5,103)
r(56,1847,5,103)
r(74,1392,5,103)
r(24,1843,5,103)
r(79,4837,5,103)
r(1,1415,5,103)
r(3,1848,5,103)
r(14,1417,5,103)
r(37,4817,5,103)
r(14,1417,5,103)
r(68,3278,5,103)
r(21,1822,5,103)
r(95,4809,5,104)
r(60,1842,5,104)
r(15,4840,5,104)
r(58,3242,5,104)
r(29,1826,5,104)
r(66,2054,5,104)
r(36,3284,5,104)
r(7,4848,5,104)
r(81,2670,5,104)
r(70,1855,5,104)
r(18,1379,5,104)
r(66,2054,5,104)
r(53,4844,5,104)
r(7,4848,5,104)
r(18,1379,5,104)
r(99,1424,5,104)
r(48,1833,5,104)
r(58,3242,5,104)
r(59,1809,5,104)
r(46,1853,5,104)
r(73,4851,5,105)
r(89,4845,5,105)
r(72,4805,5,105)
r(89,4845,5,105)
r(83,2675,5,105)
r(62,4859,5,105)
r(75,1431,5,105)
w(49,3001,5,105)
w(62,3002,5,105)
w(89,3003,5,105)
w(83,3004,5,105)
w(12,3005,5,105)
w(76,3006,5,105)
w(45,3007,5,105)
w(95,3008,5,105)
w(81,3009,5,105)
w(37,3010,5,105)
w(72,3011,5,105)
w(25,3012,5,105)
w(62,3013,5,105)
r(11,1429,5,106)
r(90,1812,5,106)
r(72,1459,5,106)
r(92,1458,5,106)
r(82,3276,5,106)
r(65,4841,5,106)
r(79,4837,5,106)
r(16,1445,5,106)
r(19,2665,5,106)
r(96,4856,5,106)
r(5,1422,5,106)
w(98,3014,5,106)
w(37,3015,5,106)
w(81,3016,5,106)
w(13,3017,5,106)
w(92,3018,5,106)
w(3,3019,5,106)
w(9,3020,5,106)
w(85,3021,5,106)
w(93,3022,5,106)
r(62,3013,5,107)
r(21,1452,5,107)
r(50,4836,5,107)
r(19,2665,5,107)
r(37,1468,5,107)
r(68,1470,5,107)
r(92,3018,5,107)
r(8,1444,5,107)
r(24,1843,5,107)
w(50,3023,5,107)
w(64,3024,5,107)
w(70,3025,5,107)
w(70,3026,5,107)
w(19,3027,5,107)
w(94,3028,5,107)
w(57,3029,5,107)
w(0,3030,5,107)
w(25,3031,5,107)
w(83,3032,5,107)
w(70,3033,5,107)
r(6,5023,5,108)
r(93,3022,5,108)
r(65,4841,5,108)
r(25,3031,5,108)
r(21,1452,5,108)
r(23,4847,5,108)
r(21,1452,5,108)
r(71,1425,5,108)
r(82,3276,5,108)
r(97,4879,5,108)
w(21,3034,5,108)
w(71,3035,5,108)
w(43,3036,5,108)
w(99,3037,5,108)
w(29,3038,5,108)
w(38,3039,5,108)
w(38,3040,5,108)
w(69,3041,5,108)
w(89,3042,5,108)
w(32,3043,5,108)
r(78,1455,5,109)
r(93,3022,5,109)
r(92,4898,5,109)
r(1,4902,5,109)
r(92,4898,5,109)
r(8,1444,5,109)
r(38,3040,5,109)
r(25,3031,5,109)
r(54,4893,5,109)
r(26,1449,5,109)
w(69,3044,5,109)
w(81,3045,5,109)
w(9,3046,5,109)
w(59,3047,5,109)
w(78,3048,5,109)
w(99,3049,5,109)
w(15,3050,5,109)
w(24,3051,5,109)
w(31,3052,5,109)
w(91,3053,5,109)
r(54,4893,5,110)
r(36,1504,5,110)
r(61,1432,5,110)
r(78,3048,5,110)
r(67,1482,5,110)
r(11,1493,5,110)
r(68,1470,5,110)
r(96,4856,5,110)
r(3,4887,5,110)
r(51,1477,5,110)
r(47,1509,5,110)
r(2,1467,5,110)
r(46,1476,5,110)
r(72,4888,5,110)
w(73,3054,5,110)
w(40,3055,5,110)
w(55,3056,5,110)
w(7,3057,5,110)
w(18,3058,5,110)
w(6,3059,5,110)
r(84,4328,4,111)
r(46,4299,4,111)
r(83,4309,4,111)
r(99,4329,4,111)
r(20,4327,4,111)
r(89,4296,4,111)
r(57,3641,4,111)
r(58,0,4,111)
r(35,3653,4,111)
r(75,4295,4,111)
r(75,4295,4,111)
r(47,4204,4,111)
r(2,4307,4,111)
r(64,4221,4,111)
r(66,4286,4,111)
r(34,4225,4,111)
r(43,4208,4,111)
r(83,4309,4,111)
r(63,0,4,111)
r(42,4207,4,111)
r(90,0,4,112)
r(92,3656,4,112)
r(6,4301,4,112)
r(17,0,4,112)
r(31,0,4,112)
r(12,3647,4,112)
r(53,4284,4,112)
r(81,4214,4,112)
w(49,2413,4,112)
w(71,2414,4,112)
w(61,2415,4,112)
w(29,2416,4,112)
w(84,2417,4,112)
w(39,2418,4,112)
w(81,2419,4,112)
w(34,2420,4,112)
w(31,2421,4,112)
w(10,2422,4,112)
w(69,2423,4,112)
w(5,2424,4,112)
r(34,2420,4,113)
r(94,4256,4,113)
r(88,4369,4,113)
r(41,4342,4,113)
r(75,4295,4,113)
r(12,3647,4,113)
r(46,4299,4,113)
r(36,4322,4,113)
r(28,4900,4,113)
r(4,4320,4,113)
r(98,4335,4,113)
w(0,2425,4,113)
w(99,2426,4,113)
w(44,2427,4,113)
w(3,2428,4,113)
w(89,2429,4,113)
w(23,2430,4,113)
w(61,2431,4,113)
w(65,2432,4,113)
w(73,2433,4,113)
r(10,2422,4,114)
r(9,4277,4,114)
r(54,4330,4,114)
r(34,2420,4,114)
r(57,4902,4,114)
r(2,3712,4,114)
r(39,2418,4,114)
r(75,4295,4,114)
r(39,2418,4,114)
r(21,3651,4,114)
r(43,3011,4,114)
r(0,2425,4,114)
r(21,3651,4,114)
r(86,4325,4,114)
r(63,0,4,114)
r(57,4902,4,114)
r(96,3669,4,114)
r(88,4369,4,114)
r(1,4315,4,114)
r(72,4824,4,114)
r(4,4320,4,115)
r(88,4369,4,115)
r(91,3677,4,115)
r(66,4286,4,115)
r(80,4336,4,115)
r(41,4342,4,115)
r(68,4306,4,115)
r(90,0,4,115)
r(15,4908,4,115)
r(89,2429,4,115)
r(16,3676,4,115)
r(12,3647,4,115)
r(3,2428,4,115)
r(21,3651,4,115)
r(44,2427,4,115)
r(36,4322,4,115)
r(15,4908,4,115)
r(80,4336,4,115)
r(62,4338,4,115)
r(86,4325,4,115)
r(61,2431,4,116)
r(73,2433,4,116)
r(97,0,4,116)
r(21,3651,4,116)
r(67,0,4,116)
r(78,4246,4,116)
r(14,3016,4,116)
r(15,4908,4,116)
r(61,2431,4,116)
w(49,2434,4,116)
w(45,2435,4,116)
w(59,2436,4,116)
w(40,2437,4,116)
w(81,2438,4,116)
w(3,2439,4,116)
w(51,2440,4,116)
w(64,2441,4,116)
w(27,2442,4,116)
w(1,2443,4,116)
w(71,2444,4,116)
r(17,0,4,117)
r(41,4342,4,117)
r(19,3645,4,117)
r(20,4368,4,117)
r(33,4904,4,117)
r(61,2431,4,117)
r(57,4902,4,117)
r(98,4335,4,117)
r(77,0,4,117)
r(91,3677,4,117)
r(51,2440,4,117)
r(22,3014,4,117)
w(37,2445,4,117)
w(97,2446,4,117)
w(20,2447,4,117)
w(21,2448,4,117)
w(43,2449,4,117)
w(46,2450,4,117)
w(47,2451,4,117)
w(56,2452,4,117)
r(9,4277,4,118)
r(33,4904,4,118)
r(8,4312,4,118)
r(83,1859,4,118)
r(44,4960,4,118)
r(63,4957,4,118)
r(84,2417,4,118)
r(99,2426,4,118)
r(44,4960,4,118)
r(99,2426,4,118)
w(26,2465,4,118)
w(22,2466,4,118)
w(12,2467,4,118)
w(72,2468,4,118)
w(87,2469,4,118)
w(23,2470,4,118)
w(41,2471,4,118)
w(80,2472,4,118)
w(74,2473,4,118)
w(78,2474,4,118)
r(61,2431,4,119)
r(99,2426,4,119)
r(58,1865,4,119)
r(74,2473,4,119)
r(2,3712,4,119)
r(39,2418,4,119)
r(91,3677,4,119)
r(35,4939,4,119)
r(35,4939,4,119)
r(94,4256,4,119)
r(68,4952,4,119)
r(67,4958,4,119)
r(56,2452,4,119)
r(59,3745,4,119)
r(22,2466,4,119)
r(56,2452,4,119)
r(7,4945,4,119)
r(6,3718,4,119)
r(90,0,4,119)
r(49,2434,4,119)
r(8,4312,4,120)
r(55,1860,4,120)
r(0,2425,4,120)
r(73,3732,4,120)
r(94,4256,4,120)
r(79,4366,4,120)
r(84,2417,4,120)
r(25,4341,4,120)
r(50,3740,4,120)
w(89,2475,4,120)
w(27,2476,4,120)
w(95,2477,4,120)
w(75,2478,4,120)
w(42,2479,4,120)
w(20,2480,4,120)
w(8,2481,4,120)
w(17,2482,4,120)
w(36,2483,4,120)
w(65,2484,4,120)
w(48,2485,4,120)
r(86,3066,4,121)
r(39,3080,4,121)
r(88,4969,4,121)
r(90,4965,4,121)
r(68,4970,4,121)
r(55,3068,4,121)
r(38,4948,4,121)
r(55,3068,4,121)
r(28,4900,4,121)
r(77,0,4,121)
r(78,2474,4,121)
w(25,2486,4,121)
w(47,2487,4,121)
w(50,2488,4,121)
w(95,2489,4,121)
w(19,2490,4,121)
w(3,2491,4,121)
w(63,2492,4,121)
w(57,2493,4,121)
w(33,2494,4,121)
r(96,1890,4,122)
r(83,1859,4,122)
r(5,4984,4,122)
r(9,4277,4,122)
r(12,3091,4,122)
r(91,3677,4,122)
r(70,3744,4,122)
r(38,1892,4,122)
r(65,2484,4,122)
w(40,2495,4,122)
w(68,2496,4,122)
w(33,2497,4,122)
w(4,2498,4,122)
w(34,2499,4,122)
w(12,2500,4,122)
w(44,2501,4,122)
w(57,2502,4,122)
w(85,2503,4,122)
w(25,2504,4,122)
w(20,2505,4,122)
r(63,2492,4,123)
r(76,3075,4,123)
r(25,2504,4,123)
r(36,4982,4,123)
r(76,3075,4,123)
r(12,2500,4,123)
r(86,3066,4,123)
r(76,3075,4,123)
r(56,4997,4,123)
r(91,3677,4,123)
r(1,1870,4,123)
w(57,2506,4,123)
w(99,2507,4,123)
w(33,2508,4,123)
w(15,2509,4,123)
w(68,2510,4,123)
w(59,2511,4,123)
w(47,2512,4,123)
w(95,2513,4,123)
w(15,2514,4,123)
r(97,5006,4,124)
r(90,1926,4,124)
r(95,2513,4,124)
r(16,1906,4,124)
r(4,1905,4,124)
r(36,4982,4,124)
r(74,5007,4,124)
r(88,5002,4,124)
w(90,2515,4,124)
w(2,2516,4,124)
w(12,2517,4,124)
w(78,2518,4,124)
w(80,2519,4,124)
w(44,2520,4,124)
w(44,2521,4,124)
w(19,2522,4,124)
w(16,2523,4,124)
w(50,2524,4,124)
w(11,2525,4,124)
w(5,2526,4,124)
r(27,1252,4,125)
r(18,3124,4,125)
r(90,2515,4,125)
r(77,4989,4,125)
r(46,1226,4,125)
r(55,5021,4,125)
r(10,1884,4,125)
r(5,3137,4,125)
r(59,2511,4,125)
w(37,2541,4,125)
w(85,2542,4,125)
w(72,2543,4,125)
w(89,2544,4,125)
w(88,2545,4,125)
w(32,2546,4,125)
w(63,2547,4,125)
w(48,2548,4,125)
w(46,2549,4,125)
w(73,2550,4,125)
w(51,2551,4,125)
w(39,2552,4,126)
w(97,2553,4,126)
w(87,2554,4,126)
w(65,2555,4,126)
w(75,2556,4,126)
w(55,2557,4,126)
w(51,2558,4,126)
w(47,2559,4,126)
w(71,2560,4,126)
w(69,2561,4,126)
w(91,2562,4,126)
w(18,2563,4,126)
w(81,2564,4,126)
w(1,2565,4,126)
w(3,2566,4,126)
w(53,2567,4,126)
w(12,2568,4,126)
w(73,2569,4,126)
w(49,2570,4,126)
w(50,2571,4,126)
r(57,1248,4,127)
r(12,2568,4,127)
r(16,5040,4,127)
r(49,2570,4,127)
r(31,1231,4,127)
r(38,1274,4,127)
r(58,1267,4,127)
r(97,2553,4,127)
r(76,1221,4,127)
r(30,1899,4,127)
r(76,1221,4,127)
r(63,2547,4,127)
w(58,2572,4,127)
w(73,2573,4,127)
w(78,2574,4,127)
w(51,2575,4,127)
w(77,2576,4,127)
w(86,2577,4,127)
w(16,2578,4,127)
w(62,2579,4,127)
w(4,2580,4,128)
w(32,2581,4,128)
w(34,2582,4,128)
w(73,2583,4,128)
w(60,2584,4,128)
w(26,2585,4,128)
w(23,2586,4,128)
w(37,2587,4,128)
w(67,2588,4,128)
w(19,2589,4,128)
w(55,2590,4,128)
w(32,2591,4,128)
w(31,2592,4,128)
w(64,2593,4,128)
w(90,2594,4,128)
w(33,2595,4,128)
w(77,2596,4,128)
w(86,2597,4,128)
w(8,2598,4,128)
w(0,2599,4,128)
r(64,2593,4,129)
r(65,2555,4,129)
r(11,3135,4,129)
r(8,2598,4,129)
r(67,2588,4,129)
r(69,3169,4,129)
r(56,1268,4,129)
r(83,1223,4,129)
r(64,2593,4,129)
r(75,1285,4,129)
r(18,5039,4,129)
w(92,2600,4,129)
w(92,2601,4,129)
w(36,2602,4,129)
w(77,2603,4,129)
w(55,2604,4,129)
w(85,2605,4,129)
w(15,2606,4,129)
w(97,2607,4,129)
w(22,2608,4,129)
w(25,2609,4,130)
w(27,2610,4,130)
w(80,2611,4,130)
w(19,2612,4,130)
w(14,2613,4,130)
w(94,2614,4,130)
w(28,2615,4,130)
w(4,2616,4,130)
w(29,2617,4,130)
w(18,2618,4,130)
w(58,2619,4,130)
w(66,2620,4,130)
w(27,2621,4,130)
w(5,2622,4,130)
w(32,2623,4,130)
w(85,2624,4,130)
w(55,2625,4,130)
w(85,2626,4,130)
w(16,2627,4,130)
w(95,2628,4,130)
r(0,1329,4,131)
r(11,3176,4,131)
r(67,2026,4,131)
r(3,1301,4,131)
r(92,2601,4,131)
r(71,2008,4,131)
r(2,3173,4,131)
r(79,1321,4,131)
r(55,2625,4,131)
r(32,2623,4,131)
r(38,5058,4,131)
r(40,3187,4,131)
r(30,1899,4,131)
w(86,2629,4,131)
w(23,2630,4,131)
w(5,2631,4,131)
w(60,2632,4,131)
w(92,2633,4,131)
w(97,2634,4,131)
w(11,2635,4,131)
r(95,1335,4,132)
r(77,2029,4,132)
r(83,1323,4,132)
r(2,2031,4,132)
r(22,5068,4,132)
r(42,1337,4,132)
r(92,2633,4,132)
r(12,3196,4,132)
r(95,1335,4,132)
r(34,3174,4,132)
r(83,1323,4,132)
r(80,2611,4,132)
r(41,1315,4,132)
r(17,3178,4,132)
r(19,5062,4,132)
r(99,1317,4,132)
r(42,1337,4,132)
r(64,2593,4,132)
r(88,1999,4,132)
r(43,1253,4,132)
r(32,5075,4,133)
r(36,1339,4,133)
r(31,2023,4,133)
r(59,1314,4,133)
r(99,5084,4,133)
r(5,2631,4,133)
r(26,2033,4,133)
r(17,3178,4,133)
r(16,5074,4,133)
r(60,2632,4,133)
r(36,1339,4,133)
w(74,2636,4,133)
w(3,2637,4,133)
w(20,2638,4,133)
w(82,2639,4,133)
w(63,2640,4,133)
w(14,2641,4,133)
w(45,2642,4,133)
w(48,2643,4,133)
w(8,2644,4,133)
r(98,2045,4,134)
r(82,2639,4,134)
r(9,1982,4,134)
r(6,5023,4,134)
r(45,2642,4,134)
r(97,2634,4,134)
r(61,2022,4,134)
r(37,3209,4,134)
r(79,1321,4,134)
w(62,2645,4,134)
w(58,2646,4,134)
w(32,2647,4,134)
w(46,2648,4,134)
w(25,2649,4,134)
w(67,2650,4,134)
w(98,2651,4,134)
w(33,2652,4,134)
w(7,2653,4,134)
w(2,2654,4,134)
w(50,2655,4,134)
r(28,2615,4,135)
r(99,5084,4,135)
r(75,2062,4,135)
r(50,2655,4,135)
r(70,1353,4,135)
r(12,3211,4,135)
r(78,1342,4,135)
r(72,5080,4,135)
w(11,2656,4,135)
w(93,2657,4,135)
w(90,2658,4,135)
w(7,2659,4,135)
w(12,2660,4,135)
w(36,2661,4,135)
w(84,2662,4,135)
w(46,2663,4,135)
w(37,2664,4,135)
w(19,2665,4,135)
w(76,2666,4,135)
w(61,2667,4,135)
r(70,1353,4,136)
r(58,3242,4,136)
r(56,1345,4,136)
r(19,2665,4,136)
r(26,2043,4,136)
r(67,1368,4,136)
r(46,2663,4,136)
w(74,2668,4,136)
w(70,2669,4,136)
w(81,2670,4,136)
w(99,2671,4,136)
w(63,2672,4,136)
w(67,2673,4,136)
w(33,2674,4,136)
w(83,2675,4,136)
w(73,2676,4,136)
w(74,2677,4,136)
w(46,2678,4,136)
w(22,2679,4,136)
w(54,2680,4,136)
r(13,4815,0,137)
r(47,1810,0,137)
r(81,2670,0,137)
r(56,1345,0,137)
r(17,2060,0,137)
r(71,1400,0,137)
r(60,2632,0,137)
r(44,3205,0,137)
r(81,2670,0,137)
r(58,3242,0,137)
r(1,1397,0,137)
r(7,2659,0,137)
r(83,2675,0,137)
r(92,1393,0,137)
r(83,2675,0,137)
r(7,2659,0,137)
r(93,3245,0,137)
r(20,3226,0,137)
r(63,1804,0,137)
r(88,1383,0,137)
r(3,4887,0,138)
r(31,3052,0,138)
r(59,3047,0,138)
r(57,3029,0,138)
r(41,4904,0,138)
r(95,1515,0,138)
r(17,1473,0,138)
r(59,3047,0,138)
w(59,128,0,138)
w(10,129,0,138)
w(3,130,0,138)
w(76,131,0,138)
w(55,132,0,138)
w(58,133,0,138)
w(4,134,0,138)
w(70,135,0,138)
w(57,136,0,138)
w(55,137,0,138)
w(16,138,0,138)
w(33,139,0,138)
w(49,140,0,139)
w(0,141,0,139)
w(12,142,0,139)
w(34,143,0,139)
w(91,144,0,139)
w(42,145,0,139)
w(27,146,0,139)
w(50,147,0,139)
w(47,148,0,139)
w(14,149,0,139)
w(25,150,0,139)
w(89,151,0,139)
w(78,152,0,139)
w(82,153,0,139)
w(25,154,0,139)
w(25,155,0,139)
w(10,156,0,139)
w(17,157,0,139)
w(65,158,0,139)
w(52,159,0,139)
r(69,3044,0,140)
r(70,135,0,140)
r(52,159,0,140)
r(97,1517,0,140)
r(84,4908,0,140)
r(11,1493,0,140)
r(15,3050,0,140)
r(21,3034,0,140)
r(39,1475,0,140)
r(45,3007,0,140)
r(57,136,0,140)
r(15,3050,0,140)
r(38,3040,0,140)
r(82,153,0,140)
w(6,160,0,140)
w(0,161,0,140)
w(48,162,0,140)
w(9,163,0,140)
w(11,164,0,140)
w(26,165,0,140)
w(39,166,0,141)
w(11,167,0,141)
w(8,168,0,141)
w(69,169,0,141)
w(76,170,0,141)
w(9,171,0,141)
w(35,172,0,141)
w(37,173,0,141)
w(29,174,0,141)
w(5,175,0,141)
w(44,176,0,141)
w(88,177,0,141)
w(55,178,0,141)
w(92,179,0,141)
w(6,180,0,141)
w(54,181,0,141)
w(17,182,0,141)
w(13,183,0,141)
w(53,184,0,141)
w(89,185,0,141)
w(38,186,0,142)
w(63,187,0,142)
w(30,188,0,142)
w(54,189,0,142)
w(89,190,0,142)
w(14,191,0,142)
w(2,192,0,142)
w(95,193,0,142)
w(71,194,0,142)
w(95,195,0,142)
w(1,196,0,142)
w(64,197,0,142)
w(68,198,0,142)
w(89,199,0,142)
w(64,200,0,142)
w(45,201,0,142)
w(50,202,0,142)
w(73,203,0,142)
w(17,204,0,142)
w(21,205,0,142)
r(75,1431,0,143)
r(45,201,0,143)
r(83,3032,0,143)
r(11,167,0,143)
r(21,205,0,143)
r(40,3055,0,143)
r(24,3051,0,143)
r(80,4894,0,143)
r(98,4912,0,143)
r(71,194,0,143)
r(59,128,0,143)
r(3,130,0,143)
r(9,171,0,143)
r(97,1517,0,143)
r(31,3052,0,143)
r(71,194,0,143)
r(79,1503,0,143)
r(68,198,0,143)
r(42,145,0,143)
r(85,4903,0,143)
r(60,1516,0,144)
r(99,3049,0,144)
r(93,3022,0,144)
r(67,1482,0,144)
r(52,159,0,144)
r(19,3027,0,144)
r(93,3022,0,144)
r(27,146,0,144)
r(2,192,0,144)
r(87,4913,0,144)
r(7,3057,0,144)
w(9,206,0,144)
w(27,207,0,144)
w(55,208,0,144)
w(87,209,0,144)
w(56,210,0,144)
w(51,211,0,144)
w(12,212,0,144)
w(18,213,0,144)
w(27,214,0,144)
r(52,159,0,145)
r(64,200,0,145)
r(90,4876,0,145)
r(35,172,0,145)
r(84,4908,0,145)
r(96,4856,0,145)
r(21,205,0,145)
r(77,4886,0,145)
r(32,3043,0,145)
w(12,215,0,145)
w(15,216,0,145)
w(85,217,0,145)
w(89,218,0,145)
w(86,219,0,145)
w(34,220,0,145)
w(22,221,0,145)
w(33,222,0,145)
w(36,223,0,145)
w(39,224,0,145)
w(3,225,0,145)
r(99,3049,0,146)
r(59,128,0,146)
r(99,3049,0,146)
r(39,224,0,146)
r(45,201,0,146)
r(61,1432,0,146)
r(82,153,0,146)
r(76,170,0,146)
r(97,1517,0,146)
r(45,201,0,146)
r(97,1517,0,146)
r(99,3049,0,146)
r(1,196,0,146)
r(53,184,0,146)
r(42,145,0,146)
w(80,226,0,146)
w(62,227,0,146)
w(93,228,0,146)
w(22,229,0,146)
w(78,230,0,146)
w(17,231,0,147)
w(43,232,0,147)
w(93,233,0,147)
w(94,234,0,147)
w(19,235,0,147)
w(65,236,0,147)
w(46,237,0,147)
w(91,238,0,147)
w(49,239,0,147)
w(30,240,0,147)
w(17,241,0,147)
w(67,242,0,147)
w(82,243,0,147)
w(66,244,0,147)
w(99,245,0,147)
w(31,246,0,147)
w(44,247,0,147)
w(96,248,0,147)
w(64,249,0,147)
w(59,250,0,147)
r(75,1431,0,148)
r(41,4904,0,148)
r(53,184,0,148)
r(51,211,0,148)
r(85,217,0,148)
r(60,1516,0,148)
r(32,3043,0,148)
r(41,4904,0,148)
r(36,223,0,148)
r(5,175,0,148)
r(88,177,0,148)
r(19,235,0,148)
r(35,172,0,148)
r(91,238,0,148)
r(1,196,0,148)
r(1,196,0,148)
r(62,227,0,148)
r(8,168,0,148)
r(57,136,0,148)
r(65,236,0,148)
r(60,1516,0,149)
r(85,217,0,149)
r(95,195,0,149)
r(94,234,0,149)
r(13,183,0,149)
r(41,4904,0,149)
r(34,220,0,149)
r(66,244,0,149)
r(6,180,0,149)
r(10,156,0,149)
w(14,251,0,149)
w(2,252,0,149)
w(32,253,0,149)
w(6,254,0,149)
w(9,255,0,149)
w(47,256,0,149)
w(50,257,0,149)
w(92,258,0,149)
w(35,259,0,149)
w(53,260,0,149)
r(11,167,0,150)
r(58,133,0,150)
r(80,226,0,150)
r(66,244,0,150)
r(14,251,0,150)
r(85,217,0,150)
r(29,174,0,150)
r(97,1517,0,150)
r(45,201,0,150)
w(22,261,0,150)
w(98,262,0,150)
w(44,263,0,150)
w(62,264,0,150)
w(94,265,0,150)
w(90,266,0,150)
w(79,267,0,150)
w(44,268,0,150)
w(40,269,0,150)
w(17,270,0,150)
w(56,271,0,150)
r(96,248,0,151)
r(22,261,0,151)
r(33,222,0,151)
r(48,162,0,151)
r(90,266,0,151)
r(35,259,0,151)
r(13,183,0,151)
r(15,216,0,151)
r(99,245,0,151)
r(66,244,0,151)
w(83,272,0,151)
w(67,273,0,151)
w(42,274,0,151)
w(75,275,0,151)
w(75,276,0,151)
w(14,277,0,151)
w(1,278,0,151)
w(86,279,0,151)
w(12,280,0,151)
w(47,281,0,151)
r(12,280,0,152)
r(87,209,0,152)
r(76,170,0,152)
r(28,4824,0,152)
r(4,134,0,152)
r(1,278,0,152)
r(68,198,0,152)
r(93,233,0,152)
r(64,249,0,152)
r(58,133,0,152)
w(71,282,0,152)
w(78,283,0,152)
w(54,284,0,152)
w(14,285,0,152)
w(53,286,0,152)
w(99,287,0,152)
w(73,288,0,152)
w(92,289,0,152)
w(80,290,0,152)
w(7,291,0,152)
r(18,213,0,153)
r(92,289,0,153)
r(54,284,0,153)
r(44,268,0,153)
r(16,138,0,153)
r(45,201,0,153)
r(36,223,0,153)
r(77,4886,0,153)
r(12,280,0,153)
r(79,267,0,153)
w(56,292,0,153)
w(17,293,0,153)
w(87,294,0,153)
w(65,295,0,153)
w(81,296,0,153)
w(22,297,0,153)
w(90,298,0,153)
w(15,299,0,153)
w(86,300,0,153)
w(4,301,0,153)
r(4,301,0,154)
r(89,218,0,154)
r(12,280,0,154)
r(37,173,0,154)
r(16,138,0,154)
r(33,222,0,154)
r(88,177,0,154)
r(63,187,0,154)
r(90,298,0,154)
r(27,214,0,154)
r(57,136,0,154)
r(66,244,0,154)
r(0,161,0,154)
w(83,302,0,154)
w(12,303,0,154)
w(62,304,0,154)
w(65,305,0,154)
w(12,306,0,154)
w(34,307,0,154)
w(23,308,0,154)
r(32,253,0,155)
r(31,246,0,155)
r(34,307,0,155)
r(80,290,0,155)
r(93,233,0,155)
r(1,278,0,155)
r(76,170,0,155)
r(57,136,0,155)
r(81,296,0,155)
w(15,309,0,155)
w(64,310,0,155)
w(14,311,0,155)
w(68,312,0,155)
w(51,313,0,155)
w(12,314,0,155)
w(96,315,0,155)
w(71,316,0,155)
w(2,317,0,155)
w(53,318,0,155)
w(34,319,0,155)
r(8,168,0,156)
r(12,314,0,156)
r(15,309,0,156)
r(40,269,0,156)
r(14,311,0,156)
r(6,254,0,156)
r(64,310,0,156)
r(68,312,0,156)
r(36,223,0,156)
w(96,320,0,156)
w(52,321,0,156)
w(58,322,0,156)
w(93,323,0,156)
w(74,324,0,156)
w(43,325,0,156)
w(35,326,0,156)
w(85,327,0,156)
w(32,328,0,156)
w(0,329,0,156)
w(39,330,0,156)
r(75,276,0,157)
r(38,186,0,157)
r(30,240,0,157)
r(19,235,0,157)
r(75,276,0,157)
w(89,1,0,157)
w(89,2,0,157)
w(68,3,0,157)
w(38,4,0,157)
w(63,5,0,157)
w(42,6,0,157)
w(80,7,0,157)
w(82,8,0,157)
w(31,9,0,157)
w(97,10,0,157)
w(56,11,0,157)
w(23,12,0,157)
w(56,13,0,157)
w(88,14,0,157)
w(90,15,0,157)
r(57,136,0,158)
r(16,138,0,158)
r(77,4886,0,158)
r(19,235,0,158)
r(92,289,0,158)
r(61,1432,0,158)
r(67,273,0,158)
r(16,138,0,158)
w(68,16,0,158)
w(7,17,0,158)
w(29,18,0,158)
w(83,19,0,158)
w(75,20,0,158)
w(49,21,0,158)
w(92,22,0,158)
w(86,23,0,158)
w(34,24,0,158)
w(31,25,0,158)
w(56,26,0,158)
w(27,27,0,158)
r(18,213,0,159)
r(67,273,0,159)
r(2,317,0,159)
r(19,235,0,159)
r(46,237,0,159)
r(42,6,0,159)
r(98,262,0,159)
r(53,318,0,159)
r(90,15,0,159)
r(0,329,0,159)
r(31,25,0,159)
r(19,235,0,159)
w(4,28,0,159)
w(97,29,0,159)
w(65,30,0,159)
w(34,31,0,159)
w(82,32,0,159)
w(55,33,0,159)
w(47,34,0,159)
w(19,35,0,159)
r(88,14,0,160)
r(65,30,0,160)
r(5,175,0,160)
r(46,237,0,160)
r(70,135,0,160)
r(3,225,0,160)
r(61,1432,0,160)
r(23,12,0,160)
r(13,183,0,160)
r(73,288,0,160)
r(85,327,0,160)
r(93,323,0,160)
w(16,36,0,160)
w(30,37,0,160)
w(53,38,0,160)
w(75,39,0,160)
w(6,40,0,160)
w(42,41,0,160)
w(7,42,0,160)
w(75,43,0,160)
r(57,136,0,161)
r(76,170,0,161)
r(52,321,0,161)
r(47,34,0,161)
r(85,327,0,161)
r(70,135,0,161)
r(1,278,0,161)
r(89,2,0,161)
r(43,325,0,161)
r(15,309,0,161)
r(62,304,0,161)
r(45,201,0,161)
r(14,311,0,161)
r(36,223,0,161)
r(63,5,0,161)
r(90,15,0,161)
r(56,26,0,161)
r(50,257,0,161)
r(45,201,0,161)
r(24,3051,0,161)
w(29,44,0,162)
w(35,45,0,162)
w(69,46,0,162)
w(61,47,0,162)
w(87,48,0,162)
w(51,49,0,162)
w(1,50,0,162)
w(52,51,0,162)
w(65,52,0,162)
w(43,53,0,162)
w(26,54,0,162)
w(42,55,0,162)
w(21,56,0,162)
w(4,57,0,162)
w(77,58,0,162)
w(5,59,0,162)
w(20,60,0,162)
w(23,61,0,162)
w(72,62,0,162)
w(55,63,0,162)
w(79,64,0,163)
w(72,65,0,163)
w(99,66,0,163)
w(13,67,0,163)
w(30,68,0,163)
w(2,69,0,163)
w(25,70,0,163)
w(75,71,0,163)
w(45,72,0,163)
w(74,73,0,163)
w(8,74,0,163)
w(2,75,0,163)
w(85,76,0,163)
w(90,77,0,163)
w(7,78,0,163)
w(80,79,0,163)
w(85,80,0,163)
w(45,81,0,163)
w(31,82,0,163)
w(17,83,0,163)
r(37,173,0,164)
r(33,222,0,164)
r(10,156,0,164)
r(68,16,0,164)
r(74,73,0,164)
r(67,273,0,164)
r(33,222,0,164)
r(89,2,0,164)
r(82,32,0,164)
r(79,64,0,164)
w(68,84,0,164)
w(70,85,0,164)
w(30,86,0,164)
w(16,87,0,164)
w(65,88,0,164)
w(15,89,0,164)
w(81,90,0,164)
w(50,91,0,164)
w(8,92,0,164)
w(72,93,0,164)
r(71,316,0,165)
r(1,50,0,165)
r(98,262,0,165)
r(52,51,0,165)
r(3,225,0,165)
r(18,213,0,165)
r(9,255,0,165)
r(49,21,0,165)
w(84,94,0,165)
w(52,95,0,165)
w(71,96,0,165)
w(13,97,0,165)
w(29,98,0,165)
w(27,99,0,165)
w(25,100,0,165)
w(37,101,0,165)
w(93,102,0,165)
w(5,103,0,165)
w(8,104,0,165)
w(22,105,0,165)
r(92,2601,1,166)
r(60,3180,1,166)
r(1,3171,1,166)
r(51,2013,1,166)
r(94,3179,1,166)
r(50,2571,1,166)
r(8,1324,1,166)
r(52,1298,1,166)
r(66,1902,1,166)
r(63,3172,1,166)
r(36,2602,1,166)
r(92,2601,1,166)
r(82,1299,1,166)
r(47,2559,1,166)
r(49,1300,1,166)
r(61,2022,1,166)
r(65,2011,1,166)
r(40,1304,1,166)
r(42,5013,1,166)
r(76,1221,1,166)
r(57,1248,1,167)
r(73,2018,1,167)
r(90,3185,1,167)
r(45,1334,1,167)
r(8,1324,1,167)
r(5,2622,1,167)
r(32,2623,1,167)
r(31,2023,1,167)
r(13,1309,1,167)
r(36,1339,1,167)
r(31,2023,1,167)
r(80,2611,1,167)
r(79,1321,1,167)
r(55,2625,1,167)
r(18,2618,1,167)
r(95,1335,1,167)
r(75,1341,1,167)
r(75,1341,1,167)
r(81,2036,1,167)
r(24,5055,1,167)
r(31,3052,1,168)
r(32,3043,1,168)
r(93,3022,1,168)
r(48,1511,1,168)
r(47,1509,1,168)
r(84,4908,1,168)
r(64,1496,1,168)
r(73,3054,1,168)
r(21,3034,1,168)
r(9,3046,1,168)
r(60,1516,1,168)
r(6,3059,1,168)
r(70,135,1,168)
r(24,3051,1,168)
r(9,3046,1,168)
r(23,4847,1,168)
r(46,1476,1,168)
r(25,3031,1,168)
r(79,1503,1,168)
r(0,3030,1,168)
r(13,183,1,169)
r(17,293,1,169)
r(98,262,1,169)
r(71,282,1,169)
r(98,262,1,169)
r(98,262,1,169)
r(69,169,1,169)
r(7,291,1,169)
r(85,217,1,169)
r(8,168,1,169)
r(43,232,1,169)
r(79,267,1,169)
r(86,300,1,169)
r(7,291,1,169)
r(59,250,1,169)
r(20,3226,1,169)
r(59,250,1,169)
r(23,308,1,169)
r(70,135,1,169)
r(50,257,1,169)
r(73,288,1,170)
r(83,302,1,170)
r(43,232,1,170)
r(46,237,1,170)
r(5,175,1,170)
r(49,239,1,170)
r(82,243,1,170)
r(1,278,1,170)
r(65,305,1,170)
r(57,136,1,170)
r(57,136,1,170)
r(94,265,1,170)
r(89,218,1,170)
r(56,292,1,170)
r(85,217,1,170)
r(93,233,1,170)
r(19,235,1,170)
r(86,300,1,170)
r(71,282,1,170)
r(79,267,1,170)
r(35,259,1,171)
r(87,294,1,171)
r(39,224,1,171)
r(81,296,1,171)
r(18,213,1,171)
r(91,238,1,171)
r(83,302,1,171)
r(35,259,1,171)
r(14,311,1,171)
r(97,1517,1,171)
r(3,225,1,171)
r(95,195,1,171)
r(7,291,1,171)
r(15,309,1,171)
r(33,222,1,171)
r(29,174,1,171)
r(70,135,1,171)
r(78,283,1,171)
r(21,205,1,171)
r(38,186,1,171)
r(17,293,1,172)
r(92,289,1,172)
r(51,313,1,172)
r(90,298,1,172)
r(5,175,1,172)
r(8,168,1,172)
r(5,175,1,172)
r(63,187,1,172)
r(0,329,1,172)
r(77,4886,1,172)
r(86,300,1,172)
r(54,284,1,172)
r(59,250,1,172)
r(98,262,1,172)
r(61,1432,1,172)
r(68,312,1,172)
r(59,250,1,172)
r(82,243,1,172)
r(65,305,1,172)
r(76,170,1,172)
r(95,195,1,173)
r(29,174,1,173)
r(93,323,1,173)
r(6,254,1,173)
r(31,246,1,173)
r(93,323,1,173)
r(20,3226,1,173)
r(7,291,1,173)
r(35,326,1,173)
r(86,300,1,173)
r(56,292,1,173)
r(58,322,1,173)
r(45,201,1,173)
r(79,267,1,173)
r(12,314,1,173)
r(69,169,1,173)
r(30,240,1,173)
r(22,297,1,173)
r(56,292,1,173)
r(51,313,1,173)
r(57,136,1,174)
r(97,10,1,174)
r(63,5,1,174)
r(17,293,1,174)
r(28,4824,1,174)
r(32,328,1,174)
r(78,283,1,174)
r(10,156,1,174)
r(18,213,1,174)
r(55,208,1,174)
r(51,313,1,174)
r(94,265,1,174)
r(79,267,1,174)
r(27,214,1,174)
r(26,165,1,174)
r(68,3,1,174)
r(29,174,1,174)
r(64,310,1,174)
r(17,293,1,174)
r(50,257,1,174)
r(49,21,1,175)
r(67,273,1,175)
r(93,323,1,175)
r(85,327,1,175)
r(12,314,1,175)
r(84,4908,1,175)
r(94,265,1,175)
r(2,317,1,175)
r(18,213,1,175)
r(52,321,1,175)
r(69,169,1,175)
r(17,293,1,175)
r(14,311,1,175)
r(52,321,1,175)
r(78,283,1,175)
r(9,255,1,175)
r(62,304,1,175)
r(99,287,1,175)
r(51,313,1,175)
r(90,15,1,175)
r(40,269,1,176)
r(71,96,1,176)
r(58,322,1,176)
r(82,3679,1,176)
r(10,156,1,176)
r(33,222,1,176)
r(31,82,1,176)
r(64,310,1,176)
r(83,19,1,176)
r(38,3675,1,176)
r(38,3675,1,176)
r(8,104,1,176)
r(81,90,1,176)
w(82,787,1,176)
w(84,788,1,176)
w(84,789,1,176)
w(52,790,1,176)
w(13,791,1,176)
w(30,792,1,176)
w(1,793,1,176)
w(21,794,1,177)
w(34,795,1,177)
w(72,796,1,177)
w(70,797,1,177)
w(27,798,1,177)
w(55,799,1,177)
w(10,800,1,177)
w(51,801,1,177)
w(98,802,1,177)
w(98,803,1,177)
w(99,804,1,177)
w(71,805,1,177)
w(93,806,1,177)
w(26,807,1,177)
w(9,808,1,177)
w(81,809,1,177)
w(47,810,1,177)
w(62,811,1,177)
w(38,812,1,177)
w(83,813,1,177)
r(75,822,1,178)
r(80,4285,1,178)
r(26,4309,1,178)
r(31,3696,1,178)
r(36,3694,1,178)
r(6,40,1,178)
w(19,823,1,178)
w(85,824,1,178)
w(79,825,1,178)
w(67,826,1,178)
w(34,827,1,178)
w(34,828,1,178)
w(95,829,1,178)
w(83,830,1,178)
w(4,831,1,178)
w(80,832,1,178)
w(81,833,1,178)
w(25,834,1,178)
w(72,835,1,178)
w(13,836,1,178)
r(67,826,1,179)
r(18,4329,1,179)
r(67,826,1,179)
r(88,3741,1,179)
r(76,3742,1,179)
r(11,3738,1,179)
r(19,823,1,179)
w(94,837,1,179)
w(2,838,1,179)
w(39,839,1,179)
w(46,840,1,179)
w(6,841,1,179)
w(20,842,1,179)
w(44,843,1,179)
w(3,844,1,179)
w(25,845,1,179)
w(76,846,1,179)
w(11,847,1,179)
w(48,848,1,179)
w(98,849,1,179)
r(28,4321,1,180)
r(73,288,1,180)
r(86,3755,1,180)
r(7,3762,1,180)
r(52,4319,1,180)
r(60,4306,1,180)
r(36,4341,1,180)
r(75,822,1,180)
r(52,4319,1,180)
r(48,848,1,180)
w(53,850,1,180)
w(83,851,1,180)
w(90,852,1,180)
w(80,853,1,180)
w(60,854,1,180)
w(91,855,1,180)
w(75,856,1,180)
w(65,857,1,180)
w(21,858,1,180)
w(87,859,1,180)
r(82,4323,1,181)
r(41,3745,1,181)
r(86,3755,1,181)
r(21,858,1,181)
r(30,792,1,181)
r(61,3700,1,181)
r(80,853,1,181)
r(94,837,1,181)
w(88,601,1,181)
w(53,602,1,181)
w(19,603,1,181)
w(93,604,1,181)
w(35,605,1,181)
w(47,606,1,181)
w(79,607,1,181)
w(73,608,1,181)
w(6,609,1,181)
w(74,610,1,181)
w(55,611,1,181)
w(1,612,1,181)
r(9,808,1,182)
r(18,4329,1,182)
r(70,3773,1,182)
r(62,3653,1,182)
r(7,3762,1,182)
r(87,3772,1,182)
r(76,3606,1,182)
r(71,3668,1,182)
r(26,4238,1,182)
r(15,3607,1,182)
r(92,3736,1,182)
r(85,3657,1,182)
r(99,3730,1,182)
r(51,3615,1,182)
r(63,3652,1,182)
r(42,4337,1,182)
r(34,3654,1,182)
r(36,4341,1,182)
r(42,4337,1,182)
r(63,3652,1,182)
r(58,3602,1,183)
r(3,4241,1,183)
r(21,4248,1,183)
r(27,3623,1,183)
r(47,3661,1,183)
r(41,3611,1,183)
r(67,3761,1,183)
r(94,4246,1,183)
r(73,4245,1,183)
w(73,667,1,183)
w(17,668,1,183)
w(90,669,1,183)
w(43,670,1,183)
w(84,671,1,183)
w(44,672,1,183)
w(58,673,1,183)
w(33,674,1,183)
w(84,675,1,183)
w(37,676,1,183)
w(72,677,1,183)
w(32,678,1,184)
w(25,679,1,184)
w(17,680,1,184)
w(43,681,1,184)
w(54,682,1,184)
w(66,683,1,184)
w(9,684,1,184)
w(18,685,1,184)
w(58,686,1,184)
w(98,687,1,184)
w(39,688,1,184)
w(40,689,1,184)
w(20,690,1,184)
w(4,691,1,184)
w(37,692,1,184)
w(81,693,1,184)
w(44,694,1,184)
w(8,695,1,184)
w(86,696,1,184)
w(26,697,1,184)
w(0,698,1,185)
w(37,699,1,185)
w(53,700,1,185)
w(80,701,1,185)
w(42,702,1,185)
w(57,703,1,185)
w(6,704,1,185)
w(45,705,1,185)
w(60,706,1,185)
w(47,707,1,185)
w(79,708,1,185)
w(16,709,1,185)
w(32,710,1,185)
w(53,711,1,185)
w(67,712,1,185)
w(51,713,1,185)
w(59,714,1,185)
w(64,715,1,185)
w(70,716,1,185)
w(31,717,1,185)
r(96,3754,1,186)
r(76,3606,1,186)
r(49,3669,1,186)
r(26,697,1,186)
r(55,4252,1,186)
r(39,688,1,186)
r(73,667,1,186)
r(3,4241,1,186)
r(63,3652,1,186)
r(84,675,1,186)
w(19,718,1,186)
w(36,719,1,186)
w(5,720,1,186)
w(66,721,1,186)
w(30,722,1,186)
w(39,723,1,186)
w(15,724,1,186)
w(6,725,1,186)
w(92,726,1,186)
w(52,727,1,186)
r(89,4242,1,187)
r(62,3653,1,187)
r(59,714,1,187)
r(4,691,1,187)
r(43,681,1,187)
r(59,714,1,187)
r(64,715,1,187)
r(77,58,1,187)
r(21,4248,1,187)
w(46,728,1,187)
w(81,729,1,187)
w(2,730,1,187)
w(4,731,1,187)
w(7,732,1,187)
w(15,733,1,187)
w(26,734,1,187)
w(1,735,1,187)
w(91,736,1,187)
w(4,737,1,187)
w(89,738,1,187)
r(5,720,1,188)
r(49,3669,1,188)
r(80,701,1,188)
r(24,4250,1,188)
r(88,601,1,188)
r(39,723,1,188)
r(15,733,1,188)
r(58,686,1,188)
r(76,3606,1,188)
r(35,605,1,188)
r(93,3630,1,188)
r(95,829,1,188)
r(9,684,1,188)
r(44,694,1,188)
r(62,3653,1,188)
r(84,675,1,188)
r(28,4244,1,188)
r(77,58,1,188)
r(11,4253,1,188)
r(25,679,1,188)
r(24,4250,1,189)
r(70,716,1,189)
r(4,737,1,189)
r(50,3701,1,189)
r(89,738,1,189)
r(22,3631,1,189)
r(40,689,1,189)
w(48,739,1,189)
w(99,740,1,189)
w(96,741,1,189)
w(0,742,1,189)
w(23,743,1,189)
w(45,744,1,189)
w(85,745,1,189)
w(38,746,1,189)
w(2,747,1,189)
w(87,748,1,189)
w(88,749,1,189)
w(89,750,1,189)
w(7,751,1,189)
r(97,3751,1,190)
r(35,605,1,190)
r(22,3631,1,190)
r(0,742,1,190)
r(20,690,1,190)
r(65,857,1,190)
r(2,747,1,190)
w(81,752,1,190)
w(42,753,1,190)
w(29,754,1,190)
w(47,755,1,190)
w(72,756,1,190)
w(14,757,1,190)
w(71,758,1,190)
w(74,759,1,190)
w(77,760,1,190)
w(33,761,1,190)
w(26,762,1,190)
w(92,763,1,190)
w(0,764,1,190)
w(97,765,1,191)
w(76,766,1,191)
w(9,767,1,191)
w(2,768,1,191)
w(83,769,1,191)
w(28,770,1,191)
w(40,771,1,191)
w(51,772,1,191)
w(82,773,1,191)
w(2,774,1,191)
w(19,775,1,191)
w(79,776,1,191)
w(48,777,1,191)
w(56,778,1,191)
w(28,779,1,191)
w(29,780,1,191)
w(21,781,1,191)
w(83,782,1,191)
w(1,783,1,191)
w(26,784,1,191)
w(75,601,1,192)
w(17,602,1,192)
w(67,603,1,192)
w(76,604,1,192)
w(47,605,1,192)
w(60,606,1,192)
w(71,607,1,192)
w(43,608,1,192)
w(34,609,1,192)
w(33,610,1,192)
w(63,611,1,192)
w(65,612,1,192)
w(65,613,1,192)
w(44,614,1,192)
w(56,615,1,192)
w(90,616,1,192)
w(26,617,1,192)
w(57,618,1,192)
w(10,619,1,192)
w(87,620,1,192)
r(85,745,1,193)
r(92,763,1,193)
r(91,736,1,193)
r(60,606,1,193)
r(60,606,1,193)
r(75,601,1,193)
r(92,763,1,193)
r(71,607,1,193)
r(31,717,1,193)
r(38,746,1,193)
r(42,753,1,193)
r(1,783,1,193)
r(39,723,1,193)
r(78,283,1,193)
r(55,4252,1,193)
r(22,3631,1,193)
r(8,695,1,193)
r(9,767,1,193)
r(75,601,1,193)
r(39,723,1,193)
r(83,782,1,194)
r(11,4253,1,194)
r(32,710,1,194)
r(80,701,1,194)
r(73,667,1,194)
r(30,722,1,194)
r(25,679,1,194)
r(14,757,1,194)
r(54,682,1,194)
r(20,690,1,194)
r(64,715,1,194)
r(95,829,1,194)
w(28,621,1,194)
w(95,622,1,194)
w(37,623,1,194)
w(80,624,1,194)
w(4,625,1,194)
w(44,626,1,194)
w(39,627,1,194)
w(78,628,1,194)
r(4,4320,3,195)
r(44,2427,3,195)
r(43,2449,3,195)
r(26,3736,3,195)
r(32,4897,3,195)
r(87,3720,3,195)
r(37,2445,3,195)
r(71,2444,3,195)
r(51,2440,3,195)
r(6,3718,3,195)
r(12,4941,3,195)
w(55,1860,3,195)
w(14,1861,3,195)
w(34,1862,3,195)
w(30,1863,3,195)
w(29,1864,3,195)
w(58,1865,3,195)
w(3,1866,3,195)
w(23,1867,3,195)
w(72,1868,3,195)
r(71,2444,3,196)
r(77,0,3,196)
r(88,4369,3,196)
r(18,3742,3,196)
r(78,2474,3,196)
r(83,1859,3,196)
r(77,0,3,196)
r(78,2474,3,196)
r(36,4322,3,196)
r(5,4956,3,196)
r(62,4955,3,196)
r(66,4286,3,196)
r(79,4366,3,196)
r(52,3738,3,196)
r(7,4945,3,196)
r(74,2473,3,196)
r(20,2447,3,196)
r(15,4908,3,196)
r(74,2473,3,196)
r(86,4325,3,196)
r(24,4942,3,197)
r(40,2437,3,197)
r(24,4942,3,197)
r(7,4945,3,197)
r(42,3707,3,197)
r(47,2451,3,197)
r(61,2431,3,197)
r(35,4939,3,197)
r(91,3677,3,197)
w(44,1869,3,197)
w(1,1870,3,197)
w(21,1871,3,197)
w(93,1872,3,197)
w(41,1873,3,197)
w(51,1874,3,197)
w(39,1875,3,197)
w(51,1876,3,197)
w(10,1877,3,197)
w(58,1878,3,197)
w(96,1879,3,197)
r(40,4964,3,198)
r(74,2473,3,198)
r(2,4966,3,198)
r(53,3072,3,198)
r(78,2474,3,198)
r(66,3076,3,198)
r(73,3732,3,198)
r(73,3732,3,198)
r(51,1876,3,198)
r(63,4957,3,198)
r(12,2467,3,198)
r(4,4320,3,198)
r(58,1878,3,198)
r(11,4961,3,198)
r(72,2468,3,198)
r(70,3744,3,198)
r(81,4949,3,198)
r(19,3645,3,198)
r(54,3734,3,198)
r(55,3068,3,198)
r(87,2469,3,199)
r(52,3738,3,199)
r(99,2426,3,199)
r(30,1863,3,199)
r(67,4958,3,199)
r(60,3721,3,199)
r(52,3738,3,199)
r(17,2482,3,199)
r(38,4948,3,199)
r(88,4969,3,199)
r(69,3045,3,199)
r(42,2479,3,199)
w(4,1880,3,199)
w(93,1881,3,199)
w(42,1882,3,199)
w(11,1883,3,199)
w(10,1884,3,199)
w(56,1885,3,199)
w(97,1886,3,199)
w(39,1887,3,199)
r(56,1885,3,200)
r(40,3092,3,200)
r(95,2489,3,200)
r(37,3082,3,200)
r(10,1884,3,200)
r(94,4256,3,200)
r(77,4989,3,200)
r(8,4980,3,200)
w(22,1888,3,200)
w(41,1889,3,200)
w(96,1890,3,200)
w(55,1891,3,200)
w(38,1892,3,200)
w(18,1893,3,200)
w(6,1894,3,200)
w(40,1895,3,200)
w(27,1896,3,200)
w(49,1897,3,200)
w(7,1898,3,200)
w(30,1899,3,200)
w(50,1900,3,201)
w(86,1901,3,201)
w(66,1902,3,201)
w(4,1903,3,201)
w(53,1904,3,201)
w(4,1905,3,201)
w(16,1906,3,201)
w(92,1907,3,201)
w(85,1908,3,201)
w(24,1909,3,201)
w(73,1910,3,201)
w(1,1911,3,201)
w(50,1912,3,201)
w(83,1913,3,201)
w(58,1914,3,201)
w(64,1915,3,201)
w(38,1916,3,201)
w(98,1917,3,201)
w(90,1918,3,201)
w(96,1919,3,201)
r(78,2474,3,202)
r(75,4988,3,202)
r(46,4959,3,202)
r(33,2508,3,202)
r(28,4900,3,202)
r(56,4997,3,202)
r(59,2511,3,202)
r(18,1893,3,202)
r(92,1907,3,202)
r(71,2444,3,202)
r(8,4980,3,202)
r(15,2514,3,202)
w(63,1920,3,202)
w(1,1921,3,202)
w(61,1922,3,202)
w(23,1923,3,202)
w(48,1924,3,202)
w(33,1925,3,202)
w(90,1926,3,202)
w(7,1927,3,202)
r(99,2507,3,203)
r(9,3108,3,203)
r(33,1925,3,203)
r(86,3109,3,203)
r(46,4959,3,203)
r(80,2472,3,203)
w(14,1928,3,203)
w(93,1929,3,203)
w(81,1930,3,203)
w(32,1931,3,203)
w(95,1932,3,203)
w(63,1933,3,203)
w(49,1934,3,203)
w(65,1935,3,203)
w(68,1936,3,203)
w(76,1937,3,203)
w(64,1938,3,203)
w(32,1939,3,203)
w(14,1940,3,203)
w(63,1941,3,203)
w(0,1942,3,204)
w(63,1943,3,204)
w(75,1944,3,204)
w(8,1945,3,204)
w(74,1946,3,204)
w(82,1947,3,204)
w(56,1948,3,204)
w(89,1949,3,204)
w(92,1950,3,204)
w(11,1951,3,204)
w(47,1952,3,204)
w(33,1953,3,204)
w(3,1954,3,204)
w(62,1955,3,204)
w(53,1956,3,204)
w(1,1957,3,204)
w(20,1958,3,204)
w(72,1959,3,204)
w(72,1960,3,204)
w(34,1961,3,204)
r(9,1233,3,205)
r(14,1940,3,205)
r(79,1236,3,205)
r(70,5019,3,205)
r(78,2518,3,205)
r(39,1237,3,205)
r(24,1909,3,205)
r(90,2515,3,205)
r(44,1232,3,205)
r(67,3113,3,205)
r(19,2522,3,205)
r(42,5013,3,205)
r(24,1909,3,205)
r(29,3144,3,205)
r(26,2465,3,205)
r(51,3098,3,205)
r(93,3138,3,205)
r(33,1953,3,205)
r(60,3145,3,205)
r(84,3139,3,205)
w(22,1962,3,206)
w(88,1963,3,206)
w(50,1964,3,206)
w(77,1965,3,206)
w(28,1966,3,206)
w(89,1967,3,206)
w(4,1968,3,206)
w(60,1969,3,206)
w(96,1970,3,206)
w(28,1971,3,206)
w(50,1972,3,206)
w(40,1973,3,206)
w(18,1974,3,206)
w(51,1975,3,206)
w(17,1976,3,206)
w(92,1977,3,206)
w(99,1978,3,206)
w(51,1979,3,206)
w(61,1980,3,206)
w(17,1981,3,206)
r(58,3111,3,207)
r(12,3136,3,207)
r(66,1902,3,207)
r(75,1944,3,207)
r(90,2515,3,207)
r(80,2519,3,207)
r(27,1252,3,207)
r(20,1958,3,207)
r(63,2547,3,207)
r(93,3149,3,207)
r(24,1909,3,207)
r(91,3148,3,207)
r(26,2465,3,207)
r(17,1981,3,207)
r(62,1955,3,207)
r(86,1239,3,207)
r(17,1981,3,207)
r(48,2548,3,207)
r(4,1968,3,207)
r(40,1973,3,207)
r(2,3129,3,208)
r(20,1958,3,208)
r(2,3129,3,208)
r(67,3113,3,208)
r(87,3142,3,208)
r(93,3149,3,208)
r(7,5017,3,208)
r(67,3113,3,208)
r(56,1244,3,208)
r(14,1247,3,208)
r(73,2550,3,208)
r(94,1256,3,208)
r(79,1236,3,208)
r(14,1247,3,208)
r(75,1944,3,208)
r(62,1955,3,208)
r(0,1942,3,208)
r(32,2546,3,208)
r(19,2522,3,208)
r(58,3111,3,208)
r(47,1952,3,209)
r(37,2541,3,209)
r(69,1230,3,209)
r(12,3136,3,209)
r(35,3132,3,209)
r(33,3146,3,209)
r(13,3134,3,209)
r(29,3144,3,209)
r(2,3129,3,209)
r(60,1969,3,209)
r(20,1958,3,209)
r(13,3134,3,209)
r(72,2543,3,209)
r(6,5011,3,209)
r(75,1944,3,209)
r(23,3119,3,209)
r(30,1899,3,209)
r(75,1944,3,209)
r(22,1962,3,209)
r(35,3132,3,209)
r(46,2549,3,210)
r(31,1231,3,210)
r(19,5029,3,210)
r(73,2550,3,210)
r(99,1978,3,210)
r(47,1952,3,210)
r(89,2544,3,210)
r(26,2465,3,210)
r(78,5030,3,210)
r(3,3147,3,210)
r(3,3147,3,210)
r(95,3150,3,210)
r(5,3137,3,210)
r(56,5024,3,210)
r(51,2551,3,210)
r(70,5019,3,210)
w(9,1982,3,210)
w(40,1983,3,210)
w(44,1984,3,210)
w(69,1985,3,210)
w(53,1986,3,211)
w(80,1987,3,211)
w(28,1988,3,211)
w(90,1989,3,211)
w(15,1990,3,211)
w(27,1991,3,211)
w(89,1992,3,211)
w(34,1993,3,211)
w(94,1994,3,211)
w(81,1995,3,211)
w(69,1996,3,211)
w(37,1997,3,211)
w(10,1998,3,211)
w(88,1999,3,211)
w(38,2000,3,211)
w(70,2001,3,211)
w(41,2002,3,211)
w(51,2003,3,211)
w(82,2004,3,211)
w(10,2005,3,211)
r(24,1909,3,212)
r(18,5039,3,212)
r(15,1990,3,212)
r(43,1253,3,212)
r(18,5039,3,212)
r(27,1991,3,212)
r(36,1282,3,212)
w(77,2006,3,212)
w(11,2007,3,212)
w(71,2008,3,212)
w(83,2009,3,212)
w(34,2010,3,212)
w(65,2011,3,212)
w(41,2012,3,212)
w(51,2013,3,212)
w(32,2014,3,212)
w(90,2015,3,212)
w(73,2016,3,212)
w(86,2017,3,212)
w(73,2018,3,212)
r(1,1305,3,213)
r(22,5036,3,213)
r(63,2547,3,213)
r(34,2010,3,213)
r(36,1282,3,213)
r(61,1980,3,213)
r(20,1958,3,213)
r(30,1899,3,213)
r(9,1982,3,213)
r(3,1301,3,213)
w(96,2019,3,213)
w(23,2020,3,213)
w(61,2021,3,213)
w(61,2022,3,213)
w(31,2023,3,213)
w(18,2024,3,213)
w(38,2025,3,213)
w(67,2026,3,213)
w(21,2027,3,213)
w(93,2028,3,213)
r(19,2589,3,214)
r(24,5055,3,214)
r(26,1320,3,214)
r(13,1309,3,214)
r(80,1987,3,214)
r(35,1322,3,214)
r(82,1299,3,214)
r(74,5015,3,214)
r(81,1995,3,214)
r(48,2548,3,214)
r(69,3169,3,214)
w(77,2029,3,214)
w(10,2030,3,214)
w(2,2031,3,214)
w(49,2032,3,214)
w(26,2033,3,214)
w(27,2034,3,214)
w(78,2035,3,214)
w(81,2036,3,214)
w(82,2037,3,214)
r(90,3185,3,215)
r(21,2027,3,215)
r(41,1315,3,215)
r(76,1221,3,215)
r(84,1308,3,215)
r(76,1221,3,215)
r(54,1250,3,215)
w(17,2038,3,215)
w(24,2039,3,215)
w(81,2040,3,215)
w(31,2041,3,215)
w(5,2042,3,215)
w(26,2043,3,215)
w(94,2044,3,215)
w(98,2045,3,215)
w(63,2046,3,215)
w(2,2047,3,215)
w(37,2048,3,215)
w(59,2049,3,215)
w(34,2050,3,215)
r(61,2022,3,216)
r(83,1323,3,216)
r(64,5076,3,216)
r(24,2039,3,216)
r(51,5063,3,216)
r(19,5062,3,216)
r(23,2630,3,216)
r(9,1982,3,216)
w(79,2051,3,216)
w(46,2052,3,216)
w(76,2053,3,216)
w(66,2054,3,216)
w(49,2055,3,216)
w(52,2056,3,216)
w(29,2057,3,216)
w(97,2058,3,216)
w(94,2059,3,216)
w(17,2060,3,216)
w(8,2061,3,216)
w(75,2062,3,216)
r(28,2615,3,217)
r(61,1357,3,217)
r(74,1354,3,217)
r(31,2041,3,217)
r(62,1338,3,217)
r(51,5063,3,217)
r(80,2611,3,217)
r(47,2559,3,217)
r(67,2026,3,217)
r(44,3205,3,217)
r(41,1349,3,217)
r(2,1356,3,217)
r(48,2643,3,217)
r(8,2061,3,217)
r(75,2062,3,217)
r(34,3213,3,217)
r(55,2625,3,217)
r(11,1347,3,217)
r(18,3198,3,217)
r(30,1355,3,217)
r(59,2049,3,218)
r(1,1330,3,218)
r(17,2060,3,218)
r(98,2651,3,218)
r(14,2641,3,218)
r(79,2051,3,218)
r(33,2652,3,218)
w(94,2063,3,218)
w(61,2064,3,218)
w(73,2065,3,218)
w(42,2066,3,218)
w(87,2067,3,218)
w(74,2068,3,218)
w(78,2069,3,218)
w(22,2070,3,218)
w(42,2071,3,218)
w(24,2072,3,218)
w(37,2073,3,218)
w(2,2074,3,218)
w(74,2075,3,218)
r(77,3208,3,219)
r(33,2652,3,219)
r(93,5077,3,219)
r(96,2019,3,219)
r(90,3185,3,219)
r(73,2065,3,219)
r(97,2058,3,219)
r(19,5062,3,219)
r(31,2041,3,219)
r(68,1290,3,219)
r(38,3219,3,219)
r(8,2061,3,219)
w(80,2076,3,219)
w(53,2077,3,219)
w(59,2078,3,219)
w(57,2079,3,219)
w(25,2080,3,219)
w(1,2081,3,219)
w(77,2082,3,219)
w(50,2083,3,219)
r(94,2063,3,220)
r(49,2055,3,220)
r(28,2615,3,220)
r(25,2080,3,220)
r(75,2062,3,220)
r(54,2680,3,220)
r(19,2665,3,220)
r(99,2671,3,220)
r(50,2083,3,220)
r(9,1360,3,220)
r(32,2647,3,220)
r(68,1290,3,220)
r(18,1379,3,220)
r(53,2077,3,220)
r(31,2041,3,220)
r(83,2675,3,220)
r(17,2060,3,220)
r(7,2659,3,220)
r(37,1380,3,220)
r(26,2043,3,220)
r(73,2676,3,221)
r(19,2665,3,221)
r(7,2659,3,221)
r(62,3216,3,221)
r(25,2080,3,221)
r(6,5023,3,221)
r(53,2077,3,221)
r(25,2080,3,221)
r(23,2630,3,221)
r(22,2679,3,221)
r(46,2678,3,221)
r(72,4805,3,221)
w(82,1801,3,221)
w(1,1802,3,221)
w(24,1803,3,221)
w(63,1804,3,221)
w(11,1805,3,221)
w(79,1806,3,221)
w(2,1807,3,221)
w(91,1808,3,221)
r(86,1375,3,222)
r(14,3239,3,222)
r(76,2666,3,222)
r(62,4816,3,222)
r(56,1345,3,222)
r(3,2637,3,222)
r(61,1386,3,222)
r(63,1804,3,222)
r(81,2670,3,222)
r(25,3250,3,222)
r(9,1360,3,222)
w(59,1809,3,222)
w(47,1810,3,222)
w(34,1811,3,222)
w(90,1812,3,222)
w(64,1813,3,222)
w(39,1814,3,222)
w(35,1815,3,222)
w(32,1816,3,222)
w(98,1817,3,222)
w(8,1818,3,223)
w(34,1819,3,223)
w(14,1820,3,223)
w(62,1821,3,223)
w(21,1822,3,223)
w(85,1823,3,223)
w(92,1824,3,223)
w(14,1825,3,223)
w(29,1826,3,223)
w(67,1827,3,223)
w(78,1828,3,223)
w(93,1829,3,223)
w(79,1830,3,223)
w(97,1831,3,223)
w(7,1832,3,223)
w(48,1833,3,223)
w(63,1834,3,223)
w(40,1835,3,223)
w(61,1836,3,223)
w(61,1837,3,223)
r(34,3106,2,224)
r(53,1904,2,224)
r(67,3113,2,224)
r(79,4366,2,224)
r(12,2500,2,224)
r(13,4993,2,224)
r(64,5005,2,224)
r(37,3082,2,224)
r(2,3100,2,224)
r(34,3106,2,224)
r(52,3738,2,224)
r(32,4897,2,224)
r(11,1883,2,224)
r(96,1919,2,224)
r(72,2468,2,224)
r(3,2491,2,224)
r(36,4982,2,224)
r(99,2507,2,224)
r(42,1882,2,224)
r(23,1923,2,224)
r(46,4959,2,225)
r(6,1894,2,225)
r(95,2513,2,225)
r(81,4949,2,225)
r(27,1896,2,225)
r(52,3738,2,225)
r(62,4992,2,225)
r(81,4949,2,225)
w(32,1209,2,225)
w(28,1210,2,225)
w(28,1211,2,225)
w(91,1212,2,225)
w(81,1213,2,225)
w(91,1214,2,225)
w(6,1215,2,225)
w(2,1216,2,225)
w(27,1217,2,225)
w(41,1218,2,225)
w(74,1219,2,225)
w(39,1220,2,225)
r(83,1913,2,226)
r(42,1882,2,226)
r(61,1922,2,226)
r(18,1893,2,226)
r(22,3102,2,226)
r(4,1905,2,226)
r(73,1910,2,226)
r(56,4997,2,226)
r(55,1891,2,226)
r(6,1215,2,226)
r(97,5006,2,226)
r(87,3094,2,226)
r(65,1935,2,226)
r(35,4985,2,226)
w(76,1221,2,226)
w(79,1222,2,226)
w(83,1223,2,226)
w(93,1224,2,226)
w(41,1225,2,226)
w(46,1226,2,226)
r(86,3123,2,227)
r(64,1938,2,227)
r(76,1221,2,227)
r(34,3106,2,227)
r(92,1907,2,227)
r(74,1219,2,227)
r(94,4256,2,227)
r(34,3106,2,227)
r(94,4256,2,227)
w(50,1227,2,227)
w(45,1228,2,227)
w(22,1229,2,227)
w(69,1230,2,227)
w(31,1231,2,227)
w(44,1232,2,227)
w(9,1233,2,227)
w(52,1234,2,227)
w(65,1235,2,227)
w(79,1236,2,227)
w(39,1237,2,227)
w(9,1238,2,228)
w(86,1239,2,228)
w(16,1240,2,228)
w(37,1241,2,228)
w(17,1242,2,228)
w(78,1243,2,228)
w(56,1244,2,228)
w(1,1245,2,228)
w(41,1246,2,228)
w(14,1247,2,228)
w(57,1248,2,228)
w(52,1249,2,228)
w(54,1250,2,228)
w(49,1251,2,228)
w(27,1252,2,228)
w(43,1253,2,228)
w(36,1254,2,228)
w(41,1255,2,228)
w(94,1256,2,228)
w(82,1257,2,228)
w(89,1258,2,229)
w(82,1259,2,229)
w(79,1260,2,229)
w(12,1261,2,229)
w(77,1262,2,229)
w(58,1263,2,229)
w(25,1264,2,229)
w(8,1265,2,229)
w(87,1266,2,229)
w(58,1267,2,229)
w(56,1268,2,229)
w(85,1269,2,229)
w(35,1270,2,229)
w(78,1271,2,229)
w(41,1272,2,229)
w(50,1273,2,229)
w(38,1274,2,229)
w(47,1275,2,229)
w(4,1276,2,229)
w(73,1277,2,229)
w(27,1278,2,230)
w(1,1279,2,230)
w(13,1280,2,230)
w(23,1281,2,230)
w(36,1282,2,230)
w(53,1283,2,230)
w(15,1284,2,230)
w(75,1285,2,230)
w(44,1286,2,230)
w(10,1287,2,230)
w(27,1288,2,230)
w(86,1289,2,230)
w(68,1290,2,230)
w(26,1291,2,230)
w(8,1292,2,230)
w(40,1293,2,230)
w(72,1294,2,230)
w(34,1295,2,230)
w(1,1296,2,230)
w(97,1297,2,230)
r(72,1294,2,231)
r(21,5004,2,231)
r(14,1247,2,231)
r(85,1269,2,231)
r(12,2568,2,231)
r(70,5019,2,231)
r(1,1296,2,231)
r(36,1282,2,231)
r(73,2573,2,231)
r(3,2566,2,231)
r(70,5019,2,231)
w(52,1298,2,231)
w(82,1299,2,231)
w(49,1300,2,231)
w(3,1301,2,231)
w(46,1302,2,231)
w(29,1303,2,231)
w(40,1304,2,231)
w(1,1305,2,231)
w(21,1306,2,231)
r(84,3139,2,232)
r(44,1286,2,232)
r(43,1253,2,232)
r(42,5013,2,232)
r(88,1999,2,232)
r(72,1294,2,232)
r(95,3150,2,232)
r(33,2595,2,232)
r(79,1260,2,232)
w(67,1307,2,232)
w(84,1308,2,232)
w(13,1309,2,232)
w(98,1310,2,232)
w(36,1311,2,232)
w(21,1312,2,232)
w(75,1313,2,232)
w(59,1314,2,232)
w(41,1315,2,232)
w(0,1316,2,232)
w(99,1317,2,232)
r(54,1250,2,233)
r(97,2607,2,233)
r(45,1228,2,233)
r(52,1298,2,233)
r(75,1313,2,233)
r(62,2579,2,233)
r(78,2574,2,233)
r(38,2000,2,233)
r(96,1970,2,233)
w(58,1318,2,233)
w(22,1319,2,233)
w(26,1320,2,233)
w(79,1321,2,233)
w(35,1322,2,233)
w(83,1323,2,233)
w(8,1324,2,233)
w(7,1325,2,233)
w(7,1326,2,233)
w(28,1327,2,233)
w(27,1328,2,233)
r(94,3190,2,234)
r(47,2559,2,234)
r(37,2587,2,234)
r(44,3182,2,234)
r(13,1309,2,234)
r(60,3180,2,234)
r(28,3183,2,234)
r(21,2027,2,234)
r(50,2571,2,234)
r(33,2595,2,234)
r(66,1902,2,234)
r(19,2589,2,234)
r(26,1320,2,234)
r(93,3181,2,234)
w(0,1329,2,234)
w(1,1330,2,234)
w(51,1331,2,234)
w(70,1332,2,234)
w(52,1333,2,234)
w(45,1334,2,234)
r(8,1324,2,235)
r(13,1309,2,235)
r(87,3170,2,235)
r(17,3178,2,235)
r(64,2593,2,235)
r(68,1290,2,235)
r(27,2621,2,235)
r(50,2571,2,235)
r(80,2611,2,235)
r(95,2628,2,235)
w(95,1335,2,235)
w(75,1336,2,235)
w(42,1337,2,235)
w(62,1338,2,235)
w(36,1339,2,235)
w(38,1340,2,235)
w(75,1341,2,235)
w(78,1342,2,235)
w(44,1343,2,235)
w(74,1344,2,235)
r(78,1342,2,236)
r(68,1290,2,236)
r(71,2008,2,236)
r(50,2571,2,236)
r(62,1338,2,236)
r(13,1309,2,236)
r(56,5066,2,236)
r(90,3185,2,236)
r(50,2571,2,236)
r(74,1344,2,236)
r(17,3178,2,236)
r(80,2611,2,236)
r(53,3192,2,236)
r(78,1342,2,236)
w(56,1345,2,236)
w(42,1346,2,236)
w(11,1347,2,236)
w(34,1348,2,236)
w(41,1349,2,236)
w(8,1350,2,236)
r(59,2049,2,237)
r(93,5077,2,237)
r(15,2606,2,237)
r(96,2019,2,237)
r(9,1982,2,237)
r(36,1339,2,237)
r(84,3204,2,237)
r(38,5079,2,237)
r(87,3170,2,237)
r(77,2029,2,237)
w(50,1351,2,237)
w(74,1352,2,237)
w(70,1353,2,237)
w(74,1354,2,237)
w(30,1355,2,237)
w(2,1356,2,237)
w(61,1357,2,237)
w(33,1358,2,237)
w(16,1359,2,237)
w(9,1360,2,237)
r(61,1357,2,238)
r(78,1342,2,238)
r(85,2626,2,238)
r(0,5072,2,238)
r(90,3185,2,238)
r(38,5079,2,238)
r(13,1309,2,238)
r(53,3192,2,238)
r(77,3208,2,238)
w(0,1361,2,238)
w(14,1362,2,238)
w(63,1363,2,238)
w(84,1364,2,238)
w(58,1365,2,238)
w(64,1366,2,238)
w(57,1367,2,238)
w(67,1368,2,238)
w(4,1369,2,238)
w(50,1370,2,238)
w(20,1371,2,238)
r(14,1362,2,239)
r(86,2629,2,239)
r(97,2058,2,239)
r(85,2626,2,239)
r(40,3187,2,239)
r(83,1323,2,239)
r(93,5077,2,239)
r(73,2065,2,239)
r(33,2652,2,239)
r(81,2040,2,239)
w(27,1372,2,239)
w(24,1373,2,239)
w(0,1374,2,239)
w(86,1375,2,239)
w(36,1376,2,239)
w(78,1377,2,239)
w(25,1378,2,239)
w(18,1379,2,239)
w(37,1380,2,239)
w(13,1381,2,239)
r(44,3205,2,240)
r(59,3238,2,240)
r(72,5080,2,240)
r(73,2676,2,240)
r(39,5060,2,240)
r(44,3205,2,240)
r(60,2632,2,240)
r(8,2061,2,240)
r(88,3212,2,240)
r(42,3233,2,240)
w(36,1382,2,240)
w(88,1383,2,240)
w(67,1384,2,240)
w(69,1385,2,240)
w(61,1386,2,240)
w(33,1387,2,240)
w(63,1388,2,240)
w(94,1389,2,240)
w(79,1390,2,240)
w(53,1391,2,240)
r(40,3187,2,241)
r(63,1388,2,241)
r(7,2659,2,241)
r(64,1366,2,241)
r(76,2666,2,241)
r(57,2079,2,241)
r(79,1390,2,241)
r(87,2067,2,241)
r(77,2082,2,241)
w(74,1392,2,241)
w(92,1393,2,241)
w(43,1394,2,241)
w(1,1395,2,241)
w(76,1396,2,241)
w(1,1397,2,241)
w(22,1398,2,241)
w(79,1399,2,241)
w(71,1400,2,241)
w(54,1401,2,241)
w(28,1402,2,241)
r(97,2058,2,242)
r(78,4812,2,242)
r(49,2055,2,242)
r(25,3250,2,242)
r(6,5023,2,242)
r(51,5063,2,242)
r(63,1804,2,242)
r(44,3205,2,242)
r(45,2642,2,242)
r(49,2055,2,242)
r(21,3229,2,242)
r(8,4811,2,242)
w(49,1403,2,242)
w(3,1404,2,242)
w(71,1405,2,242)
w(35,1406,2,242)
w(16,1407,2,242)
w(23,1408,2,242)
w(14,1409,2,242)
w(5,1410,2,242)
r(3,1404,2,243)
r(17,4826,2,243)
r(94,1389,2,243)
r(17,4826,2,243)
r(84,2662,2,243)
r(18,1379,2,243)
r(24,1803,2,243)
r(5,1410,2,243)
r(88,3263,2,243)
r(85,2626,2,243)
r(31,2041,2,243)
r(91,3267,2,243)
w(39,1411,2,243)
w(41,1412,2,243)
w(22,1413,2,243)
w(45,1414,2,243)
w(1,1415,2,243)
w(55,1416,2,243)
w(14,1417,2,243)
w(75,1418,2,243)
w(68,1419,2,244)
w(10,1420,2,244)
w(61,1421,2,244)
w(5,1422,2,244)
w(38,1423,2,244)
w(99,1424,2,244)
w(71,1425,2,244)
w(41,1426,2,244)
w(31,1427,2,244)
w(25,1428,2,244)
w(11,1429,2,244)
w(9,1430,2,244)
w(75,1431,2,244)
w(61,1432,2,244)
w(69,1433,2,244)
w(27,1434,2,244)
w(39,1435,2,244)
w(32,1436,2,244)
w(38,1437,2,244)
w(35,1438,2,244)
r(32,1436,2,245)
r(54,3272,2,245)
r(21,1822,2,245)
r(82,3276,2,245)
r(24,1843,2,245)
r(38,1437,2,245)
r(58,3242,2,245)
r(14,1417,2,245)
r(28,4824,2,245)
w(73,1439,2,245)
w(46,1440,2,245)
w(33,1441,2,245)
w(81,1442,2,245)
w(58,1443,2,245)
w(8,1444,2,245)
w(16,1445,2,245)
w(57,1446,2,245)
w(13,1447,2,245)
w(39,1448,2,245)
w(26,1449,2,245)
r(78,1828,2,246)
r(45,1414,2,246)
r(30,1840,2,246)
r(58,1443,2,246)
r(40,1852,2,246)
r(59,1809,2,246)
r(7,4848,2,246)
r(38,1437,2,246)
r(43,3286,2,246)
r(21,1822,2,246)
w(51,1450,2,246)
w(44,1451,2,246)
w(21,1452,2,246)
w(32,1453,2,246)
w(17,1454,2,246)
w(78,1455,2,246)
w(81,1456,2,246)
w(10,1457,2,246)
w(92,1458,2,246)
w(72,1459,2,246)
r(4,3237,2,247)
r(94,4838,2,247)
r(82,3276,2,247)
r(13,1447,2,247)
r(74,1392,2,247)
r(19,2665,2,247)
r(27,4875,2,247)
r(0,4835,2,247)
r(57,4871,2,247)
w(22,1460,2,247)
w(79,1461,2,247)
w(35,1462,2,247)
w(48,1463,2,247)
w(69,1464,2,247)
w(37,1465,2,247)
w(29,1466,2,247)
w(2,1467,2,247)
w(37,1468,2,247)
w(3,1469,2,247)
w(68,1470,2,247)
w(49,1471,2,248)
w(87,1472,2,248)
w(17,1473,2,248)
w(73,1474,2,248)
w(39,1475,2,248)
w(46,1476,2,248)
w(51,1477,2,248)
w(88,1478,2,248)
w(85,1479,2,248)
w(84,1480,2,248)
w(88,1481,2,248)
w(67,1482,2,248)
w(30,1483,2,248)
w(85,1484,2,248)
w(69,1485,2,248)
w(40,1486,2,248)
w(35,1487,2,248)
w(70,1488,2,248)
w(16,1489,2,248)
w(97,1490,2,248)
r(0,3030,2,249)
r(36,3284,2,249)
r(90,4876,2,249)
r(40,1486,2,249)
r(47,4890,2,249)
r(55,1416,2,249)
r(18,1379,2,249)
r(31,4853,2,249)
r(83,3032,2,249)
r(45,3007,2,249)
r(15,4840,2,249)
r(84,1480,2,249)
r(38,3040,2,249)
r(1,4902,2,249)
r(55,1416,2,249)
r(72,4888,2,249)
r(85,4903,2,249)
r(83,3032,2,249)
r(7,4892,2,249)
r(27,4896,2,249)
w(42,1491,2,250)
w(27,1492,2,250)
w(11,1493,2,250)
w(82,1494,2,250)
w(69,1495,2,250)
w(64,1496,2,250)
w(71,1497,2,250)
w(86,1498,2,250)
w(48,1499,2,250)
w(48,1500,2,250)
w(71,1501,2,250)
w(36,1502,2,250)
w(79,1503,2,250)
w(36,1504,2,250)
w(24,1505,2,250)
w(94,1506,2,250)
w(95,1507,2,250)
w(92,1508,2,250)
w(47,1509,2,250)
w(7,1510,2,250)
r(77,4886,2,251)
r(95,1507,2,251)
r(51,1477,2,251)
r(96,4856,2,251)
r(34,1857,2,251)
r(23,4847,2,251)
r(81,4891,2,251)
r(39,1475,2,251)
r(38,3040,2,251)
r(46,1476,2,251)
r(16,4910,2,251)
r(69,1495,2,251)
w(48,1511,2,251)
w(50,1512,2,251)
w(49,1513,2,251)
w(49,1514,2,251)
w(95,1515,2,251)
w(60,1516,2,251)
w(97,1517,2,251)
w(81,1518,2,251)
