r(70,0,2,0,0)
r(50,0,2,0,1)
r(14,0,2,0,2)
r(85,0,2,0,3)
r(71,0,2,0,4)
r(54,0,2,0,5)
r(7,0,2,0,6)
r(28,0,2,0,7)
r(65,0,2,0,8)
r(54,0,2,0,9)
w(58,4001,2,0,10)
w(11,4002,2,0,11)
w(79,4003,2,0,12)
w(37,4004,2,0,13)
w(5,4005,2,0,14)
w(29,4006,2,0,15)
w(32,4007,2,0,16)
w(91,4008,2,0,17)
w(15,4009,2,0,18)
w(28,4010,2,0,19)
r(48,0,2,1,20)
r(15,4009,2,1,21)
r(3,0,2,1,22)
r(49,0,2,1,23)
r(60,0,2,1,24)
r(49,0,2,1,25)
r(85,2007,2,1,26)
r(91,4008,2,1,27)
r(39,0,2,1,28)
r(44,0,2,1,29)
r(64,0,2,1,30)
r(98,2013,2,1,31)
r(57,0,2,1,32)
w(41,4011,2,1,33)
w(99,4012,2,1,34)
w(80,4013,2,1,35)
w(22,4014,2,1,36)
w(93,4015,2,1,37)
w(26,4016,2,1,38)
w(68,4017,2,1,39)
w(52,4018,2,2,40)
w(54,4019,2,2,41)
w(30,4020,2,2,42)
w(84,4021,2,2,43)
w(62,4022,2,2,44)
w(19,4023,2,2,45)
w(34,4024,2,2,46)
w(45,4025,2,2,47)
w(50,4026,2,2,48)
w(50,4027,2,2,49)
w(94,4028,2,2,50)
w(97,4029,2,2,51)
w(92,4030,2,2,52)
w(85,4031,2,2,53)
w(22,4032,2,2,54)
w(13,4033,2,2,55)
w(29,4034,2,2,56)
w(89,4035,2,2,57)
w(53,4036,2,2,58)
w(91,4037,2,2,59)
w(38,4038,2,3,60)
w(9,4039,2,3,61)
w(24,4040,2,3,62)
w(89,4041,2,3,63)
w(94,4042,2,3,64)
w(20,4043,2,3,65)
w(19,4044,2,3,66)
w(57,4045,2,3,67)
w(36,4046,2,3,68)
w(47,4047,2,3,69)
w(39,4048,2,3,70)
w(25,4049,2,3,71)
w(99,4050,2,3,72)
w(25,4051,2,3,73)
w(79,4052,2,3,74)
w(45,4053,2,3,75)
w(17,4054,2,3,76)
w(90,4055,2,3,77)
w(73,4056,2,3,78)
w(50,4057,2,3,79)
r(92,8049,2,4,80)
r(30,2071,2,4,81)
r(72,10052,2,4,82)
r(95,8036,2,4,83)
r(1,2062,2,4,84)
r(83,6063,2,4,85)
r(10,10043,2,4,86)
r(47,10057,2,4,87)
r(49,10033,2,4,88)
r(40,6082,2,4,89)
w(98,4058,2,4,90)
w(28,4059,2,4,91)
w(61,4060,2,4,92)
w(16,4061,2,4,93)
w(28,4062,2,4,94)
w(73,4063,2,4,95)
w(17,4064,2,4,96)
w(38,4065,2,4,97)
w(84,4066,2,4,98)
w(7,4067,2,4,99)
r(25,4051,2,5,100)
r(59,8054,2,5,101)
r(87,10009,2,5,102)
r(85,2085,2,5,103)
r(73,4063,2,5,104)
r(57,2075,2,5,105)
r(86,10069,2,5,106)
r(26,2087,2,5,107)
r(46,10065,2,5,108)
r(25,4051,2,5,109)
r(24,8058,2,5,110)
r(62,10034,2,5,111)
r(78,6045,2,5,112)
r(53,10073,2,5,113)
r(62,10034,2,5,114)
r(27,0,2,5,115)
r(93,10061,2,5,116)
r(23,8048,2,5,117)
r(9,8053,2,5,118)
r(43,6074,2,5,119)
r(8,8044,2,6,120)
r(8,8044,2,6,121)
r(28,4062,2,6,122)
r(67,8061,2,6,123)
r(9,8053,2,6,124)
r(39,2064,2,6,125)
r(69,0,2,6,126)
r(75,8060,2,6,127)
r(36,8064,2,6,128)
r(95,10076,2,6,129)
r(32,6049,2,6,130)
r(53,10073,2,6,131)
r(60,8068,2,6,132)
r(63,2069,2,6,133)
r(13,10046,2,6,134)
r(38,4065,2,6,135)
r(73,4063,2,6,136)
r(7,4067,2,6,137)
r(1,2062,2,6,138)
r(77,6070,2,6,139)
r(81,2080,2,7,140)
r(11,4002,2,7,141)
r(33,6028,2,7,142)
r(70,6084,2,7,143)
r(10,10071,2,7,144)
r(52,8042,2,7,145)
w(72,4068,2,7,146)
w(59,4069,2,7,147)
w(37,4070,2,7,148)
w(43,4071,2,7,149)
w(98,4072,2,7,150)
w(75,4073,2,7,151)
w(67,4074,2,7,152)
w(95,4075,2,7,153)
w(46,4076,2,7,154)
w(80,4077,2,7,155)
w(38,4078,2,7,156)
w(33,4079,2,7,157)
w(5,4080,2,7,158)
w(7,4081,2,7,159)
w(92,4082,2,8,160)
w(57,4083,2,8,161)
w(2,4084,2,8,162)
w(25,4085,2,8,163)
w(83,4086,2,8,164)
w(24,4087,2,8,165)
w(20,4088,2,8,166)
w(9,4089,2,8,167)
w(71,4090,2,8,168)
w(62,4091,2,8,169)
w(32,4092,2,8,170)
w(43,4093,2,8,171)
w(5,4094,2,8,172)
w(1,4095,2,8,173)
w(55,4096,2,8,174)
w(55,4097,2,8,175)
w(83,4098,2,8,176)
w(0,4099,2,8,177)
w(54,4100,2,8,178)
w(39,4101,2,8,179)
r(47,10057,2,9,180)
r(24,4087,2,9,181)
r(23,8048,2,9,182)
r(47,10057,2,9,183)
r(41,10056,2,9,184)
r(76,6085,2,9,185)
r(91,8073,2,9,186)
r(1,4095,2,9,187)
r(48,2095,2,9,188)
r(66,6071,2,9,189)
w(26,4102,2,9,190)
w(73,4103,2,9,191)
w(94,4104,2,9,192)
w(25,4105,2,9,193)
w(60,4106,2,9,194)
w(37,4107,2,9,195)
w(61,4108,2,9,196)
w(75,4109,2,9,197)
w(0,4110,2,9,198)
w(67,4111,2,9,199)
w(29,4112,2,10,200)
w(10,4113,2,10,201)
w(12,4114,2,10,202)
w(0,4115,2,10,203)
w(28,4116,2,10,204)
w(36,4117,2,10,205)
w(85,4118,2,10,206)
w(52,4119,2,10,207)
w(36,4120,2,10,208)
w(68,4121,2,10,209)
w(6,4122,2,10,210)
w(21,4123,2,10,211)
w(26,4124,2,10,212)
w(61,4125,2,10,213)
w(32,4126,2,10,214)
w(97,4127,2,10,215)
w(59,4128,2,10,216)
w(26,4129,2,10,217)
w(81,4130,2,10,218)
w(20,4131,2,10,219)
r(33,10081,2,11,220)
r(81,4130,2,11,221)
r(10,4113,2,11,222)
r(37,24002,2,11,223)
r(18,10090,2,11,224)
r(79,4052,2,11,225)
r(12,4114,2,11,226)
r(88,24006,2,11,227)
r(48,2105,2,11,228)
r(48,2105,2,11,229)
r(28,4116,2,11,230)
r(97,4127,2,11,231)
w(55,4132,2,11,232)
w(53,4133,2,11,233)
w(12,4134,2,11,234)
w(84,4135,2,11,235)
w(20,4136,2,11,236)
w(7,4137,2,11,237)
w(16,4138,2,11,238)
w(73,4139,2,11,239)
r(21,34014,2,12,240)
r(91,34007,2,12,241)
r(42,20015,2,12,242)
r(64,10113,2,12,243)
r(61,20021,2,12,244)
r(56,6104,2,12,245)
r(93,34019,2,12,246)
r(33,22021,2,12,247)
r(26,4129,2,12,248)
r(57,4083,2,12,249)
r(25,22015,2,12,250)
w(9,4140,2,12,251)
w(57,4141,2,12,252)
w(58,4142,2,12,253)
w(98,4143,2,12,254)
w(65,4144,2,12,255)
w(64,4145,2,12,256)
w(67,4146,2,12,257)
w(77,4147,2,12,258)
w(1,4148,2,12,259)
r(7,4137,2,13,260)
r(79,4052,2,13,261)
r(50,6119,2,13,262)
r(55,24009,2,13,263)
r(99,2101,2,13,264)
r(43,4093,2,13,265)
r(71,6125,2,13,266)
r(56,6121,2,13,267)
r(81,2127,2,13,268)
r(16,6120,2,13,269)
w(72,4149,2,13,270)
w(91,4150,2,13,271)
w(35,4151,2,13,272)
w(65,4152,2,13,273)
w(27,4153,2,13,274)
w(95,4154,2,13,275)
w(70,4155,2,13,276)
w(42,4156,2,13,277)
w(76,4157,2,13,278)
w(22,4158,2,13,279)
r(35,4151,2,14,280)
r(96,24015,2,14,281)
r(38,34036,2,14,282)
r(42,4156,2,14,283)
r(49,6142,2,14,284)
r(24,6144,2,14,285)
r(93,34019,2,14,286)
r(8,34026,2,14,287)
r(68,6141,2,14,288)
r(77,4147,2,14,289)
r(68,6141,2,14,290)
r(70,4155,2,14,291)
r(1,34059,2,14,292)
w(98,4159,2,14,293)
w(21,4160,2,14,294)
w(98,4161,2,14,295)
w(87,4162,2,14,296)
w(60,4163,2,14,297)
w(71,4164,2,14,298)
w(91,4165,2,14,299)
r(72,4149,2,15,300)
r(64,22042,2,15,301)
r(43,34047,2,15,302)
r(73,6124,2,15,303)
r(25,34063,2,15,304)
r(90,20039,2,15,305)
r(67,4146,2,15,306)
r(77,4147,2,15,307)
r(50,8114,2,15,308)
r(53,20032,2,15,309)
w(97,4166,2,15,310)
w(53,4167,2,15,311)
w(33,4168,2,15,312)
w(70,4169,2,15,313)
w(31,4170,2,15,314)
w(46,4171,2,15,315)
w(33,4172,2,15,316)
w(48,4173,2,15,317)
w(95,4174,2,15,318)
w(9,4175,2,15,319)
r(4,26056,2,16,320)
r(77,8145,2,16,321)
r(53,4167,2,16,322)
r(94,28067,2,16,323)
r(20,20058,2,16,324)
r(53,4167,2,16,325)
r(95,4174,2,16,326)
r(43,26043,2,16,327)
r(55,22039,2,16,328)
r(43,26043,2,16,329)
r(69,28066,2,16,330)
r(38,8143,2,16,331)
r(38,8143,2,16,332)
w(28,4176,2,16,333)
w(23,4177,2,16,334)
w(11,4178,2,16,335)
w(62,4179,2,16,336)
w(12,4180,2,16,337)
w(94,4181,2,16,338)
w(70,4182,2,16,339)
r(31,4170,2,17,340)
r(84,54011,2,17,341)
r(46,4171,2,17,342)
r(42,6177,2,17,343)
r(95,4174,2,17,344)
r(49,54012,2,17,345)
r(31,4170,2,17,346)
r(97,4166,2,17,347)
r(6,8118,2,17,348)
r(68,34064,2,17,349)
r(14,22076,2,17,350)
r(93,34019,2,17,351)
r(3,6182,2,17,352)
w(40,4183,2,17,353)
w(39,4184,2,17,354)
w(20,4185,2,17,355)
w(26,4186,2,17,356)
w(10,4187,2,17,357)
w(50,4188,2,17,358)
w(89,4189,2,17,359)
w(29,4190,2,18,360)
w(81,4191,2,18,361)
w(71,4192,2,18,362)
w(53,4193,2,18,363)
w(84,4194,2,18,364)
w(72,4195,2,18,365)
w(78,4196,2,18,366)
w(57,4197,2,18,367)
w(5,4198,2,18,368)
w(80,4199,2,18,369)
w(5,4200,2,18,370)
w(49,4201,2,18,371)
w(75,4202,2,18,372)
w(36,4203,2,18,373)
w(1,4204,2,18,374)
w(8,4205,2,18,375)
w(86,4206,2,18,376)
w(3,4207,2,18,377)
w(68,4208,2,18,378)
w(14,4209,2,18,379)
w(37,4210,2,19,380)
w(98,4211,2,19,381)
w(46,4212,2,19,382)
w(10,4213,2,19,383)
w(20,4214,2,19,384)
w(4,4215,2,19,385)
w(87,4216,2,19,386)
w(81,4217,2,19,387)
w(90,4218,2,19,388)
w(48,4219,2,19,389)
w(66,4220,2,19,390)
w(66,4221,2,19,391)
w(28,4222,2,19,392)
w(54,4223,2,19,393)
w(0,4224,2,19,394)
w(92,4225,2,19,395)
w(12,4226,2,19,396)
w(51,4227,2,19,397)
w(31,4228,2,19,398)
w(8,4229,2,19,399)
w(9,4230,2,20,400)
w(69,4231,2,20,401)
w(75,4232,2,20,402)
w(24,4233,2,20,403)
w(73,4234,2,20,404)
w(46,4235,2,20,405)
w(35,4236,2,20,406)
w(92,4237,2,20,407)
w(62,4238,2,20,408)
w(55,4239,2,20,409)
w(3,4240,2,20,410)
w(42,4241,2,20,411)
w(71,4242,2,20,412)
w(10,4243,2,20,413)
w(93,4244,2,20,414)
w(11,4245,2,20,415)
w(38,4246,2,20,416)
w(23,4247,2,20,417)
w(54,4248,2,20,418)
w(92,4249,2,20,419)
r(97,34174,2,21,420)
r(11,6232,2,21,421)
r(14,2206,2,21,422)
r(9,2200,2,21,423)
r(96,22113,2,21,424)
r(14,2206,2,21,425)
r(77,54059,2,21,426)
r(8,6233,2,21,427)
w(23,4250,2,21,428)
w(8,4251,2,21,429)
w(33,4252,2,21,430)
w(29,4253,2,21,431)
w(95,4254,2,21,432)
w(25,4255,2,21,433)
w(28,4256,2,21,434)
w(56,4257,2,21,435)
w(7,4258,2,21,436)
w(33,4259,2,21,437)
w(21,4260,2,21,438)
w(3,4261,2,21,439)
r(3,4261,2,22,440)
r(72,6238,2,22,441)
r(40,32096,2,22,442)
r(98,20116,2,22,443)
r(58,34177,2,22,444)
r(22,6243,2,22,445)
r(56,4257,2,22,446)
r(64,48070,2,22,447)
r(43,20081,2,22,448)
r(49,6217,2,22,449)
w(82,4262,2,22,450)
w(6,4263,2,22,451)
w(41,4264,2,22,452)
w(54,4265,2,22,453)
w(38,4266,2,22,454)
w(59,4267,2,22,455)
w(18,4268,2,22,456)
w(12,4269,2,22,457)
w(43,4270,2,22,458)
w(52,4271,2,22,459)
r(75,8239,2,23,460)
r(84,10195,2,23,461)
r(1,34179,2,23,462)
r(6,4263,2,23,463)
r(69,34135,2,23,464)
r(43,4270,2,23,465)
r(5,10193,2,23,466)
r(23,8240,2,23,467)
r(89,34157,2,23,468)
r(81,2230,2,23,469)
r(84,10195,2,23,470)
r(80,22102,2,23,471)
r(9,2200,2,23,472)
r(40,48094,2,23,473)
r(31,6248,2,23,474)
r(32,22129,2,23,475)
r(5,10193,2,23,476)
r(43,4270,2,23,477)
r(87,22134,2,23,478)
r(50,20127,2,23,479)
r(51,22121,2,24,480)
r(16,6247,2,24,481)
r(9,2200,2,24,482)
r(73,26139,2,24,483)
r(86,22120,2,24,484)
r(24,48093,2,24,485)
r(36,6254,2,24,486)
r(5,10193,2,24,487)
r(65,20094,2,24,488)
w(54,4272,2,24,489)
w(85,4273,2,24,490)
w(81,4274,2,24,491)
w(19,4275,2,24,492)
w(23,4276,2,24,493)
w(13,4277,2,24,494)
w(52,4278,2,24,495)
w(24,4279,2,24,496)
w(83,4280,2,24,497)
w(84,4281,2,24,498)
w(63,4282,2,24,499)
r(32,22129,2,25,500)
r(77,48092,2,25,501)
r(0,10180,2,25,502)
r(33,26164,2,25,503)
r(90,54084,2,25,504)
r(53,54104,2,25,505)
r(64,2213,2,25,506)
r(40,48094,2,25,507)
r(86,10205,2,25,508)
r(81,8245,2,25,509)
r(98,10208,2,25,510)
w(0,4283,2,25,511)
w(54,4284,2,25,512)
w(36,4285,2,25,513)
w(94,4286,2,25,514)
w(60,4287,2,25,515)
w(83,4288,2,25,516)
w(11,4289,2,25,517)
w(72,4290,2,25,518)
w(99,4291,2,25,519)
w(7,4292,2,26,520)
w(58,4293,2,26,521)
w(81,4294,2,26,522)
w(0,4295,2,26,523)
w(91,4296,2,26,524)
w(8,4297,2,26,525)
w(86,4298,2,26,526)
w(54,4299,2,26,527)
w(47,4300,2,26,528)
w(2,4301,2,26,529)
w(49,4302,2,26,530)
w(30,4303,2,26,531)
w(73,4304,2,26,532)
w(55,4305,2,26,533)
w(77,4306,2,26,534)
w(28,4307,2,26,535)
w(68,4308,2,26,536)
w(43,4309,2,26,537)
w(69,4310,2,26,538)
w(68,4311,2,26,539)
r(91,4296,2,27,540)
r(6,20169,2,27,541)
r(90,48138,2,27,542)
r(7,4292,2,27,543)
r(96,10229,2,27,544)
r(25,6282,2,27,545)
r(33,48148,2,27,546)
r(27,24178,2,27,547)
r(85,48141,2,27,548)
r(3,26197,2,27,549)
r(4,54136,2,27,550)
r(99,4291,2,27,551)
w(76,4312,2,27,552)
w(8,4313,2,27,553)
w(66,4314,2,27,554)
w(13,4315,2,27,555)
w(84,4316,2,27,556)
w(20,4317,2,27,557)
w(62,4318,2,27,558)
w(99,4319,2,27,559)
r(71,8277,2,28,560)
r(78,6298,2,28,561)
r(37,8290,2,28,562)
r(39,22182,2,28,563)
r(53,8272,2,28,564)
r(29,48146,2,28,565)
r(55,34244,2,28,566)
r(9,48136,2,28,567)
r(5,6308,2,28,568)
r(26,34252,2,28,569)
r(90,8278,2,28,570)
r(50,8273,2,28,571)
w(36,4320,2,28,572)
w(86,4321,2,28,573)
w(92,4322,2,28,574)
w(87,4323,2,28,575)
w(50,4324,2,28,576)
w(19,4325,2,28,577)
w(70,4326,2,28,578)
w(23,4327,2,28,579)
r(19,4325,2,29,580)
r(82,22208,2,29,581)
r(59,20211,2,29,582)
r(58,8283,2,29,583)
r(23,4327,2,29,584)
r(0,20197,2,29,585)
r(74,2285,2,29,586)
r(72,26214,2,29,587)
r(6,20202,2,29,588)
r(48,48176,2,29,589)
r(80,48178,2,29,590)
w(47,4328,2,29,591)
w(39,4329,2,29,592)
w(34,4330,2,29,593)
w(0,4331,2,29,594)
w(50,4332,2,29,595)
w(43,4333,2,29,596)
w(27,4334,2,29,597)
w(71,4335,2,29,598)
w(43,4336,2,29,599)
r(1,54167,2,30,600)
r(12,26220,2,30,601)
r(74,2285,2,30,602)
r(83,56170,2,30,603)
r(71,4335,2,30,604)
r(44,22179,2,30,605)
r(80,54168,2,30,606)
r(19,4325,2,30,607)
r(1,54167,2,30,608)
r(87,22207,2,30,609)
r(15,8322,2,30,610)
r(23,4327,2,30,611)
w(86,4337,2,30,612)
w(72,4338,2,30,613)
w(33,4339,2,30,614)
w(81,4340,2,30,615)
w(9,4341,2,30,616)
w(99,4342,2,30,617)
w(34,4343,2,30,618)
w(9,4344,2,30,619)
r(29,34281,2,31,620)
r(57,8332,2,31,621)
r(91,2296,2,31,622)
r(71,4335,2,31,623)
r(10,8328,2,31,624)
r(43,4336,2,31,625)
r(61,24246,2,31,626)
r(27,8334,2,31,627)
r(9,4344,2,31,628)
w(80,4345,2,31,629)
w(40,4346,2,31,630)
w(60,4347,2,31,631)
w(62,4348,2,31,632)
w(66,4349,2,31,633)
w(2,4350,2,31,634)
w(47,4351,2,31,635)
w(44,4352,2,31,636)
w(28,4353,2,31,637)
w(80,4354,2,31,638)
w(91,4355,2,31,639)
r(52,20199,2,32,640)
r(55,54207,2,32,641)
r(39,54183,2,32,642)
r(59,2324,2,32,643)
r(64,10283,2,32,644)
r(49,8337,2,32,645)
r(92,24264,2,32,646)
r(97,48219,2,32,647)
r(81,8338,2,32,648)
r(92,24264,2,32,649)
r(19,26246,2,32,650)
r(66,26241,2,32,651)
r(71,4335,2,32,652)
r(79,56187,2,32,653)
r(30,10308,2,32,654)
r(86,8325,2,32,655)
r(82,24237,2,32,656)
r(75,48204,2,32,657)
r(7,6362,2,32,658)
r(37,48224,2,32,659)
r(92,24264,2,33,660)
r(93,24268,2,33,661)
r(37,48224,2,33,662)
r(40,24267,2,33,663)
r(86,8325,2,33,664)
r(36,48227,2,33,665)
r(74,48225,2,33,666)
r(27,26245,2,33,667)
r(63,6384,2,33,668)
r(58,54205,2,33,669)
r(89,6378,2,33,670)
w(78,4356,2,33,671)
w(78,4357,2,33,672)
w(0,4358,2,33,673)
w(81,4359,2,33,674)
w(58,4360,2,33,675)
w(41,4361,2,33,676)
w(85,4362,2,33,677)
w(87,4363,2,33,678)
w(27,4364,2,33,679)
r(82,48238,2,34,680)
r(72,26272,2,34,681)
r(26,10332,2,34,682)
r(91,34305,2,34,683)
r(25,54229,2,34,684)
r(9,20262,2,34,685)
r(89,2338,2,34,686)
r(7,26254,2,34,687)
r(89,2338,2,34,688)
r(78,10334,2,34,689)
r(77,26276,2,34,690)
r(98,2335,2,34,691)
r(49,10333,2,34,692)
r(93,26282,2,34,693)
r(83,20274,2,34,694)
w(17,4365,2,34,695)
w(6,4366,2,34,696)
w(81,4367,2,34,697)
w(92,4368,2,34,698)
w(60,4369,2,34,699)
r(36,26280,2,35,700)
r(31,2341,2,35,701)
r(25,54229,2,35,702)
r(39,54183,2,35,703)
r(37,48258,2,35,704)
r(32,48234,2,35,705)
r(38,24292,2,35,706)
r(30,2333,2,35,707)
r(27,24296,2,35,708)
r(72,48241,2,35,709)
r(13,34307,2,35,710)
r(34,24293,2,35,711)
r(64,26265,2,35,712)
r(32,48234,2,35,713)
r(32,48234,2,35,714)
r(66,26241,2,35,715)
r(89,2338,2,35,716)
r(42,10310,2,35,717)
r(42,10310,2,35,718)
r(37,48258,2,35,719)
r(46,48259,2,36,720)
r(33,54223,2,36,721)
r(15,2343,2,36,722)
r(54,26264,2,36,723)
r(45,20266,2,36,724)
r(18,10338,2,36,725)
r(4,20265,2,36,726)
r(68,36263,2,36,727)
r(34,24293,2,36,728)
r(68,36263,2,36,729)
r(27,24296,2,36,730)
r(99,48250,2,36,731)
w(57,4370,2,36,732)
w(87,4371,2,36,733)
w(63,4372,2,36,734)
w(3,4373,2,36,735)
w(94,4374,2,36,736)
w(85,4375,2,36,737)
w(1,4376,2,36,738)
w(39,4377,2,36,739)
r(6,34330,2,37,740)
r(88,22266,2,37,741)
r(25,54229,2,37,742)
r(56,48244,2,37,743)
r(89,2338,2,37,744)
r(12,48264,2,37,745)
r(5,22254,2,37,746)
r(20,34331,2,37,747)
r(57,4370,2,37,748)
r(11,48243,2,37,749)
r(68,34312,2,37,750)
r(72,48241,2,37,751)
r(41,34316,2,37,752)
r(97,2353,2,37,753)
r(45,20266,2,37,754)
r(25,54229,2,37,755)
r(34,24293,2,37,756)
r(88,22266,2,37,757)
r(18,10338,2,37,758)
r(17,34298,2,37,759)
r(64,6403,2,38,760)
r(75,10351,2,38,761)
r(6,34330,2,38,762)
r(83,10356,2,38,763)
r(28,10357,2,38,764)
r(48,22268,2,38,765)
r(2,34328,2,38,766)
r(14,8363,2,38,767)
r(7,10345,2,38,768)
r(49,10333,2,38,769)
r(91,22262,2,38,770)
w(25,4378,2,38,771)
w(27,4379,2,38,772)
w(37,4380,2,38,773)
w(81,4381,2,38,774)
w(55,4382,2,38,775)
w(57,4383,2,38,776)
w(50,4384,2,38,777)
w(14,4385,2,38,778)
w(5,4386,2,38,779)
r(74,10344,2,39,780)
r(25,4378,2,39,781)
r(42,6407,2,39,782)
r(96,26273,2,39,783)
r(19,24295,2,39,784)
r(38,10350,2,39,785)
r(89,48269,2,39,786)
r(49,10333,2,39,787)
r(19,24295,2,39,788)
r(50,4384,2,39,789)
r(5,4386,2,39,790)
r(85,4375,2,39,791)
w(20,4387,2,39,792)
w(79,4388,2,39,793)
w(6,4389,2,39,794)
w(90,4390,2,39,795)
w(5,4391,2,39,796)
w(15,4392,2,39,797)
w(86,4393,2,39,798)
w(24,4394,2,39,799)
r(37,6430,2,40,800)
r(16,10358,2,40,801)
r(90,2354,2,40,802)
r(77,24289,2,40,803)
r(16,10358,2,40,804)
w(4,4395,2,40,805)
w(37,4396,2,40,806)
w(57,4397,2,40,807)
w(20,4398,2,40,808)
w(24,4399,2,40,809)
w(21,4400,2,40,810)
w(57,4401,2,40,811)
w(52,4402,2,40,812)
w(22,4403,2,40,813)
w(21,4404,2,40,814)
w(68,4405,2,40,815)
w(1,4406,2,40,816)
w(39,4407,2,40,817)
w(29,4408,2,40,818)
w(82,4409,2,40,819)
r(71,8414,2,41,820)
r(46,26325,2,41,821)
r(5,4391,2,41,822)
r(92,48270,2,41,823)
r(73,2393,2,41,824)
r(79,6425,2,41,825)
r(21,34350,2,41,826)
r(27,26315,2,41,827)
r(53,10390,2,41,828)
r(97,48309,2,41,829)
r(18,6423,2,41,830)
w(12,4410,2,41,831)
w(20,4411,2,41,832)
w(49,4412,2,41,833)
w(89,4413,2,41,834)
w(54,4414,2,41,835)
w(32,4415,2,41,836)
w(78,4416,2,41,837)
w(66,4417,2,41,838)
w(49,4418,2,41,839)
r(33,2358,2,42,840)
r(64,8395,2,42,841)
r(76,34369,2,42,842)
r(64,8395,2,42,843)
r(54,4414,2,42,844)
r(6,20318,2,42,845)
r(82,4409,2,42,846)
r(22,34364,2,42,847)
r(17,10400,2,42,848)
r(31,8431,2,42,849)
r(48,54289,2,42,850)
w(59,4419,2,42,851)
w(77,4420,2,42,852)
w(73,4421,2,42,853)
w(87,4422,2,42,854)
w(20,4423,2,42,855)
w(95,4424,2,42,856)
w(71,4425,2,42,857)
w(53,4426,2,42,858)
w(47,4427,2,42,859)
w(0,4428,2,43,860)
w(97,4429,2,43,861)
w(92,4430,2,43,862)
w(43,4431,2,43,863)
w(53,4432,2,43,864)
w(16,4433,2,43,865)
w(45,4434,2,43,866)
w(81,4435,2,43,867)
w(49,4436,2,43,868)
w(89,4437,2,43,869)
w(18,4438,2,43,870)
w(48,4439,2,43,871)
w(28,4440,2,43,872)
w(0,4441,2,43,873)
w(72,4442,2,43,874)
w(46,4443,2,43,875)
w(66,4444,2,43,876)
w(38,4445,2,43,877)
w(33,4446,2,43,878)
w(26,4447,2,43,879)
r(15,6471,2,44,880)
r(60,24338,2,44,881)
r(65,48312,2,44,882)
r(68,20337,2,44,883)
r(73,54315,2,44,884)
r(42,20350,2,44,885)
r(16,6475,2,44,886)
r(93,20341,2,44,887)
r(1,34365,2,44,888)
r(9,24342,2,44,889)
r(77,4420,2,44,890)
r(66,4444,2,44,891)
r(9,24342,2,44,892)
w(98,4448,2,44,893)
w(99,4449,2,44,894)
w(72,4450,2,44,895)
w(5,4451,2,44,896)
w(98,4452,2,44,897)
w(90,4453,2,44,898)
w(69,4454,2,44,899)
w(77,4455,2,45,900)
w(33,4456,2,45,901)
w(56,4457,2,45,902)
w(17,4458,2,45,903)
w(19,4459,2,45,904)
w(55,4460,2,45,905)
w(67,4461,2,45,906)
w(27,4462,2,45,907)
w(85,4463,2,45,908)
w(52,4464,2,45,909)
w(77,4465,2,45,910)
w(92,4466,2,45,911)
w(22,4467,2,45,912)
w(35,4468,2,45,913)
w(64,4469,2,45,914)
w(3,4470,2,45,915)
w(84,4471,2,45,916)
w(67,4472,2,45,917)
w(96,4473,2,45,918)
w(30,4474,2,45,919)
w(99,4475,2,46,920)
w(64,4476,2,46,921)
w(83,4477,2,46,922)
w(12,4478,2,46,923)
w(97,4479,2,46,924)
w(63,4480,2,46,925)
w(99,4481,2,46,926)
w(2,4482,2,46,927)
w(2,4483,2,46,928)
w(69,4484,2,46,929)
w(81,4485,2,46,930)
w(73,4486,2,46,931)
w(50,4487,2,46,932)
w(77,4488,2,46,933)
w(99,4489,2,46,934)
w(57,4490,2,46,935)
w(86,4491,2,46,936)
w(78,4492,2,46,937)
w(55,4493,2,46,938)
w(91,4494,2,46,939)
r(82,54374,2,47,940)
r(67,48354,2,47,941)
r(88,6546,2,47,942)
r(98,26404,2,47,943)
r(66,20402,2,47,944)
r(90,54351,2,47,945)
r(80,34425,2,47,946)
r(84,6534,2,47,947)
r(89,6496,2,47,948)
r(89,6496,2,47,949)
r(38,4445,2,47,950)
w(26,4495,2,47,951)
w(85,4496,2,47,952)
w(70,4497,2,47,953)
w(98,4498,2,47,954)
w(50,4499,2,47,955)
w(36,4500,2,47,956)
w(95,4501,2,47,957)
w(5,4502,2,47,958)
w(43,4503,2,47,959)
w(39,4504,2,48,960)
w(94,4505,2,48,961)
w(84,4506,2,48,962)
w(89,4507,2,48,963)
w(48,4508,2,48,964)
w(29,4509,2,48,965)
w(13,4510,2,48,966)
w(46,4511,2,48,967)
w(2,4512,2,48,968)
w(60,4513,2,48,969)
w(67,4514,2,48,970)
w(19,4515,2,48,971)
w(55,4516,2,48,972)
w(2,4517,2,48,973)
w(37,4518,2,48,974)
w(82,4519,2,48,975)
w(49,4520,2,48,976)
w(96,4521,2,48,977)
w(40,4522,2,48,978)
w(22,4523,2,48,979)
w(34,4524,2,49,980)
w(2,4525,2,49,981)
w(8,4526,2,49,982)
w(16,4527,2,49,983)
w(76,4528,2,49,984)
w(32,4529,2,49,985)
w(60,4530,2,49,986)
w(68,4531,2,49,987)
w(39,4532,2,49,988)
w(58,4533,2,49,989)
w(94,4534,2,49,990)
w(51,4535,2,49,991)
w(31,4536,2,49,992)
w(48,4537,2,49,993)
w(79,4538,2,49,994)
w(76,4539,2,49,995)
w(54,4540,2,49,996)
w(81,4541,2,49,997)
w(48,4542,2,49,998)
w(26,4543,2,49,999)
r(74,54431,2,50,1000)
r(35,20445,2,50,1001)
r(75,22376,2,50,1002)
r(97,54439,2,50,1003)
r(89,34486,2,50,1004)
r(4,54440,2,50,1005)
r(28,22366,2,50,1006)
r(28,22366,2,50,1007)
r(89,34486,2,50,1008)
r(11,48384,2,50,1009)
r(63,24448,2,50,1010)
r(98,26464,2,50,1011)
r(40,34492,2,50,1012)
r(84,54399,2,50,1013)
r(74,54431,2,50,1014)
r(62,24442,2,50,1015)
r(97,54439,2,50,1016)
r(53,6568,2,50,1017)
r(41,8559,2,50,1018)
r(31,4536,2,50,1019)
r(39,48403,2,51,1020)
r(72,2506,2,51,1021)
r(82,8554,2,51,1022)
r(40,34492,2,51,1023)
r(15,48407,2,51,1024)
r(67,20431,2,51,1025)
r(93,54435,2,51,1026)
r(30,10498,2,51,1027)
r(6,24446,2,51,1028)
r(83,48409,2,51,1029)
w(57,4544,2,51,1030)
w(42,4545,2,51,1031)
w(22,4546,2,51,1032)
w(60,4547,2,51,1033)
w(66,4548,2,51,1034)
w(24,4549,2,51,1035)
w(28,4550,2,51,1036)
w(8,4551,2,51,1037)
w(82,4552,2,51,1038)
w(39,4553,2,51,1039)
r(28,4550,2,52,1040)
r(85,26483,2,52,1041)
r(90,22380,2,52,1042)
r(36,6619,2,52,1043)
r(44,10507,2,52,1044)
r(15,54448,2,52,1045)
r(70,8578,2,52,1046)
r(45,22395,2,52,1047)
r(21,26492,2,52,1048)
w(81,4554,2,52,1049)
w(50,4555,2,52,1050)
w(91,4556,2,52,1051)
w(45,4557,2,52,1052)
w(67,4558,2,52,1053)
w(34,4559,2,52,1054)
w(44,4560,2,52,1055)
w(71,4561,2,52,1056)
w(7,4562,2,52,1057)
w(29,4563,2,52,1058)
w(93,4564,2,52,1059)
w(97,4565,2,53,1060)
w(65,4566,2,53,1061)
w(6,4567,2,53,1062)
w(96,4568,2,53,1063)
w(14,4569,2,53,1064)
w(26,4570,2,53,1065)
w(69,4571,2,53,1066)
w(10,4572,2,53,1067)
w(97,4573,2,53,1068)
w(66,4574,2,53,1069)
w(95,4575,2,53,1070)
w(75,4576,2,53,1071)
w(63,4577,2,53,1072)
w(1,4578,2,53,1073)
w(90,4579,2,53,1074)
w(2,4580,2,53,1075)
w(56,4581,2,53,1076)
w(88,4582,2,53,1077)
w(68,4583,2,53,1078)
w(58,4584,2,53,1079)
r(40,8604,2,54,1080)
r(64,54446,2,54,1081)
r(57,6634,2,54,1082)
r(67,10515,2,54,1083)
r(61,24473,2,54,1084)
r(51,22397,2,54,1085)
r(93,10516,2,54,1086)
r(24,26499,2,54,1087)
w(13,4585,2,54,1088)
w(37,4586,2,54,1089)
w(57,4587,2,54,1090)
w(24,4588,2,54,1091)
w(72,4589,2,54,1092)
w(46,4590,2,54,1093)
w(99,4591,2,54,1094)
w(56,4592,2,54,1095)
w(6,4593,2,54,1096)
w(2,4594,2,54,1097)
w(54,4595,2,54,1098)
w(95,4596,2,54,1099)
r(37,26513,2,55,1100)
r(64,10528,2,55,1101)
r(24,10529,2,55,1102)
r(83,8621,2,55,1103)
r(62,24499,2,55,1104)
r(64,10528,2,55,1105)
r(71,10522,2,55,1106)
r(52,34522,2,55,1107)
r(13,54467,2,55,1108)
r(3,24465,2,55,1109)
r(52,34522,2,55,1110)
w(88,4597,2,55,1111)
w(46,4598,2,55,1112)
w(58,4599,2,55,1113)
w(50,4600,2,55,1114)
w(81,4601,2,55,1115)
w(40,4602,2,55,1116)
w(48,4603,2,55,1117)
w(6,4604,2,55,1118)
w(81,4605,2,55,1119)
r(58,22429,2,56,1120)
r(59,34549,2,56,1121)
r(92,54471,2,56,1122)
r(87,6633,2,56,1123)
r(28,34544,2,56,1124)
r(55,2515,2,56,1125)
r(15,22416,2,56,1126)
r(92,54471,2,56,1127)
r(45,4557,2,56,1128)
r(33,22431,2,56,1129)
w(9,4606,2,56,1130)
w(57,4607,2,56,1131)
w(22,4608,2,56,1132)
w(32,4609,2,56,1133)
w(38,4610,2,56,1134)
w(24,4611,2,56,1135)
w(21,4612,2,56,1136)
w(63,4613,2,56,1137)
w(9,4614,2,56,1138)
w(74,4615,2,56,1139)
r(17,34542,2,57,1140)
r(17,34542,2,57,1141)
r(81,4605,2,57,1142)
r(36,54481,2,57,1143)
r(40,4602,2,57,1144)
r(97,22424,2,57,1145)
r(91,54461,2,57,1146)
r(74,4615,2,57,1147)
w(85,4616,2,57,1148)
w(6,4617,2,57,1149)
w(23,4618,2,57,1150)
w(48,4619,2,57,1151)
w(1,4620,2,57,1152)
w(30,4621,2,57,1153)
w(59,4622,2,57,1154)
w(23,4623,2,57,1155)
w(90,4624,2,57,1156)
w(4,4625,2,57,1157)
w(4,4626,2,57,1158)
w(87,4627,2,57,1159)
r(77,48474,2,58,1160)
r(30,10583,2,58,1161)
r(33,22431,2,58,1162)
r(11,20528,2,58,1163)
r(20,34574,2,58,1164)
r(29,24533,2,58,1165)
r(94,48467,2,58,1166)
r(89,26527,2,58,1167)
w(65,4628,2,58,1168)
w(14,4629,2,58,1169)
w(89,4630,2,58,1170)
w(28,4631,2,58,1171)
w(63,4632,2,58,1172)
w(18,4633,2,58,1173)
w(18,4634,2,58,1174)
w(56,4635,2,58,1175)
w(8,4636,2,58,1176)
w(16,4637,2,58,1177)
w(84,4638,2,58,1178)
w(83,4639,2,58,1179)
w(33,4640,2,59,1180)
w(4,4641,2,59,1181)
w(98,4642,2,59,1182)
w(38,4643,2,59,1183)
w(76,4644,2,59,1184)
w(26,4645,2,59,1185)
w(53,4646,2,59,1186)
w(43,4647,2,59,1187)
w(69,4648,2,59,1188)
w(68,4649,2,59,1189)
w(35,4650,2,59,1190)
w(42,4651,2,59,1191)
w(81,4652,2,59,1192)
w(65,4653,2,59,1193)
w(5,4654,2,59,1194)
w(5,4655,2,59,1195)
w(95,4656,2,59,1196)
w(27,4657,2,59,1197)
w(84,4658,2,59,1198)
w(85,4659,2,59,1199)
r(89,54514,2,60,1200)
r(34,34587,2,60,1201)
r(27,4657,2,60,1202)
r(10,8671,2,60,1203)
r(97,2581,2,60,1204)
r(25,26548,2,60,1205)
r(61,6687,2,60,1206)
w(94,4660,2,60,1207)
w(93,4661,2,60,1208)
w(19,4662,2,60,1209)
w(11,4663,2,60,1210)
w(93,4664,2,60,1211)
w(76,4665,2,60,1212)
w(60,4666,2,60,1213)
w(23,4667,2,60,1214)
w(45,4668,2,60,1215)
w(74,4669,2,60,1216)
w(50,4670,2,60,1217)
w(6,4671,2,60,1218)
w(65,4672,2,60,1219)
w(78,4673,2,61,1220)
w(68,4674,2,61,1221)
w(9,4675,2,61,1222)
w(34,4676,2,61,1223)
w(0,4677,2,61,1224)
w(11,4678,2,61,1225)
w(23,4679,2,61,1226)
w(16,4680,2,61,1227)
w(8,4681,2,61,1228)
w(1,4682,2,61,1229)
w(55,4683,2,61,1230)
w(93,4684,2,61,1231)
w(19,4685,2,61,1232)
w(35,4686,2,61,1233)
w(42,4687,2,61,1234)
w(40,4688,2,61,1235)
w(10,4689,2,61,1236)
w(76,4690,2,61,1237)
w(83,4691,2,61,1238)
w(7,4692,2,61,1239)
r(55,4683,2,62,1240)
r(75,8694,2,62,1241)
r(96,2584,2,62,1242)
r(20,2597,2,62,1243)
r(19,4685,2,62,1244)
r(5,22500,2,62,1245)
r(66,34602,2,62,1246)
r(60,4666,2,62,1247)
r(23,4679,2,62,1248)
r(99,26564,2,62,1249)
w(4,4693,2,62,1250)
w(38,4694,2,62,1251)
w(47,4695,2,62,1252)
w(2,4696,2,62,1253)
w(97,4697,2,62,1254)
w(73,4698,2,62,1255)
w(83,4699,2,62,1256)
w(26,4700,2,62,1257)
w(57,4701,2,62,1258)
w(0,4702,2,62,1259)
r(52,24613,2,63,1260)
r(3,6735,2,63,1261)
r(94,2621,2,63,1262)
r(36,10640,2,63,1263)
r(39,26586,2,63,1264)
r(96,6743,2,63,1265)
r(81,22514,2,63,1266)
r(63,2603,2,63,1267)
r(65,26579,2,63,1268)
r(54,20594,2,63,1269)
r(70,6738,2,63,1270)
w(51,4703,2,63,1271)
w(38,4704,2,63,1272)
w(75,4705,2,63,1273)
w(13,4706,2,63,1274)
w(72,4707,2,63,1275)
w(33,4708,2,63,1276)
w(90,4709,2,63,1277)
w(40,4710,2,63,1278)
w(41,4711,2,63,1279)
r(58,20616,2,64,1280)
r(1,48525,2,64,1281)
r(93,4684,2,64,1282)
r(30,54555,2,64,1283)
r(41,4711,2,64,1284)
r(12,54554,2,64,1285)
r(27,54550,2,64,1286)
w(12,4712,2,64,1287)
w(54,4713,2,64,1288)
w(62,4714,2,64,1289)
w(97,4715,2,64,1290)
w(94,4716,2,64,1291)
w(66,4717,2,64,1292)
w(82,4718,2,64,1293)
w(62,4719,2,64,1294)
w(37,4720,2,64,1295)
w(77,4721,2,64,1296)
w(81,4722,2,64,1297)
w(45,4723,2,64,1298)
w(96,4724,2,64,1299)
w(79,4725,2,65,1300)
w(28,4726,2,65,1301)
w(80,4727,2,65,1302)
w(78,4728,2,65,1303)
w(70,4729,2,65,1304)
w(50,4730,2,65,1305)
w(76,4731,2,65,1306)
w(16,4732,2,65,1307)
w(5,4733,2,65,1308)
w(68,4734,2,65,1309)
w(10,4735,2,65,1310)
w(92,4736,2,65,1311)
w(85,4737,2,65,1312)
w(48,4738,2,65,1313)
w(48,4739,2,65,1314)
w(34,4740,2,65,1315)
w(41,4741,2,65,1316)
w(44,4742,2,65,1317)
w(15,4743,2,65,1318)
w(3,4744,2,65,1319)
r(95,6759,2,66,1320)
r(21,2660,2,66,1321)
r(88,24634,2,66,1322)
r(14,8751,2,66,1323)
r(57,54573,2,66,1324)
r(7,48560,2,66,1325)
r(33,6775,2,66,1326)
r(55,10655,2,66,1327)
r(36,2667,2,66,1328)
r(0,10656,2,66,1329)
r(29,48563,2,66,1330)
r(60,22547,2,66,1331)
r(59,2661,2,66,1332)
r(92,4736,2,66,1333)
w(47,4745,2,66,1334)
w(36,4746,2,66,1335)
w(96,4747,2,66,1336)
w(38,4748,2,66,1337)
w(7,4749,2,66,1338)
w(41,4750,2,66,1339)
w(57,4751,2,67,1340)
w(86,4752,2,67,1341)
w(93,4753,2,67,1342)
w(76,4754,2,67,1343)
w(25,4755,2,67,1344)
w(38,4756,2,67,1345)
w(87,4757,2,67,1346)
w(6,4758,2,67,1347)
w(85,4759,2,67,1348)
w(10,4760,2,67,1349)
w(22,4761,2,67,1350)
w(88,4762,2,67,1351)
w(25,4763,2,67,1352)
w(87,4764,2,67,1353)
w(55,4765,2,67,1354)
w(19,4766,2,67,1355)
w(35,4767,2,67,1356)
w(67,4768,2,67,1357)
w(7,4769,2,67,1358)
w(24,4770,2,67,1359)
r(4,54600,2,68,1360)
r(38,22584,2,68,1361)
r(28,6803,2,68,1362)
r(12,22570,2,68,1363)
r(6,2683,2,68,1364)
r(31,20662,2,68,1365)
r(92,2695,2,68,1366)
r(61,2670,2,68,1367)
r(2,6762,2,68,1368)
r(50,10680,2,68,1369)
r(45,8785,2,68,1370)
r(15,54619,2,68,1371)
r(56,6806,2,68,1372)
r(13,20646,2,68,1373)
w(25,4771,2,68,1374)
w(45,4772,2,68,1375)
w(44,4773,2,68,1376)
w(67,4774,2,68,1377)
w(83,4775,2,68,1378)
w(37,4776,2,68,1379)
r(70,24651,2,69,1380)
r(24,10721,2,69,1381)
r(79,2694,2,69,1382)
r(48,10713,2,69,1383)
r(12,22570,2,69,1384)
r(42,2707,2,69,1385)
r(4,10706,2,69,1386)
r(79,2694,2,69,1387)
r(9,6765,2,69,1388)
r(19,2696,2,69,1389)
r(91,54618,2,69,1390)
w(87,4777,2,69,1391)
w(1,4778,2,69,1392)
w(82,4779,2,69,1393)
w(53,4780,2,69,1394)
w(92,4781,2,69,1395)
w(56,4782,2,69,1396)
w(26,4783,2,69,1397)
w(35,4784,2,69,1398)
w(3,4785,2,69,1399)
r(59,6813,2,70,1400)
r(44,4773,2,70,1401)
r(4,20692,2,70,1402)
r(35,4784,2,70,1403)
r(52,34685,2,70,1404)
r(7,4769,2,70,1405)
r(21,10733,2,70,1406)
r(73,22607,2,70,1407)
r(84,24660,2,70,1408)
r(70,48593,2,70,1409)
r(52,34685,2,70,1410)
w(0,4786,2,70,1411)
w(74,4787,2,70,1412)
w(60,4788,2,70,1413)
w(51,4789,2,70,1414)
w(12,4790,2,70,1415)
w(23,4791,2,70,1416)
w(18,4792,2,70,1417)
w(33,4793,2,70,1418)
w(32,4794,2,70,1419)
w(44,4795,2,71,1420)
w(2,4796,2,71,1421)
w(68,4797,2,71,1422)
w(54,4798,2,71,1423)
w(85,4799,2,71,1424)
w(33,4800,2,71,1425)
w(43,4801,2,71,1426)
w(90,4802,2,71,1427)
w(43,4803,2,71,1428)
w(57,4804,2,71,1429)
w(47,4805,2,71,1430)
w(98,4806,2,71,1431)
w(69,4807,2,71,1432)
w(51,4808,2,71,1433)
w(73,4809,2,71,1434)
w(3,4810,2,71,1435)
w(74,4811,2,71,1436)
w(92,4812,2,71,1437)
w(30,4813,2,71,1438)
w(45,4814,2,71,1439)
r(20,8820,2,72,1440)
r(9,34695,2,72,1441)
r(98,4806,2,72,1442)
w(27,4815,2,72,1443)
w(19,4816,2,72,1444)
w(3,4817,2,72,1445)
w(37,4818,2,72,1446)
w(25,4819,2,72,1447)
w(89,4820,2,72,1448)
w(98,4821,2,72,1449)
w(65,4822,2,72,1450)
w(74,4823,2,72,1451)
w(60,4824,2,72,1452)
w(95,4825,2,72,1453)
w(15,4826,2,72,1454)
w(56,4827,2,72,1455)
w(23,4828,2,72,1456)
w(37,4829,2,72,1457)
w(51,4830,2,72,1458)
w(4,4831,2,72,1459)
r(81,54656,2,73,1460)
r(71,20718,2,73,1461)
r(20,6861,2,73,1462)
r(32,6863,2,73,1463)
r(43,54655,2,73,1464)
r(6,24696,2,73,1465)
w(16,4832,2,73,1466)
w(92,4833,2,73,1467)
w(40,4834,2,73,1468)
w(69,4835,2,73,1469)
w(85,4836,2,73,1470)
w(28,4837,2,73,1471)
w(46,4838,2,73,1472)
w(2,4839,2,73,1473)
w(44,4840,2,73,1474)
w(73,4841,2,73,1475)
w(82,4842,2,73,1476)
w(52,4843,2,73,1477)
w(25,4844,2,73,1478)
w(80,4845,2,73,1479)
r(95,22675,2,74,1480)
r(64,2779,2,74,1481)
r(33,20748,2,74,1482)
r(7,34728,2,74,1483)
r(62,6880,2,74,1484)
r(36,22676,2,74,1485)
r(1,22663,2,74,1486)
r(23,6876,2,74,1487)
r(87,2773,2,74,1488)
r(43,6878,2,74,1489)
w(95,4846,2,74,1490)
w(86,4847,2,74,1491)
w(65,4848,2,74,1492)
w(42,4849,2,74,1493)
w(93,4850,2,74,1494)
w(59,4851,2,74,1495)
w(10,4852,2,74,1496)
w(25,4853,2,74,1497)
w(61,4854,2,74,1498)
w(95,4855,2,74,1499)
r(24,26731,2,75,1500)
r(11,8890,2,75,1501)
r(70,26742,2,75,1502)
r(20,6891,2,75,1503)
r(29,20730,2,75,1504)
r(29,20730,2,75,1505)
r(0,8873,2,75,1506)
r(66,54671,2,75,1507)
r(50,8862,2,75,1508)
r(50,8862,2,75,1509)
r(83,22678,2,75,1510)
w(17,4856,2,75,1511)
w(14,4857,2,75,1512)
w(68,4858,2,75,1513)
w(20,4859,2,75,1514)
w(96,4860,2,75,1515)
w(77,4861,2,75,1516)
w(43,4862,2,75,1517)
w(66,4863,2,75,1518)
w(85,4864,2,75,1519)
r(77,22690,2,76,1520)
r(49,34757,2,76,1521)
r(11,8899,2,76,1522)
r(23,10768,2,76,1523)
r(10,6895,2,76,1524)
r(74,8897,2,76,1525)
r(14,8915,2,76,1526)
r(58,48659,2,76,1527)
r(16,34752,2,76,1528)
r(50,26749,2,76,1529)
r(45,8896,2,76,1530)
r(39,6882,2,76,1531)
r(35,34750,2,76,1532)
r(81,48663,2,76,1533)
r(8,8917,2,76,1534)
r(63,26756,2,76,1535)
r(65,2789,2,76,1536)
r(72,54690,2,76,1537)
r(29,8912,2,76,1538)
r(25,48657,2,76,1539)
w(78,4865,2,77,1540)
w(11,4866,2,77,1541)
w(51,4867,2,77,1542)
w(94,4868,2,77,1543)
w(18,4869,2,77,1544)
w(30,4870,2,77,1545)
w(76,4871,2,77,1546)
w(80,4872,2,77,1547)
w(37,4873,2,77,1548)
w(34,4874,2,77,1549)
w(76,4875,2,77,1550)
w(49,4876,2,77,1551)
w(90,4877,2,77,1552)
w(41,4878,2,77,1553)
w(53,4879,2,77,1554)
w(35,4880,2,77,1555)
w(49,4881,2,77,1556)
w(2,4882,2,77,1557)
w(7,4883,2,77,1558)
w(45,4884,2,77,1559)
r(8,8917,2,78,1560)
r(33,6928,2,78,1561)
r(31,22693,2,78,1562)
r(75,6904,2,78,1563)
r(44,20794,2,78,1564)
r(81,6930,2,78,1565)
w(13,4885,2,78,1566)
w(98,4886,2,78,1567)
w(98,4887,2,78,1568)
w(54,4888,2,78,1569)
w(2,4889,2,78,1570)
w(90,4890,2,78,1571)
w(44,4891,2,78,1572)
w(20,4892,2,78,1573)
w(36,4893,2,78,1574)
w(36,4894,2,78,1575)
w(34,4895,2,78,1576)
w(40,4896,2,78,1577)
w(5,4897,2,78,1578)
w(27,4898,2,78,1579)
r(39,54738,2,79,1580)
r(73,8905,2,79,1581)
r(57,10841,2,79,1582)
r(49,26775,2,79,1583)
r(3,26776,2,79,1584)
r(12,10831,2,79,1585)
r(88,54732,2,79,1586)
r(73,8905,2,79,1587)
r(59,54733,2,79,1588)
r(92,10822,2,79,1589)
r(86,54745,2,79,1590)
w(80,4899,2,79,1591)
w(30,4900,2,79,1592)
w(71,4901,2,79,1593)
w(33,4902,2,79,1594)
w(23,4903,2,79,1595)
w(11,4904,2,79,1596)
w(82,4905,2,79,1597)
w(38,4906,2,79,1598)
w(80,4907,2,79,1599)
r(30,20814,2,80,1600)
r(63,24780,2,80,1601)
r(36,34777,2,80,1602)
r(26,10847,2,80,1603)
r(1,26784,2,80,1604)
r(85,8936,2,80,1605)
r(73,20813,2,80,1606)
r(28,54720,2,80,1607)
r(45,20804,2,80,1608)
r(4,24790,2,80,1609)
r(52,54758,2,80,1610)
r(97,48684,2,80,1611)
r(92,10822,2,80,1612)
r(34,4874,2,80,1613)
r(42,22712,2,80,1614)
r(71,24758,2,80,1615)
r(42,22712,2,80,1616)
r(66,48677,2,80,1617)
r(60,54769,2,80,1618)
r(64,54765,2,80,1619)
r(18,26779,2,81,1620)
r(28,54720,2,81,1621)
r(27,4898,2,81,1622)
r(53,54743,2,81,1623)
r(2,54737,2,81,1624)
r(79,54760,2,81,1625)
r(70,54771,2,81,1626)
r(15,10846,2,81,1627)
w(92,4908,2,81,1628)
w(92,4909,2,81,1629)
w(48,4910,2,81,1630)
w(47,4911,2,81,1631)
w(43,4912,2,81,1632)
w(18,4913,2,81,1633)
w(12,4914,2,81,1634)
w(91,4915,2,81,1635)
w(39,4916,2,81,1636)
w(32,4917,2,81,1637)
w(62,4918,2,81,1638)
w(90,4919,2,81,1639)
r(10,54748,2,82,1640)
r(51,26774,2,82,1641)
r(54,22729,2,82,1642)
r(41,8948,2,82,1643)
r(50,54756,2,82,1644)
r(16,24807,2,82,1645)
r(49,8940,2,82,1646)
r(10,54748,2,82,1647)
r(86,54745,2,82,1648)
w(50,4920,2,82,1649)
w(7,4921,2,82,1650)
w(70,4922,2,82,1651)
w(61,4923,2,82,1652)
w(63,4924,2,82,1653)
w(31,4925,2,82,1654)
w(43,4926,2,82,1655)
w(16,4927,2,82,1656)
w(96,4928,2,82,1657)
w(69,4929,2,82,1658)
w(19,4930,2,82,1659)
r(2,10878,2,83,1660)
r(59,34821,2,83,1661)
r(64,34829,2,83,1662)
r(12,2824,2,83,1663)
r(29,6977,2,83,1664)
r(0,6989,2,83,1665)
r(64,34829,2,83,1666)
r(80,48708,2,83,1667)
r(34,34828,2,83,1668)
w(57,4931,2,83,1669)
w(72,4932,2,83,1670)
w(83,4933,2,83,1671)
w(42,4934,2,83,1672)
w(3,4935,2,83,1673)
w(41,4936,2,83,1674)
w(1,4937,2,83,1675)
w(77,4938,2,83,1676)
w(53,4939,2,83,1677)
w(1,4940,2,83,1678)
w(83,4941,2,83,1679)
r(37,48687,2,84,1680)
r(71,34843,2,84,1681)
r(1,4940,2,84,1682)
r(85,8947,2,84,1683)
r(94,2833,2,84,1684)
r(52,34819,2,84,1685)
r(65,26820,2,84,1686)
r(88,34839,2,84,1687)
r(49,22752,2,84,1688)
r(38,22759,2,84,1689)
r(32,4917,2,84,1690)
w(82,4942,2,84,1691)
w(86,4943,2,84,1692)
w(51,4944,2,84,1693)
w(68,4945,2,84,1694)
w(17,4946,2,84,1695)
w(80,4947,2,84,1696)
w(11,4948,2,84,1697)
w(53,4949,2,84,1698)
w(29,4950,2,84,1699)
r(60,54791,2,85,1700)
r(83,4941,2,85,1701)
r(35,34850,2,85,1702)
r(72,20848,2,85,1703)
r(3,24837,2,85,1704)
r(3,24837,2,85,1705)
r(38,22759,2,85,1706)
r(22,22757,2,85,1707)
r(74,6979,2,85,1708)
r(22,22757,2,85,1709)
w(67,4951,2,85,1710)
w(66,4952,2,85,1711)
w(16,4953,2,85,1712)
w(16,4954,2,85,1713)
w(24,4955,2,85,1714)
w(11,4956,2,85,1715)
w(69,4957,2,85,1716)
w(68,4958,2,85,1717)
w(39,4959,2,85,1718)
w(24,4960,2,85,1719)
r(55,20870,2,86,1720)
r(38,22759,2,86,1721)
r(61,20856,2,86,1722)
r(32,54811,2,86,1723)
r(79,20884,2,86,1724)
r(56,48767,2,86,1725)
r(91,48754,2,86,1726)
r(9,26812,2,86,1727)
r(71,2840,2,86,1728)
r(65,26820,2,86,1729)
r(30,10903,2,86,1730)
r(88,34839,2,86,1731)
r(57,48766,2,86,1732)
r(97,20880,2,86,1733)
r(44,34875,2,86,1734)
r(67,20885,2,86,1735)
r(61,20856,2,86,1736)
r(99,20845,2,86,1737)
r(82,26825,2,86,1738)
r(78,20886,2,86,1739)
r(62,8984,2,87,1740)
r(85,48748,2,87,1741)
r(72,20848,2,87,1742)
r(75,22756,2,87,1743)
r(46,22762,2,87,1744)
r(42,20855,2,87,1745)
r(16,4954,2,87,1746)
r(14,48740,2,87,1747)
r(38,22759,2,87,1748)
r(98,34847,2,87,1749)
r(24,4960,2,87,1750)
r(69,4957,2,87,1751)
r(25,7015,2,87,1752)
r(81,20887,2,87,1753)
r(55,20870,2,87,1754)
r(6,22751,2,87,1755)
r(26,20862,2,87,1756)
r(74,48744,2,87,1757)
r(46,22762,2,87,1758)
r(7,48749,2,87,1759)
r(54,34831,2,88,1760)
r(53,22789,2,88,1761)
r(59,8989,2,88,1762)
r(38,22759,2,88,1763)
r(95,48771,2,88,1764)
r(67,20885,2,88,1765)
r(58,22771,2,88,1766)
r(9,26812,2,88,1767)
r(26,20862,2,88,1768)
r(81,20887,2,88,1769)
r(45,8974,2,88,1770)
r(66,48739,2,88,1771)
r(92,26814,2,88,1772)
r(24,4960,2,88,1773)
r(76,20875,2,88,1774)
r(37,2845,2,88,1775)
r(74,48744,2,88,1776)
r(37,2845,2,88,1777)
r(9,26812,2,88,1778)
r(71,2840,2,88,1779)
r(14,48740,2,89,1780)
r(90,22764,2,89,1781)
r(44,34875,2,89,1782)
r(11,4956,2,89,1783)
r(44,34875,2,89,1784)
r(59,8989,2,89,1785)
r(85,48748,2,89,1786)
r(72,20848,2,89,1787)
r(37,2845,2,89,1788)
w(94,4961,2,89,1789)
w(51,4962,2,89,1790)
w(11,4963,2,89,1791)
w(28,4964,2,89,1792)
w(77,4965,2,89,1793)
w(53,4966,2,89,1794)
w(35,4967,2,89,1795)
w(64,4968,2,89,1796)
w(98,4969,2,89,1797)
w(12,4970,2,89,1798)
w(32,4971,2,89,1799)
r(43,48759,2,90,1800)
r(49,54823,2,90,1801)
r(23,54832,2,90,1802)
r(67,34890,2,90,1803)
r(76,48778,2,90,1804)
r(34,54840,2,90,1805)
r(86,9005,2,90,1806)
r(62,9004,2,90,1807)
r(87,54836,2,90,1808)
r(91,48754,2,90,1809)
r(78,9006,2,90,1810)
w(56,4972,2,90,1811)
w(76,4973,2,90,1812)
w(95,4974,2,90,1813)
w(80,4975,2,90,1814)
w(55,4976,2,90,1815)
w(35,4977,2,90,1816)
w(26,4978,2,90,1817)
w(91,4979,2,90,1818)
w(54,4980,2,90,1819)
r(67,34890,2,91,1820)
r(61,54817,2,91,1821)
r(59,8989,2,91,1822)
r(8,2863,2,91,1823)
r(28,4964,2,91,1824)
r(84,54812,2,91,1825)
r(34,54840,2,91,1826)
r(14,54839,2,91,1827)
r(89,22808,2,91,1828)
r(4,54833,2,91,1829)
r(84,54812,2,91,1830)
r(64,4968,2,91,1831)
r(21,20874,2,91,1832)
w(25,4981,2,91,1833)
w(9,4982,2,91,1834)
w(5,4983,2,91,1835)
w(4,4984,2,91,1836)
w(39,4985,2,91,1837)
w(81,4986,2,91,1838)
w(77,4987,2,91,1839)
r(88,9009,2,92,1840)
r(63,8998,2,92,1841)
r(57,54859,2,92,1842)
r(3,54819,2,92,1843)
r(74,48744,2,92,1844)
r(58,24869,2,92,1845)
r(81,4986,2,92,1846)
r(78,9006,2,92,1847)
r(48,8991,2,92,1848)
r(30,54858,2,92,1849)
r(62,9004,2,92,1850)
r(7,48749,2,92,1851)
r(82,26849,2,92,1852)
r(80,4975,2,92,1853)
r(43,48759,2,92,1854)
r(49,54823,2,92,1855)
r(76,4973,2,92,1856)
r(57,54859,2,92,1857)
r(30,54858,2,92,1858)
r(79,20884,2,92,1859)
r(14,54839,2,93,1860)
r(16,54834,2,93,1861)
r(38,54828,2,93,1862)
r(32,4971,2,93,1863)
r(19,20876,2,93,1864)
r(57,54859,2,93,1865)
r(43,48759,2,93,1866)
r(73,24876,2,93,1867)
r(97,54855,2,93,1868)
r(81,4986,2,93,1869)
w(10,4988,2,93,1870)
w(96,4989,2,93,1871)
w(98,4990,2,93,1872)
w(64,4991,2,93,1873)
w(77,4992,2,93,1874)
w(39,4993,2,93,1875)
w(27,4994,2,93,1876)
w(86,4995,2,93,1877)
w(44,4996,2,93,1878)
w(90,4997,2,93,1879)
r(33,24887,2,94,1880)
r(35,4977,2,94,1881)
r(72,36009,2,94,1882)
r(6,24885,2,94,1883)
r(32,22829,2,94,1884)
r(43,24890,2,94,1885)
r(38,54828,2,94,1886)
r(7,48749,2,94,1887)
r(98,26851,2,94,1888)
r(16,36015,2,94,1889)
r(4,26869,2,94,1890)
r(37,24871,2,94,1891)
r(71,9007,2,94,1892)
r(97,54855,2,94,1893)
r(59,24889,2,94,1894)
r(43,24890,2,94,1895)
r(43,24890,2,94,1896)
r(95,4974,2,94,1897)
r(75,2873,2,94,1898)
r(25,36029,2,94,1899)
r(3,54819,2,95,1900)
r(2,26847,2,95,1901)
r(50,54838,2,95,1902)
r(13,26835,2,95,1903)
r(84,54812,2,95,1904)
r(69,22837,2,95,1905)
r(86,4995,2,95,1906)
r(28,20917,2,95,1907)
r(61,36007,2,95,1908)
r(41,36014,2,95,1909)
w(28,4998,2,95,1910)
w(38,4999,2,95,1911)
w(36,5000,2,95,1912)
w(43,5001,2,95,1913)
w(55,5002,2,95,1914)
w(35,5003,2,95,1915)
w(9,5004,2,95,1916)
w(69,5005,2,95,1917)
w(11,5006,2,95,1918)
w(22,5007,2,95,1919)
r(88,34917,2,96,1920)
r(3,34923,2,96,1921)
r(19,20930,2,96,1922)
r(42,34912,2,96,1923)
r(60,24888,2,96,1924)
r(62,9004,2,96,1925)
r(40,24892,2,96,1926)
r(92,34911,2,96,1927)
r(74,48744,2,96,1928)
r(34,26871,2,96,1929)
r(10,2860,2,96,1930)
r(92,34911,2,96,1931)
r(54,54860,2,96,1932)
r(10,2860,2,96,1933)
r(29,36013,2,96,1934)
r(78,9006,2,96,1935)
r(35,5003,2,96,1936)
r(58,2876,2,96,1937)
r(17,54862,2,96,1938)
r(90,4997,2,96,1939)
r(27,4994,2,97,1940)
r(51,48799,2,97,1941)
r(64,20923,2,97,1942)
r(14,54864,2,97,1943)
r(4,26869,2,97,1944)
r(53,34909,2,97,1945)
r(0,22830,2,97,1946)
r(20,2878,2,97,1947)
w(18,5008,2,97,1948)
w(22,5009,2,97,1949)
w(59,5010,2,97,1950)
w(96,5011,2,97,1951)
w(74,5012,2,97,1952)
w(50,5013,2,97,1953)
w(16,5014,2,97,1954)
w(25,5015,2,97,1955)
w(59,5016,2,97,1956)
w(57,5017,2,97,1957)
w(80,5018,2,97,1958)
w(75,5019,2,97,1959)
w(94,5020,2,98,1960)
w(51,5021,2,98,1961)
w(63,5022,2,98,1962)
w(77,5023,2,98,1963)
w(40,5024,2,98,1964)
w(64,5025,2,98,1965)
w(54,5026,2,98,1966)
w(31,5027,2,98,1967)
w(73,5028,2,98,1968)
w(64,5029,2,98,1969)
w(58,5030,2,98,1970)
w(24,5031,2,98,1971)
w(4,5032,2,98,1972)
w(93,5033,2,98,1973)
w(81,5034,2,98,1974)
w(73,5035,2,98,1975)
w(62,5036,2,98,1976)
w(71,5037,2,98,1977)
w(65,5038,2,98,1978)
w(5,5039,2,98,1979)
r(63,5022,2,99,1980)
r(93,5033,2,99,1981)
r(40,5024,2,99,1982)
r(2,26878,2,99,1983)
r(97,26876,2,99,1984)
r(80,5018,2,99,1985)
r(45,2870,2,99,1986)
r(31,5027,2,99,1987)
r(30,48845,2,99,1988)
r(15,48844,2,99,1989)
r(59,24889,2,99,1990)
r(42,34912,2,99,1991)
r(50,54881,2,99,1992)
r(67,54874,2,99,1993)
r(58,5030,2,99,1994)
r(19,24912,2,99,1995)
r(20,26875,2,99,1996)
r(34,20950,2,99,1997)
r(69,5005,2,99,1998)
r(95,4974,2,99,1999)
r(85,54872,2,100,2000)
r(39,48827,2,100,2001)
r(47,36025,2,100,2002)
r(35,20937,2,100,2003)
r(44,26873,2,100,2004)
r(0,48841,2,100,2005)
r(14,54864,2,100,2006)
r(52,24913,2,100,2007)
r(37,10927,2,100,2008)
r(51,5021,2,100,2009)
w(39,4001,2,100,2010)
w(99,4002,2,100,2011)
w(38,4003,2,100,2012)
w(49,4004,2,100,2013)
w(95,4005,2,100,2014)
w(7,4006,2,100,2015)
w(56,4007,2,100,2016)
w(90,4008,2,100,2017)
w(82,4009,2,100,2018)
w(62,4010,2,100,2019)
r(99,4002,2,101,2020)
r(53,48833,2,101,2021)
r(70,48818,2,101,2022)
r(68,36016,2,101,2023)
r(24,20961,2,101,2024)
r(25,48837,2,101,2025)
r(6,48848,2,101,2026)
r(99,4002,2,101,2027)
r(80,20963,2,101,2028)
r(4,5032,2,101,2029)
r(82,4009,2,101,2030)
r(58,48857,2,101,2031)
w(89,4011,2,101,2032)
w(83,4012,2,101,2033)
w(15,4013,2,101,2034)
w(86,4014,2,101,2035)
w(17,4015,2,101,2036)
w(9,4016,2,101,2037)
w(39,4017,2,101,2038)
w(80,4018,2,101,2039)
r(54,2910,2,102,2040)
r(2,2902,2,102,2041)
r(57,24895,2,102,2042)
r(45,2896,2,102,2043)
r(46,36053,2,102,2044)
r(32,48862,2,102,2045)
r(48,10948,2,102,2046)
r(51,48853,2,102,2047)
r(91,36055,2,102,2048)
r(24,2897,2,102,2049)
r(98,20933,2,102,2050)
r(38,4003,2,102,2051)
r(22,48861,2,102,2052)
r(86,4014,2,102,2053)
w(40,4019,2,102,2054)
w(31,4020,2,102,2055)
w(93,4021,2,102,2056)
w(80,4022,2,102,2057)
w(50,4023,2,102,2058)
w(8,4024,2,102,2059)
r(82,54895,2,103,2060)
r(6,20978,2,103,2061)
r(14,20979,2,103,2062)
r(13,20977,2,103,2063)
r(76,48901,2,103,2064)
r(93,54900,2,103,2065)
r(91,48877,2,103,2066)
r(14,20979,2,103,2067)
r(68,36069,2,103,2068)
r(38,54902,2,103,2069)
r(54,2910,2,103,2070)
r(98,22864,2,103,2071)
r(78,9006,2,103,2072)
r(26,2905,2,103,2073)
r(72,54897,2,103,2074)
r(1,34952,2,103,2075)
r(50,36061,2,103,2076)
r(69,36065,2,103,2077)
r(28,48860,2,103,2078)
r(97,36074,2,103,2079)
r(89,48903,2,104,2080)
r(53,36073,2,104,2081)
r(86,36071,2,104,2082)
r(47,26912,2,104,2083)
r(81,48870,2,104,2084)
r(27,54884,2,104,2085)
r(42,24936,2,104,2086)
r(6,20978,2,104,2087)
r(66,54899,2,104,2088)
w(59,4025,2,104,2089)
w(52,4026,2,104,2090)
w(29,4027,2,104,2091)
w(23,4028,2,104,2092)
w(91,4029,2,104,2093)
w(66,4030,2,104,2094)
w(27,4031,2,104,2095)
w(30,4032,2,104,2096)
w(17,4033,2,104,2097)
w(2,4034,2,104,2098)
w(76,4035,2,104,2099)
r(12,34954,2,105,2100)
r(18,44009,2,105,2101)
r(44,44021,2,105,2102)
r(44,44021,2,105,2103)
r(93,54900,2,105,2104)
r(7,24944,2,105,2105)
r(45,2896,2,105,2106)
r(71,44006,2,105,2107)
r(12,34954,2,105,2108)
r(16,36075,2,105,2109)
r(38,54902,2,105,2110)
r(40,36081,2,105,2111)
r(25,48837,2,105,2112)
w(3,4036,2,105,2113)
w(69,4037,2,105,2114)
w(15,4038,2,105,2115)
w(7,4039,2,105,2116)
w(27,4040,2,105,2117)
w(78,4041,2,105,2118)
w(63,4042,2,105,2119)
w(78,4043,2,106,2120)
w(54,4044,2,106,2121)
w(11,4045,2,106,2122)
w(86,4046,2,106,2123)
w(78,4047,2,106,2124)
w(6,4048,2,106,2125)
w(65,4049,2,106,2126)
w(26,4050,2,106,2127)
w(85,4051,2,106,2128)
w(33,4052,2,106,2129)
w(50,4053,2,106,2130)
w(67,4054,2,106,2131)
w(90,4055,2,106,2132)
w(70,4056,2,106,2133)
w(19,4057,2,106,2134)
w(91,4058,2,106,2135)
w(36,4059,2,106,2136)
w(85,4060,2,106,2137)
w(72,4061,2,106,2138)
w(39,4062,2,106,2139)
r(15,22898,2,107,2140)
r(76,34976,2,107,2141)
r(68,24014,2,107,2142)
r(9,24019,2,107,2143)
r(69,22888,2,107,2144)
r(39,4062,2,107,2145)
r(21,36104,2,107,2146)
r(34,22873,2,107,2147)
w(23,4063,2,107,2148)
w(32,4064,2,107,2149)
w(88,4065,2,107,2150)
w(27,4066,2,107,2151)
w(29,4067,2,107,2152)
w(26,4068,2,107,2153)
w(34,4069,2,107,2154)
w(1,4070,2,107,2155)
w(55,4071,2,107,2156)
w(8,4072,2,107,2157)
w(12,4073,2,107,2158)
w(47,4074,2,107,2159)
r(56,34990,2,108,2160)
r(43,36099,2,108,2161)
r(22,48921,2,108,2162)
r(63,48928,2,108,2163)
r(21,24030,2,108,2164)
r(33,4052,2,108,2165)
r(78,48930,2,108,2166)
r(36,44038,2,108,2167)
r(81,22894,2,108,2168)
r(22,48921,2,108,2169)
w(7,4075,2,108,2170)
w(94,4076,2,108,2171)
w(27,4077,2,108,2172)
w(81,4078,2,108,2173)
w(12,4079,2,108,2174)
w(27,4080,2,108,2175)
w(75,4081,2,108,2176)
w(39,4082,2,108,2177)
w(43,4083,2,108,2178)
w(24,4084,2,108,2179)
r(77,26938,2,109,2180)
r(62,24035,2,109,2181)
r(53,48945,2,109,2182)
r(14,24941,2,109,2183)
r(90,4055,2,109,2184)
r(37,48944,2,109,2185)
r(91,4058,2,109,2186)
r(48,10948,2,109,2187)
r(67,38007,2,109,2188)
r(4,24033,2,109,2189)
r(34,24040,2,109,2190)
r(97,35009,2,109,2191)
r(81,4078,2,109,2192)
r(91,4058,2,109,2193)
r(96,44027,2,109,2194)
r(25,26932,2,109,2195)
r(63,48928,2,109,2196)
r(28,35008,2,109,2197)
r(63,48928,2,109,2198)
r(92,48922,2,109,2199)
r(14,24941,2,110,2200)
r(7,4075,2,110,2201)
r(49,24034,2,110,2202)
r(90,4055,2,110,2203)
r(71,44006,2,110,2204)
r(34,24040,2,110,2205)
r(6,48934,2,110,2206)
w(12,4085,2,110,2207)
w(20,4086,2,110,2208)
w(99,4087,2,110,2209)
w(97,4088,2,110,2210)
w(6,4089,2,110,2211)
w(4,4090,2,110,2212)
w(76,4091,2,110,2213)
w(15,4092,2,110,2214)
w(78,4093,2,110,2215)
w(57,4094,2,110,2216)
w(68,4095,2,110,2217)
w(61,4096,2,110,2218)
w(84,4097,2,110,2219)
w(11,4098,2,111,2220)
w(55,4099,2,111,2221)
w(38,4100,2,111,2222)
w(18,4101,2,111,2223)
w(10,4102,2,111,2224)
w(27,4103,2,111,2225)
w(36,4104,2,111,2226)
w(34,4105,2,111,2227)
w(48,4106,2,111,2228)
w(24,4107,2,111,2229)
w(3,4108,2,111,2230)
w(76,4109,2,111,2231)
w(46,4110,2,111,2232)
w(28,4111,2,111,2233)
w(11,4112,2,111,2234)
w(92,4113,2,111,2235)
w(38,4114,2,111,2236)
w(92,4115,2,111,2237)
w(76,4116,2,111,2238)
w(2,4117,2,111,2239)
r(29,59,2,112,2240)
r(64,28002,2,112,2241)
r(5,28013,2,112,2242)
r(35,54949,2,112,2243)
r(10,4102,2,112,2244)
r(77,48,2,112,2245)
r(49,61,2,112,2246)
r(76,4116,2,112,2247)
w(24,4118,2,112,2248)
w(46,4119,2,112,2249)
w(37,4120,2,112,2250)
w(7,4121,2,112,2251)
w(97,4122,2,112,2252)
w(36,4123,2,112,2253)
w(94,4124,2,112,2254)
w(64,4125,2,112,2255)
w(80,4126,2,112,2256)
w(99,4127,2,112,2257)
w(92,4128,2,112,2258)
w(51,4129,2,112,2259)
r(76,4116,2,113,2260)
r(16,38077,2,113,2261)
r(69,38043,2,113,2262)
r(59,38060,2,113,2263)
r(70,22980,2,113,2264)
r(5,75,2,113,2265)
r(30,38079,2,113,2266)
r(98,66,2,113,2267)
r(92,4128,2,113,2268)
r(50,38058,2,113,2269)
w(40,4130,2,113,2270)
w(59,4131,2,113,2271)
w(49,4132,2,113,2272)
w(27,4133,2,113,2273)
w(74,4134,2,113,2274)
w(8,4135,2,113,2275)
w(6,4136,2,113,2276)
w(86,4137,2,113,2277)
w(19,4138,2,113,2278)
w(41,4139,2,113,2279)
r(28,35055,2,114,2280)
r(34,4105,2,114,2281)
r(44,54971,2,114,2282)
r(43,28055,2,114,2283)
r(28,35055,2,114,2284)
r(47,38078,2,114,2285)
r(76,4116,2,114,2286)
r(58,22973,2,114,2287)
r(73,71,2,114,2288)
r(29,59,2,114,2289)
r(13,44077,2,114,2290)
r(28,35055,2,114,2291)
r(30,38079,2,114,2292)
r(18,28059,2,114,2293)
r(26,22958,2,114,2294)
r(64,38093,2,114,2295)
r(94,4124,2,114,2296)
r(33,54967,2,114,2297)
r(50,38058,2,114,2298)
r(72,54969,2,114,2299)
r(55,4099,2,115,2300)
r(63,38091,2,115,2301)
r(80,4126,2,115,2302)
r(61,28060,2,115,2303)
r(74,4134,2,115,2304)
r(34,4105,2,115,2305)
r(25,44079,2,115,2306)
r(61,28060,2,115,2307)
r(42,38040,2,115,2308)
r(95,22979,2,115,2309)
w(1,4140,2,115,2310)
w(76,4141,2,115,2311)
w(92,4142,2,115,2312)
w(8,4143,2,115,2313)
w(50,4144,2,115,2314)
w(40,4145,2,115,2315)
w(65,4146,2,115,2316)
w(89,4147,2,115,2317)
w(13,4148,2,115,2318)
w(53,4149,2,115,2319)
r(15,49016,2,116,2320)
r(49,28069,2,116,2321)
r(93,38117,2,116,2322)
r(57,38104,2,116,2323)
r(80,38094,2,116,2324)
r(11,38120,2,116,2325)
r(5,38111,2,116,2326)
r(41,4139,2,116,2327)
r(73,36160,2,116,2328)
w(15,4150,2,116,2329)
w(62,4151,2,116,2330)
w(81,4152,2,116,2331)
w(27,4153,2,116,2332)
w(19,4154,2,116,2333)
w(2,4155,2,116,2334)
w(58,4156,2,116,2335)
w(36,4157,2,116,2336)
w(6,4158,2,116,2337)
w(60,4159,2,116,2338)
w(74,4160,2,116,2339)
r(68,38039,2,117,2340)
r(78,27004,2,117,2341)
r(72,54969,2,117,2342)
r(7,36151,2,117,2343)
r(4,23003,2,117,2344)
r(40,4145,2,117,2345)
r(95,38124,2,117,2346)
r(8,38125,2,117,2347)
r(40,4145,2,117,2348)
r(71,24111,2,117,2349)
r(62,4151,2,117,2350)
r(52,22997,2,117,2351)
r(7,36151,2,117,2352)
w(18,4161,2,117,2353)
w(68,4162,2,117,2354)
w(90,4163,2,117,2355)
w(2,4164,2,117,2356)
w(38,4165,2,117,2357)
w(7,4166,2,117,2358)
w(5,4167,2,117,2359)
r(53,54990,2,118,2360)
r(86,4137,2,118,2361)
r(28,104,2,118,2362)
r(47,44091,2,118,2363)
r(75,22996,2,118,2364)
r(21,49012,2,118,2365)
r(84,44125,2,118,2366)
r(80,44123,2,118,2367)
r(5,4167,2,118,2368)
r(30,23001,2,118,2369)
r(8,44109,2,118,2370)
r(28,104,2,118,2371)
r(15,4150,2,118,2372)
r(37,49009,2,118,2373)
r(82,28082,2,118,2374)
r(87,28080,2,118,2375)
r(21,49012,2,118,2376)
r(57,38104,2,118,2377)
r(96,28079,2,118,2378)
r(50,106,2,118,2379)
r(81,54992,2,119,2380)
r(90,4163,2,119,2381)
r(43,38106,2,119,2382)
r(29,109,2,119,2383)
r(80,44123,2,119,2384)
r(90,4163,2,119,2385)
r(43,38106,2,119,2386)
r(30,23001,2,119,2387)
r(71,24111,2,119,2388)
r(7,4166,2,119,2389)
r(43,38106,2,119,2390)
r(22,24095,2,119,2391)
w(37,4168,2,119,2392)
w(46,4169,2,119,2393)
w(27,4170,2,119,2394)
w(10,4171,2,119,2395)
w(21,4172,2,119,2396)
w(37,4173,2,119,2397)
w(94,4174,2,119,2398)
w(63,4175,2,119,2399)
r(67,38138,2,120,2400)
r(3,44130,2,120,2401)
r(23,36174,2,120,2402)
r(81,121,2,120,2403)
r(53,49033,2,120,2404)
r(78,55016,2,120,2405)
r(57,26013,2,120,2406)
r(1,36202,2,120,2407)
r(69,44119,2,120,2408)
r(90,49031,2,120,2409)
w(84,4176,2,120,2410)
w(4,4177,2,120,2411)
w(1,4178,2,120,2412)
w(30,4179,2,120,2413)
w(35,4180,2,120,2414)
w(64,4181,2,120,2415)
w(43,4182,2,120,2416)
w(4,4183,2,120,2417)
w(29,4184,2,120,2418)
w(10,4185,2,120,2419)
r(75,127,2,121,2420)
r(75,127,2,121,2421)
r(45,44153,2,121,2422)
r(4,4183,2,121,2423)
r(61,23046,2,121,2424)
r(24,38166,2,121,2425)
r(38,4165,2,121,2426)
r(75,127,2,121,2427)
r(13,23047,2,121,2428)
r(38,4165,2,121,2429)
r(47,113,2,121,2430)
r(44,36216,2,121,2431)
r(47,113,2,121,2432)
r(20,16001,2,121,2433)
r(54,24143,2,121,2434)
r(65,141,2,121,2435)
r(76,54020,2,121,2436)
r(92,36214,2,121,2437)
r(99,38154,2,121,2438)
r(75,127,2,121,2439)
r(90,151,2,122,2440)
r(54,24143,2,122,2441)
r(24,38166,2,122,2442)
r(79,147,2,122,2443)
r(28,54006,2,122,2444)
r(55,38169,2,122,2445)
r(65,141,2,122,2446)
r(46,28117,2,122,2447)
r(57,24144,2,122,2448)
r(43,44173,2,122,2449)
r(60,44152,2,122,2450)
r(87,23039,2,122,2451)
r(29,4184,2,122,2452)
r(15,153,2,122,2453)
r(73,36187,2,122,2454)
r(49,28121,2,122,2455)
r(11,36208,2,122,2456)
r(43,44173,2,122,2457)
r(10,4185,2,122,2458)
r(23,36224,2,122,2459)
r(72,38152,2,123,2460)
r(31,36189,2,123,2461)
r(95,36218,2,123,2462)
r(33,150,2,123,2463)
r(51,36211,2,123,2464)
r(98,36220,2,123,2465)
r(59,44164,2,123,2466)
r(56,38149,2,123,2467)
r(8,28109,2,123,2468)
r(96,44162,2,123,2469)
w(55,4186,2,123,2470)
w(53,4187,2,123,2471)
w(10,4188,2,123,2472)
w(33,4189,2,123,2473)
w(28,4190,2,123,2474)
w(38,4191,2,123,2475)
w(92,4192,2,123,2476)
w(8,4193,2,123,2477)
w(15,4194,2,123,2478)
w(3,4195,2,123,2479)
r(30,38177,2,124,2480)
r(66,154,2,124,2481)
r(72,38152,2,124,2482)
r(68,38174,2,124,2483)
r(88,115,2,124,2484)
r(9,35025,2,124,2485)
r(17,28120,2,124,2486)
r(62,54009,2,124,2487)
r(65,141,2,124,2488)
r(25,114,2,124,2489)
r(57,24144,2,124,2490)
r(89,54022,2,124,2491)
r(42,36226,2,124,2492)
r(80,26033,2,124,2493)
r(88,115,2,124,2494)
r(81,16018,2,124,2495)
r(67,24153,2,124,2496)
r(46,28117,2,124,2497)
r(36,26038,2,124,2498)
r(56,38149,2,124,2499)
w(5,4196,2,125,2500)
w(53,4197,2,125,2501)
w(51,4198,2,125,2502)
w(7,4199,2,125,2503)
w(93,4200,2,125,2504)
w(79,4201,2,125,2505)
w(87,4202,2,125,2506)
w(22,4203,2,125,2507)
w(82,4204,2,125,2508)
w(44,4205,2,125,2509)
w(95,4206,2,125,2510)
w(17,4207,2,125,2511)
w(67,4208,2,125,2512)
w(22,4209,2,125,2513)
w(54,4210,2,125,2514)
w(30,4211,2,125,2515)
w(18,4212,2,125,2516)
w(76,4213,2,125,2517)
w(45,4214,2,125,2518)
w(13,4215,2,125,2519)
r(1,36235,2,126,2520)
r(50,26039,2,126,2521)
r(23,38184,2,126,2522)
r(59,44164,2,126,2523)
r(18,4212,2,126,2524)
r(77,160,2,126,2525)
r(87,4202,2,126,2526)
r(67,4208,2,126,2527)
w(53,4216,2,126,2528)
w(66,4217,2,126,2529)
w(69,4218,2,126,2530)
w(23,4219,2,126,2531)
w(41,4220,2,126,2532)
w(18,4221,2,126,2533)
w(24,4222,2,126,2534)
w(92,4223,2,126,2535)
w(38,4224,2,126,2536)
w(24,4225,2,126,2537)
w(19,4226,2,126,2538)
w(20,4227,2,126,2539)
r(86,24167,2,127,2540)
r(77,54042,2,127,2541)
r(53,4216,2,127,2542)
r(49,176,2,127,2543)
r(12,179,2,127,2544)
r(26,24171,2,127,2545)
r(84,24172,2,127,2546)
w(82,4228,2,127,2547)
w(83,4229,2,127,2548)
w(29,4230,2,127,2549)
w(36,4231,2,127,2550)
w(6,4232,2,127,2551)
w(5,4233,2,127,2552)
w(58,4234,2,127,2553)
w(26,4235,2,127,2554)
w(58,4236,2,127,2555)
w(98,4237,2,127,2556)
w(99,4238,2,127,2557)
w(12,4239,2,127,2558)
w(54,4240,2,127,2559)
r(94,38167,2,128,2560)
r(79,28163,2,128,2561)
r(0,36193,2,128,2562)
r(65,28165,2,128,2563)
r(73,44199,2,128,2564)
r(67,24173,2,128,2565)
r(39,44193,2,128,2566)
r(20,4227,2,128,2567)
r(64,36245,2,128,2568)
r(57,54037,2,128,2569)
r(88,44189,2,128,2570)
r(40,28155,2,128,2571)
r(51,187,2,128,2572)
r(6,4232,2,128,2573)
r(84,24172,2,128,2574)
r(94,38167,2,128,2575)
r(19,195,2,128,2576)
r(28,38187,2,128,2577)
r(81,16018,2,128,2578)
r(20,4227,2,128,2579)
r(44,4205,2,129,2580)
r(99,4238,2,129,2581)
r(54,4240,2,129,2582)
r(84,24172,2,129,2583)
r(49,44198,2,129,2584)
r(60,192,2,129,2585)
r(8,44195,2,129,2586)
r(1,36235,2,129,2587)
r(92,4223,2,129,2588)
r(97,24162,2,129,2589)
r(42,24176,2,129,2590)
r(75,38189,2,129,2591)
r(87,44196,2,129,2592)
r(17,182,2,129,2593)
r(23,54040,2,129,2594)
r(54,4240,2,129,2595)
r(22,4209,2,129,2596)
r(94,38167,2,129,2597)
r(69,4218,2,129,2598)
r(3,54032,2,129,2599)
w(3,4241,2,130,2600)
w(22,4242,2,130,2601)
w(87,4243,2,130,2602)
w(94,4244,2,130,2603)
w(23,4245,2,130,2604)
w(24,4246,2,130,2605)
w(64,4247,2,130,2606)
w(66,4248,2,130,2607)
w(14,4249,2,130,2608)
w(75,4250,2,130,2609)
w(2,4251,2,130,2610)
w(59,4252,2,130,2611)
w(82,4253,2,130,2612)
w(58,4254,2,130,2613)
w(20,4255,2,130,2614)
w(41,4256,2,130,2615)
w(21,4257,2,130,2616)
w(22,4258,2,130,2617)
w(59,4259,2,130,2618)
w(57,4260,2,130,2619)
w(2,4261,2,131,2620)
w(89,4262,2,131,2621)
w(78,4263,2,131,2622)
w(55,4264,2,131,2623)
w(68,4265,2,131,2624)
w(59,4266,2,131,2625)
w(75,4267,2,131,2626)
w(21,4268,2,131,2627)
w(23,4269,2,131,2628)
w(70,4270,2,131,2629)
w(42,4271,2,131,2630)
w(11,4272,2,131,2631)
w(8,4273,2,131,2632)
w(5,4274,2,131,2633)
w(69,4275,2,131,2634)
w(21,4276,2,131,2635)
w(44,4277,2,131,2636)
w(43,4278,2,131,2637)
w(87,4279,2,131,2638)
w(72,4280,2,131,2639)
r(18,38228,2,132,2640)
r(81,26113,2,132,2641)
r(58,4254,2,132,2642)
r(71,26109,2,132,2643)
r(6,16079,2,132,2644)
r(94,38229,2,132,2645)
w(86,4281,2,132,2646)
w(32,4282,2,132,2647)
w(91,4283,2,132,2648)
w(40,4284,2,132,2649)
w(74,4285,2,132,2650)
w(55,4286,2,132,2651)
w(90,4287,2,132,2652)
w(48,4288,2,132,2653)
w(42,4289,2,132,2654)
w(7,4290,2,132,2655)
w(92,4291,2,132,2656)
w(62,4292,2,132,2657)
w(78,4293,2,132,2658)
w(68,4294,2,132,2659)
r(80,44230,2,133,2660)
r(62,4292,2,133,2661)
r(74,24225,2,133,2662)
r(28,237,2,133,2663)
r(41,26127,2,133,2664)
r(20,265,2,133,2665)
r(69,54089,2,133,2666)
r(0,28205,2,133,2667)
r(20,265,2,133,2668)
r(25,236,2,133,2669)
r(37,28213,2,133,2670)
r(31,44190,2,133,2671)
r(94,44231,2,133,2672)
r(10,38246,2,133,2673)
r(67,270,2,133,2674)
r(99,44225,2,133,2675)
r(72,54092,2,133,2676)
r(94,44231,2,133,2677)
r(16,44226,2,133,2678)
r(60,28230,2,133,2679)
w(70,4295,2,134,2680)
w(17,4296,2,134,2681)
w(82,4297,2,134,2682)
w(3,4298,2,134,2683)
w(70,4299,2,134,2684)
w(56,4300,2,134,2685)
w(91,4301,2,134,2686)
w(81,4302,2,134,2687)
w(46,4303,2,134,2688)
w(25,4304,2,134,2689)
w(58,4305,2,134,2690)
w(49,4306,2,134,2691)
w(77,4307,2,134,2692)
w(60,4308,2,134,2693)
w(5,4309,2,134,2694)
w(18,4310,2,134,2695)
w(32,4311,2,134,2696)
w(9,4312,2,134,2697)
w(26,4313,2,134,2698)
w(16,4314,2,134,2699)
r(4,2230,2,135,2700)
r(15,50272,2,135,2701)
r(11,24268,2,135,2702)
r(19,16115,2,135,2703)
r(23,52065,2,135,2704)
r(56,278,2,135,2705)
r(26,26160,2,135,2706)
r(24,26145,2,135,2707)
r(85,26150,2,135,2708)
r(52,36276,2,135,2709)
r(95,261,2,135,2710)
r(23,52065,2,135,2711)
r(78,50274,2,135,2712)
r(68,16118,2,135,2713)
r(50,26161,2,135,2714)
r(50,26161,2,135,2715)
r(11,24268,2,135,2716)
r(11,24268,2,135,2717)
r(98,2208,2,135,2718)
r(64,54090,2,135,2719)
r(72,38278,2,136,2720)
r(26,26160,2,136,2721)
r(92,2229,2,136,2722)
r(84,26147,2,136,2723)
r(71,52061,2,136,2724)
r(41,26127,2,136,2725)
w(45,4315,2,136,2726)
w(1,4316,2,136,2727)
w(6,4317,2,136,2728)
w(62,4318,2,136,2729)
w(20,4319,2,136,2730)
w(94,4320,2,136,2731)
w(12,4321,2,136,2732)
w(70,4322,2,136,2733)
w(46,4323,2,136,2734)
w(7,4324,2,136,2735)
w(7,4325,2,136,2736)
w(40,4326,2,136,2737)
w(32,4327,2,136,2738)
w(89,4328,2,136,2739)
r(97,48228,2,137,2740)
r(10,20014,2,137,2741)
r(44,36316,2,137,2742)
r(47,16117,2,137,2743)
r(15,50272,2,137,2744)
r(18,2236,2,137,2745)
r(68,16118,2,137,2746)
r(45,38260,2,137,2747)
r(88,44263,2,137,2748)
r(1,18013,2,137,2749)
r(91,52050,2,137,2750)
w(69,4001,2,137,2751)
w(79,4002,2,137,2752)
w(61,4003,2,137,2753)
w(85,4004,2,137,2754)
w(10,4005,2,137,2755)
w(62,4006,2,137,2756)
w(56,4007,2,137,2757)
w(31,4008,2,137,2758)
w(87,4009,2,137,2759)
r(70,50350,2,138,2760)
r(1,54176,2,138,2761)
r(70,50350,2,138,2762)
r(87,26180,2,138,2763)
r(2,50284,2,138,2764)
r(99,48296,2,138,2765)
r(72,20067,2,138,2766)
r(60,48300,2,138,2767)
r(78,18050,2,138,2768)
r(59,20089,2,138,2769)
r(56,48294,2,138,2770)
r(47,26181,2,138,2771)
w(74,4010,2,138,2772)
w(18,4011,2,138,2773)
w(47,4012,2,138,2774)
w(25,4013,2,138,2775)
w(34,4014,2,138,2776)
w(2,4015,2,138,2777)
w(15,4016,2,138,2778)
w(8,4017,2,138,2779)
r(89,4328,2,139,2780)
r(37,50336,2,139,2781)
r(52,20099,2,139,2782)
r(68,30036,2,139,2783)
r(0,30035,2,139,2784)
r(99,50382,2,139,2785)
r(56,48294,2,139,2786)
r(35,48291,2,139,2787)
r(78,18050,2,139,2788)
r(82,20098,2,139,2789)
w(31,4018,2,139,2790)
w(40,4019,2,139,2791)
w(50,4020,2,139,2792)
w(23,4021,2,139,2793)
w(90,4022,2,139,2794)
w(10,4023,2,139,2795)
w(14,4024,2,139,2796)
w(39,4025,2,139,2797)
w(82,4026,2,139,2798)
w(13,4027,2,139,2799)
r(75,48299,2,140,2800)
r(63,50379,2,140,2801)
r(57,299,2,140,2802)
r(27,18066,2,140,2803)
r(89,52144,2,140,2804)
r(13,46011,2,140,2805)
r(21,2315,2,140,2806)
r(46,2301,2,140,2807)
w(92,4028,2,140,2808)
w(2,4029,2,140,2809)
w(90,4030,2,140,2810)
w(63,4031,2,140,2811)
w(86,4032,2,140,2812)
w(7,4033,2,140,2813)
w(37,4034,2,140,2814)
w(19,4035,2,140,2815)
w(86,4036,2,140,2816)
w(40,4037,2,140,2817)
w(63,4038,2,140,2818)
w(54,4039,2,140,2819)
r(88,30031,2,141,2820)
r(92,30046,2,141,2821)
r(63,30044,2,141,2822)
r(7,46030,2,141,2823)
r(30,46027,2,141,2824)
r(12,48346,2,141,2825)
r(29,52141,2,141,2826)
w(3,4040,2,141,2827)
w(56,4041,2,141,2828)
w(30,4042,2,141,2829)
w(4,4043,2,141,2830)
w(45,4044,2,141,2831)
w(60,4045,2,141,2832)
w(60,4046,2,141,2833)
w(9,4047,2,141,2834)
w(7,4048,2,141,2835)
w(43,4049,2,141,2836)
w(99,4050,2,141,2837)
w(19,4051,2,141,2838)
w(60,4052,2,141,2839)
r(11,46048,2,142,2840)
r(62,50444,2,142,2841)
r(32,2026,2,142,2842)
r(29,52141,2,142,2843)
r(50,46044,2,142,2844)
r(77,46047,2,142,2845)
r(83,2030,2,142,2846)
r(83,2030,2,142,2847)
r(66,2012,2,142,2848)
r(5,46038,2,142,2849)
r(45,50432,2,142,2850)
r(27,18066,2,142,2851)
r(64,2298,2,142,2852)
r(90,46035,2,142,2853)
r(95,54201,2,142,2854)
r(92,2025,2,142,2855)
r(73,2011,2,142,2856)
r(21,54198,2,142,2857)
r(37,44312,2,142,2858)
r(86,2028,2,142,2859)
w(47,4053,2,143,2860)
w(83,4054,2,143,2861)
w(40,4055,2,143,2862)
w(23,4056,2,143,2863)
w(18,4057,2,143,2864)
w(51,4058,2,143,2865)
w(53,4059,2,143,2866)
w(28,4060,2,143,2867)
w(8,4061,2,143,2868)
w(40,4062,2,143,2869)
w(23,4063,2,143,2870)
w(67,4064,2,143,2871)
w(12,4065,2,143,2872)
w(76,4066,2,143,2873)
w(83,4067,2,143,2874)
w(1,4068,2,143,2875)
w(24,4069,2,143,2876)
w(15,4070,2,143,2877)
w(0,4071,2,143,2878)
w(97,4072,2,143,2879)
r(35,16215,2,144,2880)
r(14,46053,2,144,2881)
r(14,46053,2,144,2882)
r(48,56011,2,144,2883)
r(31,30033,2,144,2884)
r(85,30049,2,144,2885)
r(37,44312,2,144,2886)
r(18,4057,2,144,2887)
r(66,2012,2,144,2888)
r(39,48349,2,144,2889)
r(2,50446,2,144,2890)
r(69,30077,2,144,2891)
w(28,4073,2,144,2892)
w(16,4074,2,144,2893)
w(68,4075,2,144,2894)
w(4,4076,2,144,2895)
w(52,4077,2,144,2896)
w(20,4078,2,144,2897)
w(10,4079,2,144,2898)
w(85,4080,2,144,2899)
w(43,4001,2,145,2900)
w(28,4002,2,145,2901)
w(2,4003,2,145,2902)
w(65,4004,2,145,2903)
w(57,4005,2,145,2904)
w(64,4006,2,145,2905)
w(78,4007,2,145,2906)
w(70,4008,2,145,2907)
w(46,4009,2,145,2908)
w(73,4010,2,145,2909)
w(11,4011,2,145,2910)
w(79,4012,2,145,2911)
w(79,4013,2,145,2912)
w(13,4014,2,145,2913)
w(96,4015,2,145,2914)
w(68,4016,2,145,2915)
w(68,4017,2,145,2916)
w(64,4018,2,145,2917)
w(33,4019,2,145,2918)
w(87,4020,2,145,2919)
r(71,2023,2,146,2920)
r(4,16219,2,146,2921)
r(11,46048,2,146,2922)
r(57,48353,2,146,2923)
r(78,18050,2,146,2924)
r(45,50432,2,146,2925)
r(10,20126,2,146,2926)
r(26,2031,2,146,2927)
r(21,50476,2,146,2928)
r(74,50421,2,146,2929)
w(13,4021,2,146,2930)
w(67,4022,2,146,2931)
w(54,4023,2,146,2932)
w(11,4024,2,146,2933)
w(37,4025,2,146,2934)
w(3,4026,2,146,2935)
w(97,4027,2,146,2936)
w(9,4028,2,146,2937)
w(77,4029,2,146,2938)
w(99,4030,2,146,2939)
w(16,4031,2,147,2940)
w(90,4032,2,147,2941)
w(36,4033,2,147,2942)
w(42,4034,2,147,2943)
w(70,4035,2,147,2944)
w(87,4036,2,147,2945)
w(73,4037,2,147,2946)
w(76,4038,2,147,2947)
w(85,4039,2,147,2948)
w(95,4040,2,147,2949)
w(37,4041,2,147,2950)
w(11,4042,2,147,2951)
w(71,4043,2,147,2952)
w(40,4044,2,147,2953)
w(38,4045,2,147,2954)
w(62,4046,2,147,2955)
w(37,4047,2,147,2956)
w(3,4048,2,147,2957)
w(79,4049,2,147,2958)
w(23,4050,2,147,2959)
r(57,46144,2,148,2960)
r(73,50522,2,148,2961)
r(12,46116,2,148,2962)
r(33,36413,2,148,2963)
r(40,46130,2,148,2964)
r(91,46142,2,148,2965)
r(79,30081,2,148,2966)
r(71,52183,2,148,2967)
r(7,52180,2,148,2968)
r(93,36401,2,148,2969)
r(61,50523,2,148,2970)
w(5,4051,2,148,2971)
w(55,4052,2,148,2972)
w(83,4053,2,148,2973)
w(53,4054,2,148,2974)
w(12,4055,2,148,2975)
w(60,4056,2,148,2976)
w(65,4057,2,148,2977)
w(99,4058,2,148,2978)
w(94,4059,2,148,2979)
r(48,20152,2,149,2980)
r(15,4070,2,149,2981)
r(96,46150,2,149,2982)
r(32,54242,2,149,2983)
r(4,36412,2,149,2984)
r(72,50533,2,149,2985)
r(22,54244,2,149,2986)
r(70,52176,2,149,2987)
r(66,50529,2,149,2988)
r(85,4080,2,149,2989)
w(33,4060,2,149,2990)
w(72,4061,2,149,2991)
w(70,4062,2,149,2992)
w(84,4063,2,149,2993)
w(80,4064,2,149,2994)
w(65,4065,2,149,2995)
w(71,4066,2,149,2996)
w(59,4067,2,149,2997)
w(57,4068,2,149,2998)
w(94,4069,2,149,2999)
r(48,20152,2,150,3000)
r(42,16213,2,150,3001)
r(22,54244,2,150,3002)
r(18,46167,2,150,3003)
r(8,38384,2,150,3004)
r(18,46167,2,150,3005)
r(89,46107,2,150,3006)
r(92,46114,2,150,3007)
r(67,30154,2,150,3008)
r(56,46160,2,150,3009)
r(46,46113,2,150,3010)
r(47,38386,2,150,3011)
w(62,4070,2,150,3012)
w(16,4071,2,150,3013)
w(10,4072,2,150,3014)
w(16,4073,2,150,3015)
w(54,4074,2,150,3016)
w(79,4075,2,150,3017)
w(52,4076,2,150,3018)
w(40,4077,2,150,3019)
r(72,46178,2,151,3020)
r(42,30175,2,151,3021)
r(12,50539,2,151,3022)
r(58,12050,2,151,3023)
r(32,30168,2,151,3024)
r(35,12052,2,151,3025)
r(16,50562,2,151,3026)
r(33,46175,2,151,3027)
r(99,56056,2,151,3028)
r(79,50540,2,151,3029)
r(66,50529,2,151,3030)
w(94,4001,2,151,3031)
w(87,4002,2,151,3032)
w(90,4003,2,151,3033)
w(53,4004,2,151,3034)
w(27,4005,2,151,3035)
w(78,4006,2,151,3036)
w(17,4007,2,151,3037)
w(97,4008,2,151,3038)
w(41,4009,2,151,3039)
r(59,56055,2,152,3040)
r(79,50540,2,152,3041)
r(47,36450,2,152,3042)
r(41,30169,2,152,3043)
r(72,46178,2,152,3044)
r(86,50570,2,152,3045)
r(47,36450,2,152,3046)
r(70,52176,2,152,3047)
r(78,46187,2,152,3048)
r(87,18170,2,152,3049)
r(14,2131,2,152,3050)
r(24,50556,2,152,3051)
r(58,36445,2,152,3052)
r(39,36449,2,152,3053)
r(97,36447,2,152,3054)
r(13,50559,2,152,3055)
r(13,50559,2,152,3056)
r(94,30173,2,152,3057)
r(15,30179,2,152,3058)
r(0,2139,2,152,3059)
r(42,30194,2,153,3060)
r(3,50574,2,153,3061)
r(85,4080,2,153,3062)
r(6,2118,2,153,3063)
r(4,36444,2,153,3064)
r(43,50547,2,153,3065)
w(34,4010,2,153,3066)
w(19,4011,2,153,3067)
w(32,4012,2,153,3068)
w(40,4013,2,153,3069)
w(57,4014,2,153,3070)
w(42,4015,2,153,3071)
w(4,4016,2,153,3072)
w(71,4017,2,153,3073)
w(44,4018,2,153,3074)
w(63,4019,2,153,3075)
w(72,4020,2,153,3076)
w(40,4021,2,153,3077)
w(61,4022,2,153,3078)
w(88,4023,2,153,3079)
w(40,4024,2,154,3080)
w(20,4025,2,154,3081)
w(91,4026,2,154,3082)
w(48,4027,2,154,3083)
w(82,4028,2,154,3084)
w(33,4029,2,154,3085)
w(17,4030,2,154,3086)
w(72,4031,2,154,3087)
w(49,4032,2,154,3088)
w(8,4033,2,154,3089)
w(79,4034,2,154,3090)
w(33,4035,2,154,3091)
w(91,4036,2,154,3092)
w(34,4037,2,154,3093)
w(72,4038,2,154,3094)
w(92,4039,2,154,3095)
w(63,4040,2,154,3096)
w(40,4041,2,154,3097)
w(56,4042,2,154,3098)
w(98,4043,2,154,3099)
w(12,4044,2,155,3100)
w(44,4045,2,155,3101)
w(71,4046,2,155,3102)
w(80,4047,2,155,3103)
w(74,4048,2,155,3104)
w(19,4049,2,155,3105)
w(28,4050,2,155,3106)
w(16,4051,2,155,3107)
w(37,4052,2,155,3108)
w(66,4053,2,155,3109)
w(73,4054,2,155,3110)
w(41,4055,2,155,3111)
w(83,4056,2,155,3112)
w(18,4057,2,155,3113)
w(93,4058,2,155,3114)
w(94,4059,2,155,3115)
w(72,4060,2,155,3116)
w(90,4061,2,155,3117)
w(30,4062,2,155,3118)
w(47,4063,2,155,3119)
r(16,2163,2,156,3120)
r(52,50565,2,156,3121)
r(52,50565,2,156,3122)
r(44,30190,2,156,3123)
r(42,28396,2,156,3124)
r(21,36415,2,156,3125)
r(24,12066,2,156,3126)
r(67,46237,2,156,3127)
r(73,2146,2,156,3128)
r(68,54286,2,156,3129)
w(84,4064,2,156,3130)
w(92,4065,2,156,3131)
w(3,4066,2,156,3132)
w(82,4067,2,156,3133)
w(24,4068,2,156,3134)
w(2,4069,2,156,3135)
w(39,4070,2,156,3136)
w(62,4071,2,156,3137)
w(24,4072,2,156,3138)
w(64,4073,2,156,3139)
r(32,30214,2,157,3140)
r(26,46145,2,157,3141)
r(71,46236,2,157,3142)
r(16,2163,2,157,3143)
r(87,18170,2,157,3144)
r(53,2166,2,157,3145)
r(60,28395,2,157,3146)
r(16,2163,2,157,3147)
r(13,20240,2,157,3148)
r(5,2143,2,157,3149)
r(19,2106,2,157,3150)
r(58,30219,2,157,3151)
r(79,4034,2,157,3152)
r(48,4027,2,157,3153)
r(73,2146,2,157,3154)
r(61,30209,2,157,3155)
r(12,2167,2,157,3156)
r(69,30216,2,157,3157)
r(8,4033,2,157,3158)
r(59,50588,2,157,3159)
r(61,30209,2,158,3160)
r(35,12052,2,158,3161)
r(33,4035,2,158,3162)
r(31,44371,2,158,3163)
r(5,2143,2,158,3164)
r(71,46236,2,158,3165)
r(30,30191,2,158,3166)
r(29,46234,2,158,3167)
r(79,4034,2,158,3168)
r(85,2164,2,158,3169)
r(2,30205,2,158,3170)
r(42,28396,2,158,3171)
w(1,4001,2,158,3172)
w(49,4002,2,158,3173)
w(29,4003,2,158,3174)
w(7,4004,2,158,3175)
w(71,4005,2,158,3176)
w(17,4006,2,158,3177)
w(35,4007,2,158,3178)
w(30,4008,2,158,3179)
w(20,4009,2,159,3180)
w(68,4010,2,159,3181)
w(6,4011,2,159,3182)
w(69,4012,2,159,3183)
w(39,4013,2,159,3184)
w(13,4014,2,159,3185)
w(34,4015,2,159,3186)
w(56,4016,2,159,3187)
w(9,4017,2,159,3188)
w(54,4018,2,159,3189)
w(12,4019,2,159,3190)
w(42,4020,2,159,3191)
w(51,4021,2,159,3192)
w(58,4022,2,159,3193)
w(50,4023,2,159,3194)
w(67,4024,2,159,3195)
w(50,4025,2,159,3196)
w(6,4026,2,159,3197)
w(73,4027,2,159,3198)
w(13,4028,2,159,3199)
r(42,46260,2,160,3200)
r(48,44411,2,160,3201)
r(17,50652,2,160,3202)
r(93,8023,2,160,3203)
r(59,30298,2,160,3204)
r(64,50679,2,160,3205)
r(18,44413,2,160,3206)
r(78,50665,2,160,3207)
r(47,50669,2,160,3208)
r(66,50681,2,160,3209)
r(58,12082,2,160,3210)
r(4,8021,2,160,3211)
w(27,4001,2,160,3212)
w(84,4002,2,160,3213)
w(89,4003,2,160,3214)
w(79,4004,2,160,3215)
w(8,4005,2,160,3216)
w(83,4006,2,160,3217)
w(94,4007,2,160,3218)
w(20,4008,2,160,3219)
w(4,4009,2,161,3220)
w(38,4010,2,161,3221)
w(42,4011,2,161,3222)
w(31,4012,2,161,3223)
w(4,4013,2,161,3224)
w(11,4014,2,161,3225)
w(54,4015,2,161,3226)
w(27,4016,2,161,3227)
w(21,4017,2,161,3228)
w(48,4018,2,161,3229)
w(73,4019,2,161,3230)
w(33,4020,2,161,3231)
w(13,4021,2,161,3232)
w(25,4022,2,161,3233)
w(25,4023,2,161,3234)
w(48,4024,2,161,3235)
w(39,4025,2,161,3236)
w(21,4026,2,161,3237)
w(2,4027,2,161,3238)
w(36,4028,2,161,3239)
r(27,36548,2,162,3240)
r(62,30400,2,162,3241)
r(24,46341,2,162,3242)
r(75,46387,2,162,3243)
r(52,52291,2,162,3244)
r(16,30392,2,162,3245)
r(42,20320,2,162,3246)
r(4,44432,2,162,3247)
r(72,30370,2,162,3248)
r(83,52296,2,162,3249)
r(7,26014,2,162,3250)
r(53,30407,2,162,3251)
r(46,36550,2,162,3252)
r(35,26022,2,162,3253)
r(54,56168,2,162,3254)
r(65,26013,2,162,3255)
r(92,30355,2,162,3256)
r(60,38527,2,162,3257)
r(4,44432,2,162,3258)
r(13,2032,2,162,3259)
