r(3,110,5,3,75)
r(0,117,5,3,76)
r(10,82,5,3,77)
r(4,114,5,3,78)
r(11,105,5,3,79)
r(12,4087,5,3,80)
r(1,112,5,3,81)
r(3,110,5,3,82)
r(2,4108,5,3,83)
r(11,105,5,3,84)
r(1,112,5,3,85)
r(8,97,5,3,86)
r(9,85,5,3,87)
r(4,114,5,3,88)
r(0,117,5,3,89)
r(2,4108,5,3,90)
r(9,85,5,3,91)
r(0,117,5,3,92)
r(6,96,5,3,93)
r(9,85,5,3,94)
r(1,112,5,3,95)
r(16,118,5,3,96)
r(0,117,5,3,97)
r(4,114,5,3,98)
r(14,2089,5,3,99)
r(0,8177,5,8,200)
r(12,2382,5,8,201)
r(6,8173,5,8,202)
r(0,8177,5,8,203)
r(0,8177,5,8,204)
r(1,8183,5,8,205)
r(4,4376,5,8,206)
r(0,8177,5,8,207)
r(0,8177,5,8,208)
r(3,8184,5,8,209)
r(0,8177,5,8,210)
w(0,10134,5,8,211)
w(11,10135,5,8,212)
w(3,10136,5,8,213)
w(19,10137,5,8,214)
w(2,10138,5,8,215)
w(2,10139,5,8,216)
w(0,10140,5,8,217)
w(2,10141,5,8,218)
w(10,10142,5,8,219)
w(2,10143,5,8,220)
w(15,10144,5,8,221)
w(2,10145,5,8,222)
w(7,10146,5,8,223)
w(0,10147,5,8,224)
r(10,8192,5,9,225)
r(1,6133,5,9,226)
r(14,6129,5,9,227)
r(13,8187,5,9,228)
r(3,8186,5,9,229)
r(1,6133,5,9,230)
r(0,8196,5,9,231)
r(1,6133,5,9,232)
r(5,8181,5,9,233)
r(4,8185,5,9,234)
r(1,6133,5,9,235)
r(15,10144,5,9,236)
r(12,2382,5,9,237)
w(10,10148,5,9,238)
w(4,10149,5,9,239)
w(5,10150,5,9,240)
w(1,10151,5,9,241)
w(2,10152,5,9,242)
w(2,10153,5,9,243)
w(5,10154,5,9,244)
w(0,10155,5,9,245)
w(0,10156,5,9,246)
w(0,10157,5,9,247)
w(8,10158,5,9,248)
w(1,10159,5,9,249)
r(6,6151,5,10,250)
r(1,10159,5,10,251)
r(5,10154,5,10,252)
r(2,10153,5,10,253)
r(9,6125,5,10,254)
r(1,10159,5,10,255)
r(13,8187,5,10,256)
r(13,8187,5,10,257)
r(0,10157,5,10,258)
r(10,10148,5,10,259)
r(13,8187,5,10,260)
w(2,10160,5,10,261)
w(0,10161,5,10,262)
w(4,10162,5,10,263)
w(8,10163,5,10,264)
w(9,10164,5,10,265)
w(2,10165,5,10,266)
w(11,10166,5,10,267)
w(3,10167,5,10,268)
w(2,10168,5,10,269)
w(8,10169,5,10,270)
w(1,10170,5,10,271)
w(19,10171,5,10,272)
w(14,10172,5,10,273)
w(2,10173,5,10,274)
r(3,10198,5,12,300)
r(17,6188,5,12,301)
r(0,10194,5,12,302)
r(1,10197,5,12,303)
r(0,10194,5,12,304)
r(3,10198,5,12,305)
r(14,6181,5,12,306)
r(0,10194,5,12,307)
r(4,6170,5,12,308)
r(18,10189,5,12,309)
r(9,10196,5,12,310)
r(3,10198,5,12,311)
r(14,6181,5,12,312)
r(5,10154,5,12,313)
r(0,10194,5,12,314)
w(2,10199,5,12,315)
w(0,10200,5,12,316)
w(0,10201,5,12,317)
w(7,10202,5,12,318)
w(1,10203,5,12,319)
w(17,10204,5,12,320)
w(1,10205,5,12,321)
w(0,10206,5,12,322)
w(0,10207,5,12,323)
w(4,10208,5,12,324)
w(0,10209,5,13,325)
w(0,10210,5,13,326)
w(7,10211,5,13,327)
w(1,10212,5,13,328)
w(6,10213,5,13,329)
w(8,10214,5,13,330)
w(1,10215,5,13,331)
w(7,10216,5,13,332)
w(18,10217,5,13,333)
w(2,10218,5,13,334)
w(1,10219,5,13,335)
w(17,10220,5,13,336)
w(10,10221,5,13,337)
w(0,10222,5,13,338)
w(6,10223,5,13,339)
w(0,10224,5,13,340)
w(13,10225,5,13,341)
w(7,10226,5,13,342)
w(1,10227,5,13,343)
w(5,10228,5,13,344)
w(1,10229,5,13,345)
w(11,10230,5,13,346)
w(1,10231,5,13,347)
w(2,10232,5,13,348)
w(4,10233,5,13,349)
w(5,10234,5,14,350)
w(1,10235,5,14,351)
w(1,10236,5,14,352)
w(4,10237,5,14,353)
w(9,10238,5,14,354)
w(17,10239,5,14,355)
w(3,10240,5,14,356)
w(5,10241,5,14,357)
w(0,10242,5,14,358)
w(1,10243,5,14,359)
w(0,10244,5,14,360)
w(14,10245,5,14,361)
w(14,10246,5,14,362)
w(0,10247,5,14,363)
w(0,10248,5,14,364)
w(19,10249,5,14,365)
w(2,10250,5,14,366)
w(8,10251,5,14,367)
w(0,10252,5,14,368)
w(4,10253,5,14,369)
w(15,10254,5,14,370)
w(1,10255,5,14,371)
w(1,10256,5,14,372)
w(19,10257,5,14,373)
w(1,10258,5,14,374)
r(0,8248,5,15,375)
r(18,8224,5,15,376)
r(9,8249,5,15,377)
r(2,8242,5,15,378)
r(3,8250,5,15,379)
r(0,8248,5,15,380)
r(1,8238,5,15,381)
r(1,8238,5,15,382)
r(13,8235,5,15,383)
r(0,8248,5,15,384)
r(0,8248,5,15,385)
w(0,10259,5,15,386)
w(11,10260,5,15,387)
w(4,10261,5,15,388)
w(3,10262,5,15,389)
w(3,10263,5,15,390)
w(3,10264,5,15,391)
w(1,10265,5,15,392)
w(0,10266,5,15,393)
w(0,10267,5,15,394)
w(0,10268,5,15,395)
w(4,10269,5,15,396)
w(17,10270,5,15,397)
w(2,10271,5,15,398)
w(0,10272,5,15,399)
r(4,10269,5,16,400)
r(7,6218,5,16,401)
r(3,8254,5,16,402)
r(6,8257,5,16,403)
r(0,8261,5,16,404)
r(19,10257,5,16,405)
r(15,10254,5,16,406)
r(3,8254,5,16,407)
r(19,10257,5,16,408)
r(0,8261,5,16,409)
r(3,8254,5,16,410)
r(10,6234,5,16,411)
r(3,8254,5,16,412)
r(15,10254,5,16,413)
w(1,10273,5,16,414)
w(7,10274,5,16,415)
w(15,10275,5,16,416)
w(0,10276,5,16,417)
w(13,10277,5,16,418)
w(5,10278,5,16,419)
w(2,10279,5,16,420)
w(0,10280,5,16,421)
w(1,10281,5,16,422)
w(1,10282,5,16,423)
w(4,10283,5,16,424)
r(0,8275,5,17,425)
r(0,8275,5,17,426)
r(2,8268,5,17,427)
r(6,8257,5,17,428)
r(2,8268,5,17,429)
r(3,8270,5,17,430)
r(4,8271,5,17,431)
r(2,8268,5,17,432)
r(1,8267,5,17,433)
r(10,6234,5,17,434)
r(0,8275,5,17,435)
r(1,8267,5,17,436)
w(0,10284,5,17,437)
w(1,10285,5,17,438)
w(2,10286,5,17,439)
w(7,10287,5,17,440)
w(0,10288,5,17,441)
w(1,10289,5,17,442)
w(13,10290,5,17,443)
w(0,10291,5,17,444)
w(3,10292,5,17,445)
w(2,10293,5,17,446)
w(19,10294,5,17,447)
w(0,10295,5,17,448)
w(0,10296,5,17,449)
w(2,10297,5,18,450)
w(4,10298,5,18,451)
w(1,10299,5,18,452)
w(18,10300,5,18,453)
w(1,10301,5,18,454)
w(7,10302,5,18,455)
w(3,10303,5,18,456)
w(1,10304,5,18,457)
w(3,10305,5,18,458)
w(0,10306,5,18,459)
w(0,10307,5,18,460)
w(6,10308,5,18,461)
w(6,10309,5,18,462)
w(0,10310,5,18,463)
w(0,10311,5,18,464)
w(0,10312,5,18,465)
w(4,10313,5,18,466)
w(5,10314,5,18,467)
w(1,10315,5,18,468)
w(0,10316,5,18,469)
w(11,10317,5,18,470)
w(1,10318,5,18,471)
w(0,10319,5,18,472)
w(0,10320,5,18,473)
w(0,10321,5,18,474)
w(18,10322,5,19,475)
w(7,10323,5,19,476)
w(10,10324,5,19,477)
w(5,10325,5,19,478)
w(0,10326,5,19,479)
w(2,10327,5,19,480)
w(13,10328,5,19,481)
w(5,10329,5,19,482)
w(5,10330,5,19,483)
w(6,10331,5,19,484)
w(9,10332,5,19,485)
w(1,10333,5,19,486)
w(3,10334,5,19,487)
w(1,10335,5,19,488)
w(8,10336,5,19,489)
w(2,10337,5,19,490)
w(2,10338,5,19,491)
w(0,10339,5,19,492)
w(12,10340,5,19,493)
w(14,10341,5,19,494)
w(5,10342,5,19,495)
w(1,10343,5,19,496)
w(0,10344,5,19,497)
w(15,10345,5,19,498)
w(4,10346,5,19,499)
r(0,8341,5,20,500)
r(7,8340,5,20,501)
r(4,8334,5,20,502)
r(3,8324,5,20,503)
r(6,8329,5,20,504)
r(0,8341,5,20,505)
r(2,8331,5,20,506)
r(1,8339,5,20,507)
r(2,8331,5,20,508)
r(1,8339,5,20,509)
r(0,8341,5,20,510)
r(0,8341,5,20,511)
r(18,10322,5,20,512)
r(8,8336,5,20,513)
w(0,10347,5,20,514)
w(0,10348,5,20,515)
w(8,10349,5,20,516)
w(9,10350,5,20,517)
w(8,10351,5,20,518)
w(17,10352,5,20,519)
w(9,10353,5,20,520)
w(0,10354,5,20,521)
w(3,10355,5,20,522)
w(13,10356,5,20,523)
w(8,10357,5,20,524)
r(1,6276,5,21,525)
r(0,6272,5,21,526)
r(18,10322,5,21,527)
r(19,8299,5,21,528)
r(2,6271,5,21,529)
r(0,6272,5,21,530)
r(18,10322,5,21,531)
r(2,6271,5,21,532)
r(3,10355,5,21,533)
r(3,10355,5,21,534)
r(4,8334,5,21,535)
r(7,6274,5,21,536)
r(6,8329,5,21,537)
r(6,8329,5,21,538)
r(6,8329,5,21,539)
w(2,10358,5,21,540)
w(9,10359,5,21,541)
w(0,10360,5,21,542)
w(0,10361,5,21,543)
w(5,10362,5,21,544)
w(0,10363,5,21,545)
w(10,10364,5,21,546)
w(3,10365,5,21,547)
w(1,10366,5,21,548)
w(2,10367,5,21,549)
r(0,6289,5,22,550)
r(0,6289,5,22,551)
r(2,10367,5,22,552)
r(10,6287,5,22,553)
r(2,10367,5,22,554)
r(0,6289,5,22,555)
r(2,10367,5,22,556)
r(0,6289,5,22,557)
r(3,6286,5,22,558)
r(8,10357,5,22,559)
r(0,6289,5,22,560)
r(13,10356,5,22,561)
r(1,6288,5,22,562)
r(0,6289,5,22,563)
r(2,10367,5,22,564)
r(0,6289,5,22,565)
r(0,6289,5,22,566)
r(13,10356,5,22,567)
r(11,10317,5,22,568)
r(6,8329,5,22,569)
r(0,6289,5,22,570)
r(3,6286,5,22,571)
r(7,6281,5,22,572)
r(0,6289,5,22,573)
r(2,10367,5,22,574)
r(0,6289,5,23,575)
r(0,6289,5,23,576)
r(2,10367,5,23,577)
r(3,6286,5,23,578)
r(0,6289,5,23,579)
r(16,8338,5,23,580)
r(3,6286,5,23,581)
r(19,8349,5,23,582)
r(3,6286,5,23,583)
r(13,10356,5,23,584)
r(1,6288,5,23,585)
r(0,6289,5,23,586)
r(0,6289,5,23,587)
r(19,8349,5,23,588)
r(17,6277,5,23,589)
w(0,10368,5,23,590)
w(17,10369,5,23,591)
w(1,10370,5,23,592)
w(0,10371,5,23,593)
w(9,10372,5,23,594)
w(14,10373,5,23,595)
w(0,10374,5,23,596)
w(4,10375,5,23,597)
w(9,10376,5,23,598)
w(0,10377,5,23,599)
w(0,10378,5,24,600)
w(5,10379,5,24,601)
w(17,10380,5,24,602)
w(6,10381,5,24,603)
w(3,10382,5,24,604)
w(11,10383,5,24,605)
w(5,10384,5,24,606)
w(6,10385,5,24,607)
w(0,10386,5,24,608)
w(0,10387,5,24,609)
w(3,10388,5,24,610)
w(1,10389,5,24,611)
w(4,10390,5,24,612)
w(9,10391,5,24,613)
w(0,10392,5,24,614)
w(1,10393,5,24,615)
w(0,10394,5,24,616)
w(2,10395,5,24,617)
w(0,10396,5,24,618)
w(1,10397,5,24,619)
w(2,10398,5,24,620)
w(13,10399,5,24,621)
w(0,10400,5,24,622)
w(1,10401,5,24,623)
w(11,10402,5,24,624)
r(2,10398,5,25,625)
r(0,10400,5,25,626)
r(4,10390,5,25,627)
r(4,10390,5,25,628)
r(5,10384,5,25,629)
r(6,10385,5,25,630)
r(0,10400,5,25,631)
r(10,6287,5,25,632)
r(2,10398,5,25,633)
r(2,10398,5,25,634)
r(0,10400,5,25,635)
r(6,10385,5,25,636)
r(7,6281,5,25,637)
r(0,10400,5,25,638)
w(13,10403,5,25,639)
w(0,10404,5,25,640)
w(0,10405,5,25,641)
w(8,10406,5,25,642)
w(0,10407,5,25,643)
w(5,10408,5,25,644)
w(12,10409,5,25,645)
w(0,10410,5,25,646)
w(18,10411,5,25,647)
w(2,10412,5,25,648)
w(0,10413,5,25,649)
r(19,6313,5,26,650)
r(0,10413,5,26,651)
r(2,10412,5,26,652)
r(4,6325,5,26,653)
r(13,10403,5,26,654)
r(1,6323,5,26,655)
r(0,10413,5,26,656)
r(5,10408,5,26,657)
r(3,10388,5,26,658)
r(0,10413,5,26,659)
r(1,6323,5,26,660)
w(0,10414,5,26,661)
w(1,10415,5,26,662)
w(0,10416,5,26,663)
w(14,10417,5,26,664)
w(0,10418,5,26,665)
w(16,10419,5,26,666)
w(12,10420,5,26,667)
w(0,10421,5,26,668)
w(0,10422,5,26,669)
w(1,10423,5,26,670)
w(0,10424,5,26,671)
w(16,10425,5,26,672)
w(9,10426,5,26,673)
w(5,10427,5,26,674)
r(1,10423,5,27,675)
r(4,6325,5,27,676)
r(0,10424,5,27,677)
r(4,6325,5,27,678)
r(0,10424,5,27,679)
r(1,10423,5,27,680)
r(0,10424,5,27,681)
r(4,6325,5,27,682)
r(3,6350,5,27,683)
r(0,10424,5,27,684)
r(9,10426,5,27,685)
w(1,10428,5,27,686)
w(0,10429,5,27,687)
w(1,10430,5,27,688)
w(9,10431,5,27,689)
w(2,10432,5,27,690)
w(11,10433,5,27,691)
w(6,10434,5,27,692)
w(3,10435,5,27,693)
w(2,10436,5,27,694)
w(14,10437,5,27,695)
w(18,10438,5,27,696)
w(14,10439,5,27,697)
w(16,10440,5,27,698)
w(2,10441,5,27,699)
r(2,10441,5,28,700)
r(1,10430,5,28,701)
r(0,10429,5,28,702)
r(1,10430,5,28,703)
r(2,10441,5,28,704)
r(0,10429,5,28,705)
r(10,6340,5,28,706)
r(4,6325,5,28,707)
r(0,10429,5,28,708)
r(0,10429,5,28,709)
r(0,10429,5,28,710)
r(0,10429,5,28,711)
r(0,10429,5,28,712)
r(12,10420,5,28,713)
r(0,10429,5,28,714)
r(1,10430,5,28,715)
w(0,10442,5,28,716)
w(2,10443,5,28,717)
w(0,10444,5,28,718)
w(1,10445,5,28,719)
w(1,10446,5,28,720)
w(0,10447,5,28,721)
w(3,10448,5,28,722)
w(0,10449,5,28,723)
w(3,10450,5,28,724)
