r(1,12,3,1,25)
r(6,2013,3,1,26)
r(10,20,3,1,27)
r(1,12,3,1,28)
r(0,25,3,1,29)
r(6,2013,3,1,30)
r(2,23,3,1,31)
r(0,25,3,1,32)
r(5,19,3,1,33)
r(2,23,3,1,34)
r(1,12,3,1,35)
r(11,0,3,1,36)
r(0,25,3,1,37)
r(0,25,3,1,38)
r(1,12,3,1,39)
r(19,2008,3,1,40)
r(3,15,3,1,41)
r(4,21,3,1,42)
r(0,25,3,1,43)
r(10,20,3,1,44)
r(1,12,3,1,45)
r(12,10,3,1,46)
r(0,25,3,1,47)
r(12,10,3,1,48)
r(3,15,3,1,49)
r(0,2395,3,9,225)
r(3,2389,3,9,226)
r(2,2394,3,9,227)
r(4,4376,3,9,228)
r(7,2393,3,9,229)
r(1,2396,3,9,230)
r(3,2389,3,9,231)
r(18,2391,3,9,232)
r(0,2395,3,9,233)
r(13,4357,3,9,234)
r(0,2395,3,9,235)
r(16,2387,3,9,236)
r(6,2386,3,9,237)
r(6,2386,3,9,238)
w(9,6125,3,9,239)
w(1,6126,3,9,240)
w(1,6127,3,9,241)
w(4,6128,3,9,242)
w(14,6129,3,9,243)
w(1,6130,3,9,244)
w(1,6131,3,9,245)
w(0,6132,3,9,246)
w(1,6133,3,9,247)
w(19,6134,3,9,248)
w(3,6135,3,9,249)
r(2,10145,3,10,250)
r(0,8196,3,10,251)
r(2,10145,3,10,252)
r(4,8185,3,10,253)
r(0,8196,3,10,254)
r(2,10145,3,10,255)
r(1,6133,3,10,256)
r(11,10135,3,10,257)
w(16,6136,3,10,258)
w(0,6137,3,10,259)
w(7,6138,3,10,260)
w(1,6139,3,10,261)
w(4,6140,3,10,262)
w(1,6141,3,10,263)
w(1,6142,3,10,264)
w(6,6143,3,10,265)
w(11,6144,3,10,266)
w(7,6145,3,10,267)
w(2,6146,3,10,268)
w(2,6147,3,10,269)
w(2,6148,3,10,270)
w(0,6149,3,10,271)
w(0,6150,3,10,272)
w(6,6151,3,10,273)
w(11,6152,3,10,274)
r(17,4300,3,11,275)
r(13,8187,3,11,276)
r(10,10148,3,11,277)
r(0,10157,3,11,278)
r(3,8186,3,11,279)
r(17,4300,3,11,280)
r(2,10153,3,11,281)
r(11,6152,3,11,282)
r(0,10157,3,11,283)
r(0,10157,3,11,284)
r(19,8190,3,11,285)
r(1,10159,3,11,286)
r(0,10157,3,11,287)
r(8,10158,3,11,288)
w(0,6153,3,11,289)
w(0,6154,3,11,290)
w(0,6155,3,11,291)
w(4,6156,3,11,292)
w(13,6157,3,11,293)
w(0,6158,3,11,294)
w(1,6159,3,11,295)
w(7,6160,3,11,296)
w(1,6161,3,11,297)
w(8,6162,3,11,298)
w(0,6163,3,11,299)
w(8,6164,3,12,300)
w(1,6165,3,12,301)
w(2,6166,3,12,302)
w(0,6167,3,12,303)
w(1,6168,3,12,304)
w(9,6169,3,12,305)
w(4,6170,3,12,306)
w(0,6171,3,12,307)
w(17,6172,3,12,308)
w(0,6173,3,12,309)
w(16,6174,3,12,310)
w(3,6175,3,12,311)
w(2,6176,3,12,312)
w(15,6177,3,12,313)
w(1,6178,3,12,314)
w(1,6179,3,12,315)
w(0,6180,3,12,316)
w(14,6181,3,12,317)
w(0,6182,3,12,318)
w(0,6183,3,12,319)
w(3,6184,3,12,320)
w(19,6185,3,12,321)
w(17,6186,3,12,322)
w(13,6187,3,12,323)
w(17,6188,3,12,324)
r(0,10194,3,13,325)
r(0,10194,3,13,326)
r(4,6170,3,13,327)
r(0,10194,3,13,328)
r(5,10154,3,13,329)
r(3,10198,3,13,330)
r(0,10194,3,13,331)
r(1,10197,3,13,332)
r(0,10194,3,13,333)
r(14,6181,3,13,334)
r(1,10197,3,13,335)
r(1,10197,3,13,336)
r(2,10195,3,13,337)
r(4,6170,3,13,338)
r(0,10194,3,13,339)
r(0,10194,3,13,340)
r(3,10198,3,13,341)
r(3,10198,3,13,342)
r(0,10194,3,13,343)
r(10,10148,3,13,344)
r(5,10154,3,13,345)
r(5,10154,3,13,346)
r(1,10197,3,13,347)
r(17,6188,3,13,348)
r(0,10194,3,13,349)
r(1,10197,3,14,350)
r(9,10196,3,14,351)
r(18,10189,3,14,352)
r(1,10197,3,14,353)
r(4,6170,3,14,354)
r(8,10186,3,14,355)
r(5,10154,3,14,356)
r(1,10197,3,14,357)
r(4,6170,3,14,358)
r(4,6170,3,14,359)
r(12,8209,3,14,360)
r(8,10186,3,14,361)
r(1,10197,3,14,362)
w(13,6189,3,14,363)
w(6,6190,3,14,364)
w(7,6191,3,14,365)
w(2,6192,3,14,366)
w(4,6193,3,14,367)
w(15,6194,3,14,368)
w(17,6195,3,14,369)
w(0,6196,3,14,370)
w(7,6197,3,14,371)
w(18,6198,3,14,372)
w(2,6199,3,14,373)
w(9,6200,3,14,374)
r(3,10198,3,15,375)
r(2,6199,3,15,376)
r(0,6196,3,15,377)
r(19,6185,3,15,378)
r(1,10205,3,15,379)
r(2,6199,3,15,380)
r(6,6190,3,15,381)
r(6,6190,3,15,382)
r(19,6185,3,15,383)
r(0,6196,3,15,384)
r(0,6196,3,15,385)
r(5,10154,3,15,386)
w(3,6201,3,15,387)
w(13,6202,3,15,388)
w(4,6203,3,15,389)
w(1,6204,3,15,390)
w(1,6205,3,15,391)
w(10,6206,3,15,392)
w(6,6207,3,15,393)
w(3,6208,3,15,394)
w(2,6209,3,15,395)
w(9,6210,3,15,396)
w(0,6211,3,15,397)
w(4,6212,3,15,398)
w(6,6213,3,15,399)
r(1,10258,3,16,400)
r(8,10251,3,16,401)
r(2,10250,3,16,402)
r(17,10239,3,16,403)
r(2,10250,3,16,404)
r(1,10258,3,16,405)
r(1,10258,3,16,406)
r(4,10253,3,16,407)
r(12,8209,3,16,408)
r(1,10258,3,16,409)
r(1,10258,3,16,410)
r(4,10253,3,16,411)
r(0,10252,3,16,412)
r(3,10240,3,16,413)
r(6,6213,3,16,414)
r(0,10252,3,16,415)
r(2,10250,3,16,416)
r(2,10250,3,16,417)
r(11,10230,3,16,418)
r(0,10252,3,16,419)
r(1,10258,3,16,420)
r(1,10258,3,16,421)
r(6,6213,3,16,422)
r(15,10254,3,16,423)
r(10,6206,3,16,424)
w(3,6214,3,17,425)
w(3,6215,3,17,426)
w(0,6216,3,17,427)
w(0,6217,3,17,428)
w(7,6218,3,17,429)
w(0,6219,3,17,430)
w(12,6220,3,17,431)
w(3,6221,3,17,432)
w(1,6222,3,17,433)
w(10,6223,3,17,434)
w(0,6224,3,17,435)
w(3,6225,3,17,436)
w(13,6226,3,17,437)
w(1,6227,3,17,438)
w(3,6228,3,17,439)
w(0,6229,3,17,440)
w(6,6230,3,17,441)
w(0,6231,3,17,442)
w(0,6232,3,17,443)
w(5,6233,3,17,444)
w(10,6234,3,17,445)
w(0,6235,3,17,446)
w(0,6236,3,17,447)
w(4,6237,3,17,448)
w(11,6238,3,17,449)
r(7,6218,3,18,450)
r(0,10272,3,18,451)
r(1,10265,3,18,452)
r(4,10269,3,18,453)
r(6,6230,3,18,454)
r(0,10272,3,18,455)
r(0,10272,3,18,456)
r(4,10269,3,18,457)
r(1,10265,3,18,458)
r(11,10260,3,18,459)
r(0,10272,3,18,460)
r(8,10251,3,18,461)
r(0,10272,3,18,462)
r(5,6233,3,18,463)
r(0,10272,3,18,464)
r(0,10272,3,18,465)
r(0,10272,3,18,466)
r(1,10265,3,18,467)
r(1,10265,3,18,468)
r(0,10272,3,18,469)
r(5,6233,3,18,470)
r(6,6230,3,18,471)
r(0,10272,3,18,472)
r(18,8224,3,18,473)
r(0,10272,3,18,474)
r(0,8261,3,19,475)
r(3,8254,3,19,476)
r(3,8254,3,19,477)
r(3,8254,3,19,478)
r(0,8261,3,19,479)
r(4,10269,3,19,480)
r(4,10269,3,19,481)
r(15,10254,3,19,482)
r(4,10269,3,19,483)
r(0,8261,3,19,484)
r(16,8256,3,19,485)
r(2,8255,3,19,486)
r(0,8261,3,19,487)
r(0,8261,3,19,488)
r(0,8261,3,19,489)
r(0,8261,3,19,490)
r(1,8259,3,19,491)
r(8,10251,3,19,492)
r(17,8262,3,19,493)
r(0,8261,3,19,494)
r(1,8259,3,19,495)
r(1,8259,3,19,496)
r(4,10269,3,19,497)
r(5,8258,3,19,498)
r(16,8256,3,19,499)
r(1,10282,3,20,500)
r(4,10283,3,20,501)
r(1,10282,3,20,502)
r(6,8257,3,20,503)
r(3,8254,3,20,504)
r(18,8224,3,20,505)
r(2,10279,3,20,506)
r(3,8254,3,20,507)
r(0,10280,3,20,508)
r(10,6234,3,20,509)
r(1,10282,3,20,510)
r(0,10280,3,20,511)
r(1,10282,3,20,512)
r(0,10280,3,20,513)
w(14,6239,3,20,514)
w(12,6240,3,20,515)
w(9,6241,3,20,516)
w(14,6242,3,20,517)
w(6,6243,3,20,518)
w(1,6244,3,20,519)
w(0,6245,3,20,520)
w(18,6246,3,20,521)
w(6,6247,3,20,522)
w(3,6248,3,20,523)
w(0,6249,3,20,524)
r(0,8285,3,21,525)
r(0,8285,3,21,526)
r(0,8285,3,21,527)
r(1,8290,3,21,528)
r(1,8290,3,21,529)
r(0,8285,3,21,530)
r(6,6247,3,21,531)
r(0,8285,3,21,532)
r(10,8281,3,21,533)
r(5,8280,3,21,534)
r(6,6247,3,21,535)
r(0,8285,3,21,536)
r(1,8290,3,21,537)
w(0,6250,3,21,538)
w(5,6251,3,21,539)
w(3,6252,3,21,540)
w(0,6253,3,21,541)
w(1,6254,3,21,542)
w(1,6255,3,21,543)
w(0,6256,3,21,544)
w(0,6257,3,21,545)
w(6,6258,3,21,546)
w(1,6259,3,21,547)
w(11,6260,3,21,548)
w(0,6261,3,21,549)
r(7,10302,3,22,550)
r(18,10300,3,22,551)
r(1,10318,3,22,552)
r(1,10318,3,22,553)
r(2,10297,3,22,554)
r(1,10318,3,22,555)
r(1,10318,3,22,556)
r(17,8262,3,22,557)
r(0,10321,3,22,558)
r(0,10321,3,22,559)
r(2,10297,3,22,560)
r(0,10321,3,22,561)
r(3,10305,3,22,562)
r(8,10251,3,22,563)
r(0,10321,3,22,564)
r(1,10318,3,22,565)
r(4,10313,3,22,566)
w(2,6262,3,22,567)
w(4,6263,3,22,568)
w(5,6264,3,22,569)
w(12,6265,3,22,570)
w(5,6266,3,22,571)
w(9,6267,3,22,572)
w(17,6268,3,22,573)
w(1,6269,3,22,574)
r(2,10338,3,23,575)
r(0,10344,3,23,576)
r(10,10324,3,23,577)
r(0,10344,3,23,578)
r(1,10343,3,23,579)
r(7,10323,3,23,580)
r(0,10344,3,23,581)
r(1,10343,3,23,582)
r(8,10336,3,23,583)
r(2,10338,3,23,584)
r(4,10346,3,23,585)
r(5,10342,3,23,586)
r(17,6268,3,23,587)
r(0,10344,3,23,588)
r(19,8299,3,23,589)
r(19,8299,3,23,590)
r(10,10324,3,23,591)
r(1,10343,3,23,592)
r(3,10334,3,23,593)
r(14,10341,3,23,594)
r(0,10344,3,23,595)
r(0,10344,3,23,596)
r(9,10332,3,23,597)
r(8,10336,3,23,598)
r(5,10342,3,23,599)
r(17,6268,3,24,600)
r(4,8334,3,24,601)
r(0,8341,3,24,602)
r(0,8341,3,24,603)
r(0,8341,3,24,604)
r(1,8339,3,24,605)
r(19,8299,3,24,606)
r(15,10345,3,24,607)
r(7,8340,3,24,608)
r(14,8335,3,24,609)
r(0,8341,3,24,610)
r(1,8339,3,24,611)
r(1,8339,3,24,612)
r(12,10340,3,24,613)
r(17,6268,3,24,614)
r(19,8299,3,24,615)
r(2,8331,3,24,616)
r(17,6268,3,24,617)
w(2,6270,3,24,618)
w(2,6271,3,24,619)
w(0,6272,3,24,620)
w(1,6273,3,24,621)
w(7,6274,3,24,622)
w(1,6275,3,24,623)
w(1,6276,3,24,624)
r(12,10340,3,25,625)
r(0,6272,3,25,626)
r(0,6272,3,25,627)
r(17,10352,3,25,628)
r(0,6272,3,25,629)
r(0,6272,3,25,630)
r(7,6274,3,25,631)
r(19,8299,3,25,632)
r(2,6271,3,25,633)
r(3,10355,3,25,634)
r(0,6272,3,25,635)
r(5,8320,3,25,636)
w(17,6277,3,25,637)
w(5,6278,3,25,638)
w(1,6279,3,25,639)
w(4,6280,3,25,640)
w(7,6281,3,25,641)
w(0,6282,3,25,642)
w(0,6283,3,25,643)
w(3,6284,3,25,644)
w(5,6285,3,25,645)
w(3,6286,3,25,646)
w(10,6287,3,25,647)
w(1,6288,3,25,648)
w(0,6289,3,25,649)
r(0,10377,3,26,650)
r(6,8329,3,26,651)
r(0,10377,3,26,652)
r(8,10357,3,26,653)
r(0,10377,3,26,654)
r(0,10377,3,26,655)
r(0,10377,3,26,656)
r(1,10370,3,26,657)
r(0,10377,3,26,658)
r(0,10377,3,26,659)
r(12,10340,3,26,660)
r(5,6285,3,26,661)
r(3,6286,3,26,662)
w(0,6290,3,26,663)
w(5,6291,3,26,664)
w(0,6292,3,26,665)
w(1,6293,3,26,666)
w(3,6294,3,26,667)
w(5,6295,3,26,668)
w(1,6296,3,26,669)
w(13,6297,3,26,670)
w(2,6298,3,26,671)
w(1,6299,3,26,672)
w(0,6300,3,26,673)
w(0,6301,3,26,674)
w(18,6302,3,27,675)
w(5,6303,3,27,676)
w(14,6304,3,27,677)
w(0,6305,3,27,678)
w(0,6306,3,27,679)
w(0,6307,3,27,680)
w(2,6308,3,27,681)
w(1,6309,3,27,682)
w(14,6310,3,27,683)
w(0,6311,3,27,684)
w(2,6312,3,27,685)
w(19,6313,3,27,686)
w(18,6314,3,27,687)
w(0,6315,3,27,688)
w(0,6316,3,27,689)
w(1,6317,3,27,690)
w(14,6318,3,27,691)
w(16,6319,3,27,692)
w(0,6320,3,27,693)
w(18,6321,3,27,694)
w(0,6322,3,27,695)
w(1,6323,3,27,696)
w(0,6324,3,27,697)
w(4,6325,3,27,698)
w(7,6326,3,27,699)
w(5,6327,3,28,700)
w(0,6328,3,28,701)
w(0,6329,3,28,702)
w(3,6330,3,28,703)
w(8,6331,3,28,704)
w(0,6332,3,28,705)
w(0,6333,3,28,706)
w(5,6334,3,28,707)
w(3,6335,3,28,708)
w(2,6336,3,28,709)
w(0,6337,3,28,710)
w(12,6338,3,28,711)
w(0,6339,3,28,712)
w(10,6340,3,28,713)
w(0,6341,3,28,714)
w(2,6342,3,28,715)
w(1,6343,3,28,716)
w(1,6344,3,28,717)
w(1,6345,3,28,718)
w(13,6346,3,28,719)
w(6,6347,3,28,720)
w(9,6348,3,28,721)
w(6,6349,3,28,722)
w(3,6350,3,28,723)
w(0,6351,3,28,724)
