r(1,45,4,3,75)
r(13,4032,4,3,76)
r(3,48,4,3,77)
r(0,55,4,3,78)
r(10,4050,4,3,79)
r(0,55,4,3,80)
r(0,55,4,3,81)
r(0,55,4,3,82)
r(1,45,4,3,83)
r(6,54,4,3,84)
r(2,50,4,3,85)
r(0,55,4,3,86)
r(3,48,4,3,87)
r(16,13,4,3,88)
r(6,54,4,3,89)
r(1,45,4,3,90)
r(0,55,4,3,91)
r(3,48,4,3,92)
r(0,55,4,3,93)
r(2,50,4,3,94)
r(14,47,4,3,95)
r(3,48,4,3,96)
r(1,45,4,3,97)
r(13,4032,4,3,98)
r(6,54,4,3,99)
r(0,55,4,4,100)
r(15,0,4,4,101)
r(1,45,4,4,102)
r(1,45,4,4,103)
r(18,2035,4,4,104)
r(0,55,4,4,105)
r(5,46,4,4,106)
r(7,53,4,4,107)
r(7,53,4,4,108)
r(0,55,4,4,109)
r(7,53,4,4,110)
r(3,48,4,4,111)
r(0,55,4,4,112)
r(0,55,4,4,113)
r(0,55,4,4,114)
r(4,49,4,4,115)
r(18,2035,4,4,116)
r(9,4036,4,4,117)
r(1,45,4,4,118)
r(18,2035,4,4,119)
r(5,46,4,4,120)
r(1,45,4,4,121)
r(0,55,4,4,122)
r(1,45,4,4,123)
r(0,55,4,4,124)
r(18,137,4,7,175)
r(15,116,4,7,176)
r(1,140,4,7,177)
r(1,140,4,7,178)
r(0,147,4,7,179)
r(2,145,4,7,180)
r(16,4137,4,7,181)
r(0,147,4,7,182)
r(0,147,4,7,183)
r(9,2139,4,7,184)
r(19,4110,4,7,185)
r(10,4144,4,7,186)
r(1,140,4,7,187)
r(5,4146,4,7,188)
r(0,147,4,7,189)
r(12,4145,4,7,190)
r(4,142,4,7,191)
r(6,2131,4,7,192)
r(6,2131,4,7,193)
r(2,145,4,7,194)
r(2,145,4,7,195)
r(18,137,4,7,196)
r(0,147,4,7,197)
r(14,2135,4,7,198)
r(5,4146,4,7,199)
r(6,2386,4,12,300)
r(3,2389,4,12,301)
r(2,2394,4,12,302)
r(4,4376,4,12,303)
r(3,2389,4,12,304)
r(2,2394,4,12,305)
r(2,2394,4,12,306)
r(1,2396,4,12,307)
r(1,2396,4,12,308)
r(0,2395,4,12,309)
w(19,8170,4,12,310)
w(3,8171,4,12,311)
w(5,8172,4,12,312)
w(6,8173,4,12,313)
w(1,8174,4,12,314)
w(2,8175,4,12,315)
w(0,8176,4,12,316)
w(0,8177,4,12,317)
w(14,8178,4,12,318)
w(14,8179,4,12,319)
w(1,8180,4,12,320)
w(5,8181,4,12,321)
w(9,8182,4,12,322)
w(1,8183,4,12,323)
w(3,8184,4,12,324)
r(2,8175,4,13,325)
r(9,6125,4,13,326)
r(0,6132,4,13,327)
r(13,4357,4,13,328)
r(9,6125,4,13,329)
r(2,8175,4,13,330)
r(4,6128,4,13,331)
r(4,6128,4,13,332)
r(16,2387,4,13,333)
r(0,6132,4,13,334)
r(4,6128,4,13,335)
r(13,4357,4,13,336)
r(4,6128,4,13,337)
w(4,8185,4,13,338)
w(3,8186,4,13,339)
w(13,8187,4,13,340)
w(8,8188,4,13,341)
w(0,8189,4,13,342)
w(19,8190,4,13,343)
w(0,8191,4,13,344)
w(10,8192,4,13,345)
w(7,8193,4,13,346)
w(0,8194,4,13,347)
w(0,8195,4,13,348)
w(0,8196,4,13,349)
r(10,10148,4,14,350)
r(3,8186,4,14,351)
r(5,10154,4,14,352)
r(6,6151,4,14,353)
r(3,8186,4,14,354)
r(1,10159,4,14,355)
r(17,4300,4,14,356)
r(4,10149,4,14,357)
r(1,10159,4,14,358)
r(19,8190,4,14,359)
r(0,10157,4,14,360)
r(0,10157,4,14,361)
r(7,6145,4,14,362)
r(2,10153,4,14,363)
r(7,6145,4,14,364)
r(8,10158,4,14,365)
r(7,6145,4,14,366)
r(1,10159,4,14,367)
r(11,6152,4,14,368)
r(0,10157,4,14,369)
r(0,10157,4,14,370)
r(12,2382,4,14,371)
r(2,10153,4,14,372)
r(2,10153,4,14,373)
r(0,10157,4,14,374)
r(7,6145,4,15,375)
r(2,10153,4,15,376)
r(4,10149,4,15,377)
r(17,4300,4,15,378)
r(18,2391,4,15,379)
r(1,10159,4,15,380)
r(6,6151,4,15,381)
r(10,10148,4,15,382)
r(1,10159,4,15,383)
r(11,6152,4,15,384)
w(0,8197,4,15,385)
w(0,8198,4,15,386)
w(1,8199,4,15,387)
w(17,8200,4,15,388)
w(1,8201,4,15,389)
w(16,8202,4,15,390)
w(8,8203,4,15,391)
w(11,8204,4,15,392)
w(0,8205,4,15,393)
w(1,8206,4,15,394)
w(11,8207,4,15,395)
w(1,8208,4,15,396)
w(12,8209,4,15,397)
w(9,8210,4,15,398)
w(1,8211,4,15,399)
r(0,6163,4,16,400)
r(5,10154,4,16,401)
r(4,6156,4,16,402)
r(4,6156,4,16,403)
r(6,6151,4,16,404)
r(0,6163,4,16,405)
r(3,10167,4,16,406)
r(4,6156,4,16,407)
r(0,6163,4,16,408)
r(7,6160,4,16,409)
r(12,8209,4,16,410)
r(2,10173,4,16,411)
r(18,2391,4,16,412)
r(7,6160,4,16,413)
r(0,6163,4,16,414)
r(0,6163,4,16,415)
r(0,6163,4,16,416)
r(1,6161,4,16,417)
r(5,10154,4,16,418)
r(4,6156,4,16,419)
r(11,10166,4,16,420)
r(16,8202,4,16,421)
r(4,6156,4,16,422)
r(0,6163,4,16,423)
r(7,6160,4,16,424)
r(11,10166,4,17,425)
r(1,6161,4,17,426)
r(0,6163,4,17,427)
r(0,6163,4,17,428)
r(0,6163,4,17,429)
r(3,10167,4,17,430)
r(2,10173,4,17,431)
r(5,10154,4,17,432)
r(1,6161,4,17,433)
r(0,6163,4,17,434)
r(0,6163,4,17,435)
r(3,10167,4,17,436)
r(0,6163,4,17,437)
r(13,6157,4,17,438)
r(15,10144,4,17,439)
r(0,6163,4,17,440)
r(11,10166,4,17,441)
r(0,6163,4,17,442)
r(0,6163,4,17,443)
r(15,10144,4,17,444)
r(0,6163,4,17,445)
r(12,8209,4,17,446)
r(7,6160,4,17,447)
r(4,6156,4,17,448)
r(0,6163,4,17,449)
r(8,10186,4,19,475)
r(1,10197,4,19,476)
r(0,8221,4,19,477)
r(0,8221,4,19,478)
r(2,10195,4,19,479)
r(2,10195,4,19,480)
r(17,6188,4,19,481)
r(12,8209,4,19,482)
r(0,8221,4,19,483)
r(0,8221,4,19,484)
r(14,6181,4,19,485)
r(1,10197,4,19,486)
r(3,10198,4,19,487)
r(18,10189,4,19,488)
r(0,8221,4,19,489)
r(3,10198,4,19,490)
r(0,8221,4,19,491)
r(1,10197,4,19,492)
r(9,10196,4,19,493)
r(1,10197,4,19,494)
r(0,8221,4,19,495)
r(0,8221,4,19,496)
r(10,10148,4,19,497)
r(8,10186,4,19,498)
r(13,10191,4,19,499)
r(15,6194,4,20,500)
r(3,10198,4,20,501)
r(7,6197,4,20,502)
r(5,10154,4,20,503)
r(17,6195,4,20,504)
r(1,10205,4,20,505)
r(0,6196,4,20,506)
r(1,10205,4,20,507)
r(0,6196,4,20,508)
r(2,6199,4,20,509)
r(0,6196,4,20,510)
r(3,10198,4,20,511)
r(0,6196,4,20,512)
w(0,8222,4,20,513)
w(0,8223,4,20,514)
w(18,8224,4,20,515)
w(1,8225,4,20,516)
w(8,8226,4,20,517)
w(2,8227,4,20,518)
w(1,8228,4,20,519)
w(1,8229,4,20,520)
w(2,8230,4,20,521)
w(0,8231,4,20,522)
w(2,8232,4,20,523)
w(0,8233,4,20,524)
r(1,6205,4,21,525)
r(5,10228,4,21,526)
r(0,6211,4,21,527)
r(0,6211,4,21,528)
r(3,6208,4,21,529)
r(12,8209,4,21,530)
r(0,6211,4,21,531)
r(0,6211,4,21,532)
w(12,8234,4,21,533)
w(13,8235,4,21,534)
w(0,8236,4,21,535)
w(5,8237,4,21,536)
w(1,8238,4,21,537)
w(14,8239,4,21,538)
w(14,8240,4,21,539)
w(2,8241,4,21,540)
w(2,8242,4,21,541)
w(3,8243,4,21,542)
w(4,8244,4,21,543)
w(0,8245,4,21,544)
w(3,8246,4,21,545)
w(0,8247,4,21,546)
w(0,8248,4,21,547)
w(9,8249,4,21,548)
w(3,8250,4,21,549)
r(3,8250,4,22,550)
r(7,10226,4,22,551)
r(13,8235,4,22,552)
r(5,8237,4,22,553)
r(5,8237,4,22,554)
r(16,8220,4,22,555)
r(12,8234,4,22,556)
r(0,8248,4,22,557)
r(10,6206,4,22,558)
r(0,8248,4,22,559)
r(1,8238,4,22,560)
r(0,8248,4,22,561)
r(13,8235,4,22,562)
w(0,8251,4,22,563)
w(0,8252,4,22,564)
w(0,8253,4,22,565)
w(3,8254,4,22,566)
w(2,8255,4,22,567)
w(16,8256,4,22,568)
w(6,8257,4,22,569)
w(5,8258,4,22,570)
w(1,8259,4,22,571)
w(14,8260,4,22,572)
w(0,8261,4,22,573)
w(17,8262,4,22,574)
r(2,8255,4,23,575)
r(0,8261,4,23,576)
r(6,8257,4,23,577)
r(4,10269,4,23,578)
r(1,8259,4,23,579)
r(12,6220,4,23,580)
r(0,8261,4,23,581)
r(4,10269,4,23,582)
r(17,8262,4,23,583)
r(15,10254,4,23,584)
w(19,8263,4,23,585)
w(9,8264,4,23,586)
w(0,8265,4,23,587)
w(15,8266,4,23,588)
w(1,8267,4,23,589)
w(2,8268,4,23,590)
w(0,8269,4,23,591)
w(3,8270,4,23,592)
w(4,8271,4,23,593)
w(0,8272,4,23,594)
w(11,8273,4,23,595)
w(16,8274,4,23,596)
w(0,8275,4,23,597)
w(7,8276,4,23,598)
w(9,8277,4,23,599)
r(0,6249,4,24,600)
r(2,8268,4,24,601)
r(0,6249,4,24,602)
r(1,6244,4,24,603)
r(2,8268,4,24,604)
r(14,6242,4,24,605)
r(3,6248,4,24,606)
r(7,8276,4,24,607)
r(9,6241,4,24,608)
r(0,6249,4,24,609)
r(7,8276,4,24,610)
w(7,8278,4,24,611)
w(13,8279,4,24,612)
w(5,8280,4,24,613)
w(10,8281,4,24,614)
w(0,8282,4,24,615)
w(0,8283,4,24,616)
w(3,8284,4,24,617)
w(0,8285,4,24,618)
w(1,8286,4,24,619)
w(2,8287,4,24,620)
w(15,8288,4,24,621)
w(7,8289,4,24,622)
w(1,8290,4,24,623)
w(2,8291,4,24,624)
w(5,8292,4,25,625)
w(2,8293,4,25,626)
w(1,8294,4,25,627)
w(3,8295,4,25,628)
w(14,8296,4,25,629)
w(4,8297,4,25,630)
w(2,8298,4,25,631)
w(19,8299,4,25,632)
w(8,8300,4,25,633)
w(0,8301,4,25,634)
w(1,8302,4,25,635)
w(9,8303,4,25,636)
w(2,8304,4,25,637)
w(5,8305,4,25,638)
w(2,8306,4,25,639)
w(0,8307,4,25,640)
w(10,8308,4,25,641)
w(1,8309,4,25,642)
w(1,8310,4,25,643)
w(1,8311,4,25,644)
w(0,8312,4,25,645)
w(9,8313,4,25,646)
w(0,8314,4,25,647)
w(15,8315,4,25,648)
w(1,8316,4,25,649)
w(5,8317,4,26,650)
w(0,8318,4,26,651)
w(0,8319,4,26,652)
w(5,8320,4,26,653)
w(2,8321,4,26,654)
w(0,8322,4,26,655)
w(8,8323,4,26,656)
w(3,8324,4,26,657)
w(4,8325,4,26,658)
w(7,8326,4,26,659)
w(0,8327,4,26,660)
w(6,8328,4,26,661)
w(6,8329,4,26,662)
w(13,8330,4,26,663)
w(2,8331,4,26,664)
w(10,8332,4,26,665)
w(0,8333,4,26,666)
w(4,8334,4,26,667)
w(14,8335,4,26,668)
w(8,8336,4,26,669)
w(0,8337,4,26,670)
w(16,8338,4,26,671)
w(1,8339,4,26,672)
w(7,8340,4,26,673)
w(0,8341,4,26,674)
r(5,8320,4,27,675)
r(1,8339,4,27,676)
r(13,8330,4,27,677)
r(4,8334,4,27,678)
r(14,8335,4,27,679)
r(0,8341,4,27,680)
r(0,8341,4,27,681)
r(6,8329,4,27,682)
r(1,8339,4,27,683)
r(1,8339,4,27,684)
r(5,8320,4,27,685)
r(6,8329,4,27,686)
r(2,8331,4,27,687)
r(0,8341,4,27,688)
r(7,8340,4,27,689)
r(10,8332,4,27,690)
r(1,8339,4,27,691)
r(0,8341,4,27,692)
r(0,8341,4,27,693)
r(3,8324,4,27,694)
r(12,10340,4,27,695)
r(15,10345,4,27,696)
r(0,8341,4,27,697)
r(4,8334,4,27,698)
r(0,8341,4,27,699)
r(1,6276,4,28,700)
r(8,10357,4,28,701)
r(11,10317,4,28,702)
r(1,6276,4,28,703)
r(9,10353,4,28,704)
r(0,6272,4,28,705)
r(7,6274,4,28,706)
r(4,8334,4,28,707)
r(4,8334,4,28,708)
r(0,6272,4,28,709)
r(0,6272,4,28,710)
r(0,6272,4,28,711)
r(9,10353,4,28,712)
r(1,6276,4,28,713)
r(0,6272,4,28,714)
r(11,10317,4,28,715)
r(0,6272,4,28,716)
r(3,10355,4,28,717)
r(1,6276,4,28,718)
r(6,8329,4,28,719)
r(11,10317,4,28,720)
r(0,6272,4,28,721)
r(0,6272,4,28,722)
r(0,6272,4,28,723)
r(0,6272,4,28,724)
r(1,6276,4,29,725)
r(16,8338,4,29,726)
r(0,6272,4,29,727)
r(15,10345,4,29,728)
r(1,6276,4,29,729)
r(6,8329,4,29,730)
r(0,6272,4,29,731)
r(10,8332,4,29,732)
r(13,10356,4,29,733)
r(1,6276,4,29,734)
r(1,6276,4,29,735)
r(10,8332,4,29,736)
r(15,10345,4,29,737)
r(0,6272,4,29,738)
r(8,10357,4,29,739)
r(0,6272,4,29,740)
r(13,10356,4,29,741)
w(7,8342,4,29,742)
w(0,8343,4,29,743)
w(19,8344,4,29,744)
w(0,8345,4,29,745)
w(3,8346,4,29,746)
w(0,8347,4,29,747)
w(5,8348,4,29,748)
w(19,8349,4,29,749)
r(2,10367,4,30,750)
r(1,6288,4,30,751)
r(0,6289,4,30,752)
r(0,6289,4,30,753)
r(1,6288,4,30,754)
r(8,10357,4,30,755)
r(4,6280,4,30,756)
r(5,6285,4,30,757)
r(1,6288,4,30,758)
r(15,10345,4,30,759)
r(4,6280,4,30,760)
r(2,10367,4,30,761)
r(0,6289,4,30,762)
w(0,8350,4,30,763)
w(5,8351,4,30,764)
w(1,8352,4,30,765)
w(4,8353,4,30,766)
w(0,8354,4,30,767)
w(3,8355,4,30,768)
w(0,8356,4,30,769)
w(4,8357,4,30,770)
w(0,8358,4,30,771)
w(12,8359,4,30,772)
w(18,8360,4,30,773)
w(0,8361,4,30,774)
