r(0,0,0,0)
r(8,0,0,0)
r(9,0,0,0)
r(3,0,0,0)
r(2,0,0,0)
r(0,0,0,0)
w(4,1,0,0)
w(4,2,0,0)
w(5,3,0,0)
w(1,4,0,0)
w(6,5,0,1)
w(6,6,0,1)
w(4,7,0,1)
w(7,8,0,1)
w(5,9,0,1)
w(6,10,0,1)
w(5,11,0,1)
w(2,12,0,1)
w(7,13,0,1)
w(7,14,0,1)
r(0,403,0,2)
r(8,409,0,2)
r(8,409,0,2)
r(1,410,0,2)
r(7,14,0,2)
w(1,15,0,2)
w(2,16,0,2)
w(8,17,0,2)
w(3,18,0,2)
w(4,19,0,2)
r(1,15,0,3)
r(6,10,0,3)
r(0,203,0,3)
r(7,415,0,3)
r(2,16,0,3)
r(7,415,0,3)
r(6,10,0,3)
r(1,15,0,3)
r(8,412,0,3)
r(9,417,0,3)
r(0,203,0,4)
r(9,417,0,4)
r(7,415,0,4)
r(4,19,0,4)
r(8,412,0,4)
r(7,415,0,4)
r(7,415,0,4)
r(1,15,0,4)
r(7,415,0,4)
r(1,15,0,4)
r(9,417,0,5)
r(5,414,0,5)
r(0,203,0,5)
r(5,414,0,5)
w(6,30,0,5)
w(3,31,0,5)
w(6,32,0,5)
w(9,33,0,5)
w(1,34,0,5)
w(3,35,0,5)
r(1,34,0,6)
r(9,33,0,6)
r(5,414,0,6)
r(3,35,0,6)
r(8,420,0,6)
r(1,34,0,6)
r(2,16,0,6)
r(2,16,0,6)
r(8,420,0,6)
r(2,16,0,6)
w(6,36,0,7)
w(2,37,0,7)
w(2,38,0,7)
w(4,39,0,7)
w(3,40,0,7)
w(1,41,0,7)
w(1,42,0,7)
w(9,43,0,7)
w(7,44,0,7)
w(6,45,0,7)
w(7,46,0,8)
w(9,47,0,8)
w(4,48,0,8)
w(4,49,0,8)
w(8,50,0,8)
w(6,51,0,8)
w(0,52,0,8)
w(3,53,0,8)
w(2,54,0,8)
w(4,55,0,8)
r(5,11,1,9)
r(9,408,1,9)
r(3,18,1,9)
r(3,18,1,9)
r(8,17,1,9)
r(7,14,1,9)
r(9,408,1,9)
w(0,201,1,9)
w(0,202,1,9)
w(0,203,1,9)
r(3,439,1,10)
r(4,450,1,10)
r(5,443,1,10)
r(1,448,1,10)
r(2,440,1,10)
w(8,236,1,10)
w(5,237,1,10)
w(3,238,1,10)
w(3,239,1,10)
w(2,240,1,10)
r(0,444,1,11)
r(0,444,1,11)
r(7,449,1,11)
r(5,237,1,11)
r(3,239,1,11)
r(0,444,1,11)
r(0,444,1,11)
r(7,449,1,11)
r(2,240,1,11)
r(8,236,1,11)
r(3,239,1,12)
r(4,450,1,12)
r(3,239,1,12)
r(9,47,1,12)
r(7,449,1,12)
w(2,241,1,12)
w(1,242,1,12)
w(3,243,1,12)
w(4,244,1,12)
w(8,245,1,12)
r(2,241,1,13)
r(5,237,1,13)
r(8,245,1,13)
r(1,242,1,13)
w(3,246,1,13)
w(6,247,1,13)
w(5,248,1,13)
w(4,249,1,13)
w(0,250,1,13)
w(4,251,1,13)
r(0,250,1,14)
r(6,247,1,14)
r(5,248,1,14)
r(1,242,1,14)
r(9,47,1,14)
r(3,246,1,14)
r(2,241,1,14)
w(2,252,1,14)
w(2,253,1,14)
w(9,254,1,14)
r(1,242,1,15)
r(3,246,1,15)
r(9,254,1,15)
r(9,254,1,15)
w(7,255,1,15)
w(4,256,1,15)
w(1,257,1,15)
w(5,258,1,15)
w(1,259,1,15)
w(2,260,1,15)
r(7,255,1,16)
r(3,246,1,16)
r(2,260,1,16)
r(4,256,1,16)
r(6,247,1,16)
r(0,250,1,16)
w(0,261,1,16)
w(5,262,1,16)
w(9,263,1,16)
w(6,264,1,16)
r(6,264,1,17)
r(0,261,1,17)
r(9,263,1,17)
r(6,264,1,17)
r(3,246,1,17)
w(0,265,1,17)
w(9,266,1,17)
w(0,267,1,17)
w(1,268,1,17)
w(4,269,1,17)
r(5,0,2,18)
r(9,0,2,18)
r(9,0,2,18)
r(9,0,2,18)
w(3,401,2,18)
w(2,402,2,18)
w(0,403,2,18)
w(8,404,2,18)
w(4,405,2,18)
w(8,406,2,18)
r(1,4,2,19)
r(8,406,2,19)
r(6,10,2,19)
r(8,406,2,19)
r(7,14,2,19)
w(9,407,2,19)
w(9,408,2,19)
w(8,409,2,19)
w(1,410,2,19)
w(2,411,2,19)
r(3,18,2,20)
r(2,16,2,20)
r(8,17,2,20)
r(7,14,2,20)
w(8,412,2,20)
w(7,413,2,20)
w(5,414,2,20)
w(7,415,2,20)
w(9,416,2,20)
w(9,417,2,20)
r(7,415,2,21)
r(7,415,2,21)
r(8,412,2,21)
r(6,10,2,21)
r(0,203,2,21)
r(3,18,2,21)
r(3,18,2,21)
w(3,418,2,21)
w(1,419,2,21)
w(8,420,2,21)
r(6,32,2,22)
r(7,415,2,22)
r(1,34,2,22)
r(5,414,2,22)
r(1,34,2,22)
r(1,34,2,22)
w(2,421,2,22)
w(8,422,2,22)
w(8,423,2,22)
w(5,424,2,22)
r(3,40,2,23)
r(3,40,2,23)
r(5,424,2,23)
r(5,424,2,23)
r(0,203,2,23)
w(0,425,2,23)
w(3,426,2,23)
w(0,427,2,23)
w(8,428,2,23)
w(7,429,2,23)
r(6,45,2,24)
r(8,428,2,24)
r(8,428,2,24)
r(7,429,2,24)
r(5,424,2,24)
r(1,42,2,24)
r(2,38,2,24)
r(8,428,2,24)
w(1,430,2,24)
w(7,431,2,24)
r(5,424,2,25)
r(9,47,2,25)
r(2,54,2,25)
w(6,432,2,25)
w(3,433,2,25)
w(4,434,2,25)
w(0,435,2,25)
w(3,436,2,25)
w(3,437,2,25)
w(7,438,2,25)
r(0,435,2,26)
r(7,438,2,26)
r(5,424,2,26)
w(3,439,2,26)
w(2,440,2,26)
w(7,441,2,26)
w(7,442,2,26)
w(5,443,2,26)
w(0,444,2,26)
w(8,445,2,26)
