r(7,422,0,0)
r(5,441,0,0)
r(1,427,0,0)
r(7,422,0,0)
r(6,437,0,0)
r(1,427,0,0)
r(1,427,0,0)
r(4,444,0,0)
r(4,444,0,0)
r(0,438,0,0)
r(9,229,0,1)
r(5,221,0,1)
r(3,228,0,1)
r(8,220,0,1)
w(8,37,0,1)
w(9,38,0,1)
w(1,39,0,1)
w(1,40,0,1)
w(7,41,0,1)
w(6,42,0,1)
r(1,40,0,2)
r(9,38,0,2)
w(3,43,0,2)
w(5,44,0,2)
w(5,45,0,2)
w(4,46,0,2)
w(2,47,0,2)
w(8,48,0,2)
w(9,49,0,2)
w(2,50,0,2)
r(8,48,0,3)
r(5,45,0,3)
r(8,48,0,3)
r(3,43,0,3)
r(0,226,0,3)
r(9,49,0,3)
r(2,50,0,3)
r(9,49,0,3)
r(4,46,0,3)
r(0,226,0,3)
w(5,51,0,4)
w(7,52,0,4)
w(7,53,0,4)
w(4,54,0,4)
w(2,55,0,4)
w(1,56,0,4)
w(2,57,0,4)
w(1,58,0,4)
w(2,59,0,4)
w(1,60,0,4)
r(5,51,0,5)
r(5,51,0,5)
r(2,59,0,5)
r(2,59,0,5)
w(5,61,0,5)
w(6,62,0,5)
w(2,63,0,5)
w(2,64,0,5)
w(4,65,0,5)
w(4,66,0,5)
r(8,48,0,6)
r(2,64,0,6)
r(1,60,0,6)
r(2,64,0,6)
r(3,43,0,6)
r(9,49,0,6)
r(8,48,0,6)
r(7,53,0,6)
r(5,61,0,6)
r(0,226,0,6)
r(2,64,0,7)
r(9,49,0,7)
r(1,60,0,7)
r(9,49,0,7)
w(0,67,0,7)
w(1,68,0,7)
w(8,69,0,7)
w(9,70,0,7)
w(9,71,0,7)
w(1,72,0,7)
r(1,72,0,8)
r(2,64,0,8)
r(3,43,0,8)
w(4,73,0,8)
w(1,74,0,8)
w(4,75,0,8)
w(3,76,0,8)
w(8,77,0,8)
w(3,78,0,8)
w(9,79,0,8)
r(2,445,1,9)
r(8,448,1,9)
r(4,444,1,9)
r(7,422,1,9)
r(6,437,1,9)
r(4,444,1,9)
r(4,444,1,9)
w(9,201,1,9)
w(9,202,1,9)
w(0,203,1,9)
r(2,445,1,10)
r(1,453,1,10)
r(0,203,1,10)
r(7,454,1,10)
r(8,452,1,10)
r(9,202,1,10)
r(9,202,1,10)
w(7,204,1,10)
w(9,205,1,10)
w(4,206,1,10)
r(6,449,1,11)
r(6,449,1,11)
r(5,447,1,11)
r(5,447,1,11)
r(0,203,1,11)
r(9,205,1,11)
r(3,443,1,11)
r(5,447,1,11)
r(7,204,1,11)
r(0,203,1,11)
w(0,207,1,12)
w(8,208,1,12)
w(4,209,1,12)
w(0,210,1,12)
w(0,211,1,12)
w(3,212,1,12)
w(7,213,1,12)
w(5,214,1,12)
w(9,215,1,12)
w(9,216,1,12)
r(4,209,1,13)
r(0,211,1,13)
r(1,453,1,13)
r(0,211,1,13)
r(9,216,1,13)
r(2,445,1,13)
r(8,208,1,13)
r(1,453,1,13)
r(6,449,1,13)
r(1,453,1,13)
r(1,453,1,14)
r(5,214,1,14)
r(5,214,1,14)
r(7,213,1,14)
r(7,213,1,14)
w(0,217,1,14)
w(4,218,1,14)
w(9,219,1,14)
w(8,220,1,14)
w(5,221,1,14)
r(6,449,1,15)
r(3,212,1,15)
r(0,217,1,15)
r(9,219,1,15)
r(2,445,1,15)
r(0,217,1,15)
w(4,222,1,15)
w(0,223,1,15)
w(4,224,1,15)
w(0,225,1,15)
r(7,213,1,16)
r(8,220,1,16)
r(7,213,1,16)
r(0,225,1,16)
r(7,213,1,16)
r(1,453,1,16)
r(8,220,1,16)
w(0,226,1,16)
w(6,227,1,16)
w(3,228,1,16)
r(5,221,1,17)
r(5,221,1,17)
r(1,453,1,17)
r(9,219,1,17)
r(3,228,1,17)
w(9,229,1,17)
w(6,230,1,17)
w(4,231,1,17)
w(2,232,1,17)
w(4,233,1,17)
w(2,401,2,18)
w(0,402,2,18)
w(4,403,2,18)
w(0,404,2,18)
w(3,405,2,18)
w(1,406,2,18)
w(0,407,2,18)
w(2,408,2,18)
w(7,409,2,18)
w(4,410,2,18)
r(1,406,2,19)
r(2,408,2,19)
r(2,408,2,19)
r(2,408,2,19)
r(7,409,2,19)
r(2,408,2,19)
r(1,406,2,19)
r(6,0,2,19)
r(1,406,2,19)
r(2,408,2,19)
r(4,410,2,20)
r(6,0,2,20)
r(0,407,2,20)
r(0,407,2,20)
r(1,406,2,20)
r(0,407,2,20)
r(1,406,2,20)
w(3,411,2,20)
w(5,412,2,20)
w(5,413,2,20)
r(7,409,2,21)
r(1,406,2,21)
r(6,0,2,21)
r(6,0,2,21)
w(8,414,2,21)
w(9,415,2,21)
w(0,416,2,21)
w(2,417,2,21)
w(8,418,2,21)
w(8,419,2,21)
w(6,420,2,22)
w(9,421,2,22)
w(7,422,2,22)
w(6,423,2,22)
w(0,424,2,22)
w(9,425,2,22)
w(3,426,2,22)
w(1,427,2,22)
w(2,428,2,22)
w(3,429,2,22)
w(4,430,2,23)
w(2,431,2,23)
w(0,432,2,23)
w(4,433,2,23)
w(2,434,2,23)
w(0,435,2,23)
w(9,436,2,23)
w(6,437,2,23)
w(0,438,2,23)
w(4,439,2,23)
r(5,413,2,24)
r(4,439,2,24)
r(6,437,2,24)
r(1,427,2,24)
w(5,440,2,24)
w(5,441,2,24)
w(3,442,2,24)
w(3,443,2,24)
w(4,444,2,24)
w(2,445,2,24)
r(0,438,2,25)
r(5,441,2,25)
r(2,445,2,25)
r(6,437,2,25)
r(3,443,2,25)
r(9,436,2,25)
r(5,441,2,25)
w(1,446,2,25)
w(5,447,2,25)
w(8,448,2,25)
r(1,446,2,26)
r(4,444,2,26)
r(7,422,2,26)
r(8,448,2,26)
w(6,449,2,26)
w(8,450,2,26)
w(4,451,2,26)
w(8,452,2,26)
w(1,453,2,26)
w(7,454,2,26)
