r(2,204,2,2,20)
r(4,0,2,2,21)
r(2,204,2,2,22)
r(3,203,2,2,23)
r(7,0,2,2,24)
r(1,0,2,2,25)
r(3,203,2,2,26)
r(9,209,2,2,27)
r(3,203,2,2,28)
r(3,203,2,2,29)
r(5,208,2,3,30)
r(8,207,2,3,31)
r(7,0,2,3,32)
r(1,0,2,3,33)
r(9,209,2,3,34)
r(6,206,2,3,35)
r(2,204,2,3,36)
r(6,206,2,3,37)
r(2,204,2,3,38)
r(5,208,2,3,39)
r(7,19,2,7,70)
r(9,22,2,7,71)
r(5,23,2,7,72)
r(8,240,2,7,73)
r(5,23,2,7,74)
r(1,227,2,7,75)
w(1,434,2,7,76)
w(3,435,2,7,77)
w(8,436,2,7,78)
w(8,437,2,7,79)
r(1,434,2,8,80)
r(9,22,2,8,81)
r(2,29,2,8,82)
r(6,25,2,8,83)
r(7,28,2,8,84)
r(6,25,2,8,85)
r(3,435,2,8,86)
w(0,438,2,8,87)
w(0,439,2,8,88)
w(4,440,2,8,89)
r(7,28,2,9,90)
r(2,29,2,9,91)
r(9,32,2,9,92)
r(2,29,2,9,93)
r(3,435,2,9,94)
w(9,441,2,9,95)
w(1,442,2,9,96)
w(9,443,2,9,97)
w(4,444,2,9,98)
w(3,445,2,9,99)
r(7,40,2,10,100)
r(2,29,2,10,101)
r(9,39,2,10,102)
r(3,445,2,10,103)
r(4,444,2,10,104)
r(9,39,2,10,105)
r(9,39,2,10,106)
r(9,39,2,10,107)
r(2,29,2,10,108)
r(3,445,2,10,109)
w(7,446,2,11,110)
w(8,447,2,11,111)
w(7,448,2,11,112)
w(9,449,2,11,113)
w(5,450,2,11,114)
w(2,451,2,11,115)
w(9,452,2,11,116)
w(8,453,2,11,117)
w(5,454,2,11,118)
w(7,455,2,11,119)
r(5,454,2,12,120)
r(0,41,2,12,121)
r(0,41,2,12,122)
r(3,445,2,12,123)
r(0,41,2,12,124)
r(4,44,2,12,125)
r(7,455,2,12,126)
r(3,445,2,12,127)
w(4,456,2,12,128)
w(4,457,2,12,129)
r(8,51,2,13,130)
r(0,46,2,13,131)
r(3,445,2,13,132)
r(8,51,2,13,133)
r(6,52,2,13,134)
w(0,458,2,13,135)
w(4,459,2,13,136)
w(0,460,2,13,137)
w(6,461,2,13,138)
w(3,462,2,13,139)
