r(0,0,0,0)
r(0,0,0,0)
r(5,0,0,0)
r(3,0,0,0)
r(3,0,0,0)
r(6,0,0,0)
w(6,1,0,0)
w(9,2,0,0)
w(4,3,0,0)
w(4,4,0,0)
w(4,5,0,1)
w(6,6,0,1)
w(4,7,0,1)
w(1,8,0,1)
w(8,9,0,1)
w(4,10,0,1)
w(8,11,0,1)
w(5,12,0,1)
w(4,13,0,1)
w(3,14,0,1)
w(2,15,0,2)
w(7,16,0,2)
w(6,17,0,2)
w(2,18,0,2)
w(8,19,0,2)
w(1,20,0,2)
w(9,21,0,2)
w(0,22,0,2)
w(3,23,0,2)
w(4,24,0,2)
r(1,411,0,3)
r(3,412,0,3)
r(8,418,0,3)
r(7,416,0,3)
r(4,24,0,3)
w(0,25,0,3)
w(3,26,0,3)
w(5,27,0,3)
w(2,28,0,3)
w(3,29,0,3)
w(8,30,0,4)
w(8,31,0,4)
w(8,32,0,4)
w(3,33,0,4)
w(9,34,0,4)
w(4,35,0,4)
w(7,36,0,4)
w(2,37,0,4)
w(3,38,0,4)
w(4,39,0,4)
r(4,39,0,5)
r(5,427,0,5)
r(1,426,0,5)
r(6,424,0,5)
r(8,32,0,5)
r(1,426,0,5)
r(4,39,0,5)
r(6,424,0,5)
r(1,426,0,5)
r(3,425,0,5)
r(4,39,0,6)
r(0,429,0,6)
r(6,424,0,6)
r(1,426,0,6)
r(6,424,0,6)
r(4,39,0,6)
r(8,32,0,6)
r(0,429,0,6)
r(2,37,0,6)
r(9,34,0,6)
r(2,37,0,7)
r(4,39,0,7)
r(9,34,0,7)
r(4,39,0,7)
w(2,40,0,7)
w(2,41,0,7)
w(6,42,0,7)
w(5,43,0,7)
w(8,44,0,7)
w(2,45,0,7)
r(8,44,0,8)
r(3,425,0,8)
r(2,45,0,8)
r(2,45,0,8)
r(0,429,0,8)
r(9,432,0,8)
w(6,46,0,8)
w(5,47,0,8)
w(4,48,0,8)
w(8,49,0,8)
r(5,404,1,9)
r(7,0,1,9)
r(7,0,1,9)
r(5,404,1,9)
r(1,401,1,9)
r(7,0,1,9)
r(4,4,1,9)
r(7,0,1,9)
r(6,1,1,9)
r(5,404,1,9)
r(0,0,1,10)
r(0,0,1,10)
r(2,0,1,10)
r(7,0,1,10)
r(8,11,1,10)
r(6,6,1,10)
r(6,6,1,10)
r(8,11,1,10)
r(9,402,1,10)
r(8,11,1,10)
r(2,45,1,11)
r(0,429,1,11)
r(0,429,1,11)
r(8,44,1,11)
r(7,430,1,11)
r(2,45,1,11)
r(4,39,1,11)
r(0,429,1,11)
r(3,425,1,11)
r(9,34,1,11)
w(9,234,1,12)
w(3,235,1,12)
w(9,236,1,12)
w(0,237,1,12)
w(2,238,1,12)
w(0,239,1,12)
w(9,240,1,12)
w(9,241,1,12)
w(2,242,1,12)
w(0,243,1,12)
r(1,426,1,13)
r(4,48,1,13)
r(2,242,1,13)
w(8,244,1,13)
w(0,245,1,13)
w(6,246,1,13)
w(6,247,1,13)
w(3,248,1,13)
w(7,249,1,13)
w(1,250,1,13)
w(0,251,1,14)
w(0,252,1,14)
w(0,253,1,14)
w(7,254,1,14)
w(8,255,1,14)
w(9,256,1,14)
w(0,257,1,14)
w(2,258,1,14)
w(4,259,1,14)
w(8,260,1,14)
w(1,261,1,15)
w(8,262,1,15)
w(9,263,1,15)
w(8,264,1,15)
w(8,265,1,15)
w(8,266,1,15)
w(5,267,1,15)
w(7,268,1,15)
w(8,269,1,15)
w(0,270,1,15)
r(2,258,1,16)
r(5,267,1,16)
r(6,247,1,16)
r(4,259,1,16)
r(4,259,1,16)
r(1,261,1,16)
r(0,270,1,16)
r(5,267,1,16)
r(2,258,1,16)
r(0,270,1,16)
r(1,261,1,17)
r(4,259,1,17)
r(9,263,1,17)
r(8,269,1,17)
r(5,267,1,17)
r(4,259,1,17)
r(3,248,1,17)
w(2,271,1,17)
w(3,272,1,17)
w(7,273,1,17)
r(6,1,2,18)
r(6,1,2,18)
r(5,0,2,18)
r(7,0,2,18)
r(5,0,2,18)
r(6,1,2,18)
w(1,401,2,18)
w(9,402,2,18)
w(5,403,2,18)
w(5,404,2,18)
r(8,11,2,19)
r(0,0,2,19)
r(7,0,2,19)
r(3,14,2,19)
r(6,6,2,19)
r(8,11,2,19)
w(3,405,2,19)
w(7,406,2,19)
w(7,407,2,19)
w(0,408,2,19)
r(8,11,2,20)
r(5,12,2,20)
r(9,402,2,20)
r(7,407,2,20)
r(6,6,2,20)
r(7,407,2,20)
r(8,11,2,20)
r(6,6,2,20)
r(9,402,2,20)
r(9,402,2,20)
w(2,409,2,21)
w(6,410,2,21)
w(1,411,2,21)
w(3,412,2,21)
w(7,413,2,21)
w(8,414,2,21)
w(9,415,2,21)
w(7,416,2,21)
w(8,417,2,21)
w(8,418,2,21)
r(6,410,2,22)
r(9,415,2,22)
r(2,28,2,22)
r(1,411,2,22)
r(7,416,2,22)
r(2,28,2,22)
r(6,410,2,22)
r(2,28,2,22)
r(9,415,2,22)
r(5,27,2,22)
r(5,27,2,23)
r(1,411,2,23)
r(7,416,2,23)
r(8,418,2,23)
r(3,29,2,23)
w(8,419,2,23)
w(4,420,2,23)
w(4,421,2,23)
w(2,422,2,23)
w(4,423,2,23)
r(7,36,2,24)
r(9,34,2,24)
r(0,25,2,24)
r(4,39,2,24)
r(3,38,2,24)
r(8,32,2,24)
r(9,34,2,24)
r(4,39,2,24)
r(4,39,2,24)
r(4,39,2,24)
r(3,38,2,25)
r(0,25,2,25)
r(9,34,2,25)
w(6,424,2,25)
w(3,425,2,25)
w(1,426,2,25)
w(5,427,2,25)
w(0,428,2,25)
w(0,429,2,25)
w(7,430,2,25)
r(4,39,2,26)
r(1,426,2,26)
r(3,425,2,26)
r(6,424,2,26)
r(2,37,2,26)
r(6,424,2,26)
w(9,431,2,26)
w(9,432,2,26)
w(7,433,2,26)
w(5,434,2,26)
