r(12,0,2,0,0)
r(31,0,2,0,1)
r(95,0,2,0,2)
r(16,0,2,0,3)
r(16,0,2,0,4)
r(67,0,2,0,5)
r(29,0,2,0,6)
r(89,0,2,0,7)
r(28,0,2,0,8)
w(38,801,2,0,9)
w(69,802,2,0,10)
w(8,803,2,0,11)
w(50,804,2,0,12)
w(53,805,2,0,13)
w(67,806,2,0,14)
w(16,807,2,0,15)
w(74,808,2,0,16)
w(42,809,2,0,17)
w(36,810,2,0,18)
w(74,811,2,0,19)
r(57,0,2,1,20)
r(54,0,2,1,21)
r(71,0,2,1,22)
r(54,0,2,1,23)
r(46,0,2,1,24)
r(60,0,2,1,25)
r(52,0,2,1,26)
r(90,0,2,1,27)
r(0,0,2,1,28)
r(65,0,2,1,29)
r(43,0,2,1,30)
r(11,0,2,1,31)
r(92,0,2,1,32)
r(47,0,2,1,33)
r(90,0,2,1,34)
r(33,0,2,1,35)
r(23,0,2,1,36)
r(42,809,2,1,37)
r(15,0,2,1,38)
r(59,0,2,1,39)
r(65,0,2,2,40)
r(57,0,2,2,41)
r(85,0,2,2,42)
r(62,0,2,2,43)
r(4,0,2,2,44)
r(93,0,2,2,45)
r(25,0,2,2,46)
r(2,0,2,2,47)
r(30,0,2,2,48)
r(77,0,2,2,49)
r(6,0,2,2,50)
r(17,0,2,2,51)
r(95,0,2,2,52)
r(45,0,2,2,53)
r(84,0,2,2,54)
r(83,0,2,2,55)
r(40,0,2,2,56)
r(71,0,2,2,57)
r(95,0,2,2,58)
r(65,0,2,2,59)
r(80,485,2,6,120)
r(62,459,2,6,121)
r(76,82,2,6,122)
r(61,0,2,6,123)
r(30,456,2,6,124)
r(44,77,2,6,125)
r(19,461,2,6,126)
r(46,489,2,6,127)
r(26,44,2,6,128)
r(65,0,2,6,129)
r(97,491,2,6,130)
r(79,52,2,6,131)
r(48,87,2,6,132)
r(42,809,2,6,133)
r(87,15,2,6,134)
r(54,62,2,6,135)
r(94,465,2,6,136)
r(86,78,2,6,137)
r(84,493,2,6,138)
r(63,426,2,6,139)
r(81,467,2,7,140)
r(34,447,2,7,141)
r(81,467,2,7,142)
r(8,443,2,7,143)
r(59,0,2,7,144)
r(2,476,2,7,145)
r(59,0,2,7,146)
r(58,80,2,7,147)
r(62,459,2,7,148)
r(55,480,2,7,149)
r(33,89,2,7,150)
r(32,477,2,7,151)
r(96,64,2,7,152)
r(23,0,2,7,153)
r(53,410,2,7,154)
r(73,75,2,7,155)
r(67,29,2,7,156)
r(33,89,2,7,157)
r(93,83,2,7,158)
r(17,475,2,7,159)
r(26,96,2,8,160)
r(89,486,2,8,161)
r(56,70,2,8,162)
r(92,472,2,8,163)
r(21,81,2,8,164)
r(58,98,2,8,165)
r(31,58,2,8,166)
r(36,487,2,8,167)
r(78,496,2,8,168)
r(20,103,2,8,169)
r(60,99,2,8,170)
r(89,486,2,8,171)
r(86,78,2,8,172)
r(81,90,2,8,173)
r(75,449,2,8,174)
r(95,0,2,8,175)
r(6,483,2,8,176)
r(84,493,2,8,177)
r(94,465,2,8,178)
r(30,456,2,8,179)
r(58,585,2,11,220)
r(91,549,2,11,221)
r(76,173,2,11,222)
r(98,218,2,11,223)
r(90,187,2,11,224)
r(46,221,2,11,225)
r(30,520,2,11,226)
r(75,583,2,11,227)
r(38,612,2,11,228)
r(65,0,2,11,229)
r(76,173,2,11,230)
w(5,869,2,11,231)
w(78,870,2,11,232)
w(4,871,2,11,233)
w(3,872,2,11,234)
w(3,873,2,11,235)
w(90,874,2,11,236)
w(10,875,2,11,237)
w(39,876,2,11,238)
w(16,877,2,11,239)
r(88,212,2,12,240)
r(65,0,2,12,241)
r(39,876,2,12,242)
r(56,591,2,12,243)
r(85,609,2,12,244)
r(17,503,2,12,245)
r(29,516,2,12,246)
r(69,534,2,12,247)
r(84,518,2,12,248)
r(15,570,2,12,249)
r(61,190,2,12,250)
r(54,62,2,12,251)
w(94,878,2,12,252)
w(78,879,2,12,253)
w(85,880,2,12,254)
w(91,881,2,12,255)
w(1,882,2,12,256)
w(75,883,2,12,257)
w(46,884,2,12,258)
w(45,885,2,12,259)
r(7,595,2,13,260)
r(63,237,2,13,261)
r(73,615,2,13,262)
r(80,598,2,13,263)
r(86,553,2,13,264)
r(61,190,2,13,265)
r(51,605,2,13,266)
r(39,876,2,13,267)
r(36,168,2,13,268)
r(53,234,2,13,269)
w(38,886,2,13,270)
w(25,887,2,13,271)
w(58,888,2,13,272)
w(27,889,2,13,273)
w(86,890,2,13,274)
w(38,891,2,13,275)
w(69,892,2,13,276)
w(76,893,2,13,277)
w(56,894,2,13,278)
w(90,895,2,13,279)
r(84,518,2,14,280)
r(67,216,2,14,281)
r(35,238,2,14,282)
r(11,224,2,14,283)
r(0,236,2,14,284)
r(44,590,2,14,285)
r(11,224,2,14,286)
r(35,238,2,14,287)
r(0,236,2,14,288)
r(74,608,2,14,289)
r(71,72,2,14,290)
r(49,210,2,14,291)
r(71,72,2,14,292)
r(30,520,2,14,293)
r(44,590,2,14,294)
r(54,62,2,14,295)
r(40,539,2,14,296)
r(48,568,2,14,297)
r(94,878,2,14,298)
r(21,167,2,14,299)
w(28,896,2,15,300)
w(88,897,2,15,301)
w(77,898,2,15,302)
w(15,899,2,15,303)
w(64,900,2,15,304)
w(28,901,2,15,305)
w(97,902,2,15,306)
w(76,903,2,15,307)
w(72,904,2,15,308)
w(59,905,2,15,309)
w(33,906,2,15,310)
w(23,907,2,15,311)
w(40,908,2,15,312)
w(50,909,2,15,313)
w(96,910,2,15,314)
w(62,911,2,15,315)
w(36,912,2,15,316)
w(8,913,2,15,317)
w(87,914,2,15,318)
w(57,915,2,15,319)
w(67,916,2,16,320)
w(37,917,2,16,321)
w(8,918,2,16,322)
w(91,919,2,16,323)
w(26,920,2,16,324)
w(74,921,2,16,325)
w(15,922,2,16,326)
w(13,923,2,16,327)
w(84,924,2,16,328)
w(52,925,2,16,329)
w(4,926,2,16,330)
w(16,927,2,16,331)
w(97,928,2,16,332)
w(69,929,2,16,333)
w(68,930,2,16,334)
w(56,931,2,16,335)
w(33,932,2,16,336)
w(24,933,2,16,337)
w(23,934,2,16,338)
w(54,935,2,16,339)
w(0,936,2,17,340)
w(20,937,2,17,341)
w(11,938,2,17,342)
w(27,939,2,17,343)
w(79,940,2,17,344)
w(62,941,2,17,345)
w(79,942,2,17,346)
w(27,943,2,17,347)
w(64,944,2,17,348)
w(71,945,2,17,349)
w(66,946,2,17,350)
w(15,947,2,17,351)
w(31,948,2,17,352)
w(83,949,2,17,353)
w(61,950,2,17,354)
w(90,951,2,17,355)
w(43,952,2,17,356)
w(42,953,2,17,357)
w(80,954,2,17,358)
w(47,955,2,17,359)
r(59,905,2,18,360)
r(60,580,2,18,361)
r(39,876,2,18,362)
r(71,945,2,18,363)
r(44,590,2,18,364)
r(88,897,2,18,365)
r(4,926,2,18,366)
r(22,209,2,18,367)
r(33,932,2,18,368)
r(25,887,2,18,369)
r(20,937,2,18,370)
r(76,903,2,18,371)
r(27,943,2,18,372)
r(19,461,2,18,373)
r(34,603,2,18,374)
r(24,933,2,18,375)
r(0,936,2,18,376)
r(79,942,2,18,377)
r(22,209,2,18,378)
r(53,234,2,18,379)
r(7,595,2,19,380)
r(81,600,2,19,381)
r(35,238,2,19,382)
r(29,516,2,19,383)
r(0,936,2,19,384)
r(0,936,2,19,385)
r(4,926,2,19,386)
r(89,617,2,19,387)
r(39,876,2,19,388)
w(61,956,2,19,389)
w(40,957,2,19,390)
w(15,958,2,19,391)
w(39,959,2,19,392)
w(85,960,2,19,393)
w(18,961,2,19,394)
w(20,962,2,19,395)
w(88,963,2,19,396)
w(13,964,2,19,397)
w(56,965,2,19,398)
w(83,966,2,19,399)
w(5,801,2,20,400)
w(32,802,2,20,401)
w(51,803,2,20,402)
w(98,804,2,20,403)
w(98,805,2,20,404)
w(12,806,2,20,405)
w(86,807,2,20,406)
w(36,808,2,20,407)
w(35,809,2,20,408)
w(95,810,2,20,409)
w(38,811,2,20,410)
w(2,812,2,20,411)
w(47,813,2,20,412)
w(54,814,2,20,413)
w(13,815,2,20,414)
w(62,816,2,20,415)
w(23,817,2,20,416)
w(56,818,2,20,417)
w(36,819,2,20,418)
w(95,820,2,20,419)
r(26,920,2,21,420)
r(95,820,2,21,421)
r(2,812,2,21,422)
r(11,938,2,21,423)
r(59,905,2,21,424)
r(80,954,2,21,425)
r(35,809,2,21,426)
r(63,237,2,21,427)
r(60,580,2,21,428)
r(73,615,2,21,429)
r(27,943,2,21,430)
w(92,821,2,21,431)
w(63,822,2,21,432)
w(5,823,2,21,433)
w(6,824,2,21,434)
w(58,825,2,21,435)
w(1,826,2,21,436)
w(63,827,2,21,437)
w(94,828,2,21,438)
w(11,829,2,21,439)
r(7,595,2,22,440)
r(67,916,2,22,441)
r(17,503,2,22,442)
r(32,802,2,22,443)
r(70,586,2,22,444)
r(91,919,2,22,445)
r(43,952,2,22,446)
r(72,904,2,22,447)
r(29,516,2,22,448)
r(94,828,2,22,449)
r(64,944,2,22,450)
r(22,209,2,22,451)
r(7,595,2,22,452)
r(44,590,2,22,453)
r(92,821,2,22,454)
r(48,568,2,22,455)
r(73,615,2,22,456)
r(31,948,2,22,457)
r(27,943,2,22,458)
r(74,921,2,22,459)
r(63,827,2,23,460)
r(17,503,2,23,461)
r(54,814,2,23,462)
r(37,917,2,23,463)
r(52,925,2,23,464)
r(10,875,2,23,465)
r(93,517,2,23,466)
r(15,958,2,23,467)
r(7,595,2,23,468)
r(75,883,2,23,469)
r(22,209,2,23,470)
r(78,879,2,23,471)
r(41,555,2,23,472)
r(83,966,2,23,473)
r(26,920,2,23,474)
r(69,929,2,23,475)
r(43,952,2,23,476)
r(34,603,2,23,477)
r(69,929,2,23,478)
r(36,819,2,23,479)
