r(1,2023,5,0,0)
r(0,2024,5,0,1)
r(2,2014,5,0,2)
r(1,2023,5,0,3)
r(0,2024,5,0,4)
r(6,2013,5,0,5)
r(2,2014,5,0,6)
r(1,2023,5,0,7)
r(9,2020,5,0,8)
r(0,2024,5,0,9)
r(2,2014,5,0,10)
r(1,2023,5,0,11)
r(6,2013,5,0,12)
r(0,2024,5,0,13)
w(7,10001,5,0,14)
w(11,10002,5,0,15)
w(3,10003,5,0,16)
w(4,10004,5,0,17)
w(3,10005,5,0,18)
w(0,10006,5,0,19)
w(0,10007,5,0,20)
w(3,10008,5,0,21)
w(13,10009,5,0,22)
w(1,10010,5,0,23)
w(0,10011,5,0,24)
w(0,10037,5,2,50)
w(2,10038,5,2,51)
w(0,10039,5,2,52)
w(6,10040,5,2,53)
w(0,10041,5,2,54)
w(0,10042,5,2,55)
w(0,10043,5,2,56)
w(1,10044,5,2,57)
w(1,10045,5,2,58)
w(12,10046,5,2,59)
w(5,10047,5,2,60)
w(3,10048,5,2,61)
w(0,10049,5,2,62)
w(12,10050,5,2,63)
w(2,10051,5,2,64)
w(6,10052,5,2,65)
w(8,10053,5,2,66)
w(5,10054,5,2,67)
w(14,10055,5,2,68)
w(0,10056,5,2,69)
w(5,10057,5,2,70)
w(0,10058,5,2,71)
w(18,10059,5,2,72)
w(9,10060,5,2,73)
w(8,10061,5,2,74)
r(15,2071,5,3,75)
r(17,4027,5,3,76)
r(0,10058,5,3,77)
r(14,10055,5,3,78)
r(12,10050,5,3,79)
r(0,10058,5,3,80)
r(4,4021,5,3,81)
r(12,10050,5,3,82)
r(7,4028,5,3,83)
r(3,10048,5,3,84)
r(6,10052,5,3,85)
r(19,2019,5,3,86)
r(0,10058,5,3,87)
r(3,10048,5,3,88)
r(3,10048,5,3,89)
w(0,10062,5,3,90)
w(1,10063,5,3,91)
w(0,10064,5,3,92)
w(0,10065,5,3,93)
w(10,10066,5,3,94)
w(14,10067,5,3,95)
w(5,10068,5,3,96)
w(1,10069,5,3,97)
w(0,10070,5,3,98)
w(8,10071,5,3,99)
r(11,64,5,4,100)
r(4,68,5,4,101)
r(4,68,5,4,102)
r(0,67,5,4,103)
r(0,67,5,4,104)
r(12,72,5,4,105)
r(1,10069,5,4,106)
r(1,10069,5,4,107)
r(1,10069,5,4,108)
r(1,10069,5,4,109)
w(13,10072,5,4,110)
w(14,10073,5,4,111)
w(13,10074,5,4,112)
w(0,10075,5,4,113)
w(4,10076,5,4,114)
w(0,10077,5,4,115)
w(11,10078,5,4,116)
w(0,10079,5,4,117)
w(0,10080,5,4,118)
w(6,10081,5,4,119)
w(4,10082,5,4,120)
w(2,10083,5,4,121)
w(2,10084,5,4,122)
w(15,10085,5,4,123)
w(1,10086,5,4,124)
r(1,4076,5,5,125)
r(0,4073,5,5,126)
r(2,4077,5,5,127)
r(13,81,5,5,128)
r(4,4072,5,5,129)
r(6,4074,5,5,130)
r(16,4057,5,5,131)
r(14,80,5,5,132)
r(18,10059,5,5,133)
r(0,4073,5,5,134)
r(12,84,5,5,135)
r(0,4073,5,5,136)
r(1,4076,5,5,137)
r(10,69,5,5,138)
r(0,4073,5,5,139)
r(2,4077,5,5,140)
r(6,4074,5,5,141)
r(3,4075,5,5,142)
r(2,4077,5,5,143)
r(10,69,5,5,144)
r(4,4072,5,5,145)
r(5,10068,5,5,146)
r(9,79,5,5,147)
r(1,4076,5,5,148)
r(14,80,5,5,149)
r(1,113,5,7,175)
r(0,111,5,7,176)
r(2,110,5,7,177)
r(8,4069,5,7,178)
r(1,113,5,7,179)
r(4,10097,5,7,180)
r(4,10097,5,7,181)
r(3,108,5,7,182)
r(5,106,5,7,183)
r(1,113,5,7,184)
r(1,113,5,7,185)
r(0,111,5,7,186)
r(10,2116,5,7,187)
r(1,113,5,7,188)
r(1,113,5,7,189)
w(9,10098,5,7,190)
w(9,10099,5,7,191)
w(8,10100,5,7,192)
w(2,10101,5,7,193)
w(18,10102,5,7,194)
w(0,10103,5,7,195)
w(7,10104,5,7,196)
w(3,10105,5,7,197)
w(9,10106,5,7,198)
w(1,10107,5,7,199)
r(7,10104,5,8,200)
r(2,10101,5,8,201)
r(6,2118,5,8,202)
r(2,10101,5,8,203)
r(5,2141,5,8,204)
r(9,10106,5,8,205)
r(16,4057,5,8,206)
r(2,10101,5,8,207)
r(0,10103,5,8,208)
w(4,10108,5,8,209)
w(10,10109,5,8,210)
w(1,10110,5,8,211)
w(0,10111,5,8,212)
w(4,10112,5,8,213)
w(2,10113,5,8,214)
w(5,10114,5,8,215)
w(0,10115,5,8,216)
w(2,10116,5,8,217)
w(6,10117,5,8,218)
w(0,10118,5,8,219)
w(1,10119,5,8,220)
w(6,10120,5,8,221)
w(14,10121,5,8,222)
w(0,10122,5,8,223)
w(3,10123,5,8,224)
w(16,10124,5,9,225)
w(6,10125,5,9,226)
w(1,10126,5,9,227)
w(7,10127,5,9,228)
w(8,10128,5,9,229)
w(2,10129,5,9,230)
w(2,10130,5,9,231)
w(13,10131,5,9,232)
w(7,10132,5,9,233)
w(15,10133,5,9,234)
w(5,10134,5,9,235)
w(1,10135,5,9,236)
w(10,10136,5,9,237)
w(0,10137,5,9,238)
w(14,10138,5,9,239)
w(0,10139,5,9,240)
w(18,10140,5,9,241)
w(0,10141,5,9,242)
w(6,10142,5,9,243)
w(0,10143,5,9,244)
w(12,10144,5,9,245)
w(2,10145,5,9,246)
w(8,10146,5,9,247)
w(1,10147,5,9,248)
w(0,10148,5,9,249)
r(10,10136,5,10,250)
r(2,10145,5,10,251)
r(1,10147,5,10,252)
r(0,10148,5,10,253)
r(10,10136,5,10,254)
r(12,10144,5,10,255)
r(0,10148,5,10,256)
r(1,10147,5,10,257)
r(3,2151,5,10,258)
r(0,10148,5,10,259)
w(4,10149,5,10,260)
w(13,10150,5,10,261)
w(0,10151,5,10,262)
w(1,10152,5,10,263)
w(2,10153,5,10,264)
w(4,10154,5,10,265)
w(0,10155,5,10,266)
w(0,10156,5,10,267)
w(10,10157,5,10,268)
w(1,10158,5,10,269)
w(6,10159,5,10,270)
w(0,10160,5,10,271)
w(3,10161,5,10,272)
w(0,10162,5,10,273)
w(2,10163,5,10,274)
w(7,10164,5,11,275)
w(3,10165,5,11,276)
w(1,10166,5,11,277)
w(2,10167,5,11,278)
w(0,10168,5,11,279)
w(0,10169,5,11,280)
w(8,10170,5,11,281)
w(5,10171,5,11,282)
w(0,10172,5,11,283)
w(0,10173,5,11,284)
w(1,10174,5,11,285)
w(0,10175,5,11,286)
w(0,10176,5,11,287)
w(2,10177,5,11,288)
w(1,10178,5,11,289)
w(0,10179,5,11,290)
w(2,10180,5,11,291)
w(0,10181,5,11,292)
w(1,10182,5,11,293)
w(0,10183,5,11,294)
w(4,10184,5,11,295)
w(0,10185,5,11,296)
w(1,10186,5,11,297)
w(4,10187,5,11,298)
w(0,10188,5,11,299)
r(0,143,5,12,300)
r(17,2195,5,12,301)
r(0,143,5,12,302)
r(3,4153,5,12,303)
r(8,10170,5,12,304)
r(0,143,5,12,305)
r(10,2208,5,12,306)
r(0,143,5,12,307)
r(1,4154,5,12,308)
r(0,143,5,12,309)
r(4,10187,5,12,310)
r(0,143,5,12,311)
r(1,4154,5,12,312)
r(8,10170,5,12,313)
w(1,10189,5,12,314)
w(2,10190,5,12,315)
w(15,10191,5,12,316)
w(1,10192,5,12,317)
w(0,10193,5,12,318)
w(11,10194,5,12,319)
w(0,10195,5,12,320)
w(11,10196,5,12,321)
w(7,10197,5,12,322)
w(2,10198,5,12,323)
w(1,10199,5,12,324)
r(6,162,5,13,325)
r(2,4162,5,13,326)
r(1,4164,5,13,327)
r(0,4165,5,13,328)
r(7,4166,5,13,329)
r(14,2197,5,13,330)
r(1,4164,5,13,331)
r(4,148,5,13,332)
r(13,150,5,13,333)
r(5,4161,5,13,334)
r(0,4165,5,13,335)
r(9,167,5,13,336)
r(13,150,5,13,337)
w(10,10200,5,13,338)
w(5,10201,5,13,339)
w(16,10202,5,13,340)
w(2,10203,5,13,341)
w(3,10204,5,13,342)
w(0,10205,5,13,343)
w(17,10206,5,13,344)
w(1,10207,5,13,345)
w(3,10208,5,13,346)
w(0,10209,5,13,347)
w(2,10210,5,13,348)
w(12,10211,5,13,349)
w(1,10212,5,14,350)
w(0,10213,5,14,351)
w(1,10214,5,14,352)
w(3,10215,5,14,353)
w(2,10216,5,14,354)
w(12,10217,5,14,355)
w(1,10218,5,14,356)
w(3,10219,5,14,357)
w(1,10220,5,14,358)
w(5,10221,5,14,359)
w(5,10222,5,14,360)
w(2,10223,5,14,361)
w(1,10224,5,14,362)
w(13,10225,5,14,363)
w(10,10226,5,14,364)
w(1,10227,5,14,365)
w(7,10228,5,14,366)
w(0,10229,5,14,367)
w(1,10230,5,14,368)
w(0,10231,5,14,369)
w(0,10232,5,14,370)
w(3,10233,5,14,371)
w(12,10234,5,14,372)
w(2,10235,5,14,373)
w(4,10236,5,14,374)
r(2,190,5,15,375)
r(0,200,5,15,376)
r(9,204,5,15,377)
r(7,10228,5,15,378)
r(17,10206,5,15,379)
r(15,202,5,15,380)
r(13,197,5,15,381)
r(14,2197,5,15,382)
r(14,2197,5,15,383)
r(0,200,5,15,384)
r(6,191,5,15,385)
r(5,207,5,15,386)
r(0,200,5,15,387)
r(0,200,5,15,388)
r(8,175,5,15,389)
r(0,200,5,15,390)
r(5,207,5,15,391)
r(0,200,5,15,392)
w(2,10237,5,15,393)
w(13,10238,5,15,394)
w(6,10239,5,15,395)
w(10,10240,5,15,396)
w(1,10241,5,15,397)
w(2,10242,5,15,398)
w(5,10243,5,15,399)
r(5,2276,5,16,400)
r(0,2273,5,16,401)
r(17,2275,5,16,402)
r(1,2278,5,16,403)
r(16,10202,5,16,404)
r(2,2272,5,16,405)
r(8,4181,5,16,406)
r(0,2273,5,16,407)
r(2,2272,5,16,408)
r(9,4187,5,16,409)
r(0,2273,5,16,410)
r(11,199,5,16,411)
r(3,4188,5,16,412)
r(7,10228,5,16,413)
r(4,2277,5,16,414)
r(0,2273,5,16,415)
r(0,2273,5,16,416)
r(1,2278,5,16,417)
r(3,4188,5,16,418)
r(7,10228,5,16,419)
r(0,2273,5,16,420)
r(1,2278,5,16,421)
r(7,10228,5,16,422)
r(1,2278,5,16,423)
r(2,2272,5,16,424)
r(0,4234,5,18,450)
r(8,10257,5,18,451)
r(6,4230,5,18,452)
r(3,226,5,18,453)
r(6,4230,5,18,454)
r(1,4232,5,18,455)
r(2,2311,5,18,456)
r(14,2310,5,18,457)
r(0,4234,5,18,458)
r(17,209,5,18,459)
r(3,226,5,18,460)
r(18,189,5,18,461)
w(0,10260,5,18,462)
w(1,10261,5,18,463)
w(0,10262,5,18,464)
w(10,10263,5,18,465)
w(2,10264,5,18,466)
w(0,10265,5,18,467)
w(7,10266,5,18,468)
w(5,10267,5,18,469)
w(0,10268,5,18,470)
w(2,10269,5,18,471)
w(2,10270,5,18,472)
w(3,10271,5,18,473)
w(12,10272,5,18,474)
r(2,10286,5,20,500)
r(4,244,5,20,501)
r(8,245,5,20,502)
r(1,253,5,20,503)
r(0,265,5,20,504)
r(0,265,5,20,505)
r(0,265,5,20,506)
r(0,265,5,20,507)
r(2,10286,5,20,508)
r(1,253,5,20,509)
r(19,250,5,20,510)
r(0,265,5,20,511)
r(9,257,5,20,512)
r(1,253,5,20,513)
r(2,10286,5,20,514)
r(7,252,5,20,515)
r(5,264,5,20,516)
r(3,256,5,20,517)
r(14,2310,5,20,518)
r(13,254,5,20,519)
r(10,2329,5,20,520)
r(15,262,5,20,521)
r(1,253,5,20,522)
r(0,265,5,20,523)
r(0,265,5,20,524)
w(12,10302,5,22,550)
w(0,10303,5,22,551)
w(0,10304,5,22,552)
w(0,10305,5,22,553)
w(1,10306,5,22,554)
w(13,10307,5,22,555)
w(16,10308,5,22,556)
w(0,10309,5,22,557)
w(8,10310,5,22,558)
w(5,10311,5,22,559)
w(0,10312,5,22,560)
w(4,10313,5,22,561)
w(0,10314,5,22,562)
w(19,10315,5,22,563)
w(2,10316,5,22,564)
w(0,10317,5,22,565)
w(10,10318,5,22,566)
w(14,10319,5,22,567)
w(1,10320,5,22,568)
w(0,10321,5,22,569)
w(0,10322,5,22,570)
w(0,10323,5,22,571)
w(4,10324,5,22,572)
w(2,10325,5,22,573)
w(0,10326,5,22,574)
r(1,4331,5,23,575)
r(0,4324,5,23,576)
r(3,4310,5,23,577)
r(9,4288,5,23,578)
r(4,4327,5,23,579)
r(13,10307,5,23,580)
r(2,4330,5,23,581)
r(7,4299,5,23,582)
r(1,4331,5,23,583)
w(0,10327,5,23,584)
w(1,10328,5,23,585)
w(16,10329,5,23,586)
w(1,10330,5,23,587)
w(3,10331,5,23,588)
w(15,10332,5,23,589)
w(0,10333,5,23,590)
w(9,10334,5,23,591)
w(3,10335,5,23,592)
w(0,10336,5,23,593)
w(0,10337,5,23,594)
w(2,10338,5,23,595)
w(0,10339,5,23,596)
w(1,10340,5,23,597)
w(4,10341,5,23,598)
w(0,10342,5,23,599)
w(0,10343,5,24,600)
w(6,10344,5,24,601)
w(0,10345,5,24,602)
w(6,10346,5,24,603)
w(7,10347,5,24,604)
w(9,10348,5,24,605)
w(8,10349,5,24,606)
w(15,10350,5,24,607)
w(1,10351,5,24,608)
w(1,10352,5,24,609)
w(0,10353,5,24,610)
w(2,10354,5,24,611)
w(0,10355,5,24,612)
w(4,10356,5,24,613)
w(1,10357,5,24,614)
w(0,10358,5,24,615)
w(5,10359,5,24,616)
w(1,10360,5,24,617)
w(4,10361,5,24,618)
w(0,10362,5,24,619)
w(8,10363,5,24,620)
w(0,10364,5,24,621)
w(1,10365,5,24,622)
w(6,10366,5,24,623)
w(16,10367,5,24,624)
r(1,10365,5,25,625)
r(16,10367,5,25,626)
r(10,10318,5,25,627)
r(9,10348,5,25,628)
r(4,10361,5,25,629)
r(4,10361,5,25,630)
r(1,10365,5,25,631)
r(0,10364,5,25,632)
r(1,10365,5,25,633)
r(4,10361,5,25,634)
r(0,10364,5,25,635)
r(1,10365,5,25,636)
r(0,10364,5,25,637)
r(0,10364,5,25,638)
w(8,10368,5,25,639)
w(1,10369,5,25,640)
w(13,10370,5,25,641)
w(9,10371,5,25,642)
w(0,10372,5,25,643)
w(9,10373,5,25,644)
w(2,10374,5,25,645)
w(2,10375,5,25,646)
w(0,10376,5,25,647)
w(4,10377,5,25,648)
w(6,10378,5,25,649)
