r(1,26,4,1,25)
r(0,32,4,1,26)
r(1,26,4,1,27)
r(9,10,4,1,28)
r(13,10009,4,1,29)
r(0,32,4,1,30)
r(2,2028,4,1,31)
r(18,0,4,1,32)
r(2,2028,4,1,33)
r(0,32,4,1,34)
r(0,32,4,1,35)
r(1,26,4,1,36)
r(3,29,4,1,37)
r(6,20,4,1,38)
r(0,32,4,1,39)
r(2,2028,4,1,40)
r(0,32,4,1,41)
r(1,26,4,1,42)
r(1,26,4,1,43)
r(0,32,4,1,44)
r(2,2028,4,1,45)
r(1,26,4,1,46)
r(12,0,4,1,47)
r(0,32,4,1,48)
r(7,10001,4,1,49)
r(7,4063,4,4,100)
r(15,4071,4,4,101)
r(0,102,4,4,102)
r(18,103,4,4,103)
r(6,2110,4,4,104)
r(18,103,4,4,105)
r(1,92,4,4,106)
r(3,2107,4,4,107)
r(0,102,4,4,108)
r(16,4057,4,4,109)
r(3,2107,4,4,110)
r(1,92,4,4,111)
r(1,92,4,4,112)
r(4,2111,4,4,113)
r(4,2111,4,4,114)
r(1,92,4,4,115)
r(8,4069,4,4,116)
r(1,92,4,4,117)
r(2,4077,4,4,118)
r(1,92,4,4,119)
r(17,4070,4,4,120)
r(9,94,4,4,121)
r(2,4077,4,4,122)
r(3,2107,4,4,123)
r(13,81,4,4,124)
r(7,2163,4,6,150)
r(0,2182,4,6,151)
r(1,2183,4,6,152)
r(0,2182,4,6,153)
r(15,10133,4,6,154)
r(5,10134,4,6,155)
r(11,4097,4,6,156)
r(7,2163,4,6,157)
r(0,2182,4,6,158)
r(1,2183,4,6,159)
r(1,2183,4,6,160)
r(5,10134,4,6,161)
r(10,10136,4,6,162)
r(0,2182,4,6,163)
r(0,2182,4,6,164)
r(6,2184,4,6,165)
r(9,4131,4,6,166)
r(4,2173,4,6,167)
r(14,10138,4,6,168)
r(0,2182,4,6,169)
r(0,2182,4,6,170)
r(1,2183,4,6,171)
r(0,2182,4,6,172)
r(3,2168,4,6,173)
r(4,2173,4,6,174)
r(12,10211,4,13,325)
r(0,180,4,13,326)
r(5,172,4,13,327)
r(11,2248,4,13,328)
r(8,175,4,13,329)
r(0,180,4,13,330)
r(0,180,4,13,331)
r(3,182,4,13,332)
r(7,181,4,13,333)
r(0,180,4,13,334)
r(0,180,4,13,335)
r(16,10202,4,13,336)
r(13,2247,4,13,337)
r(18,2254,4,13,338)
r(15,153,4,13,339)
r(14,2197,4,13,340)
r(10,10200,4,13,341)
r(0,180,4,13,342)
r(0,180,4,13,343)
r(0,180,4,13,344)
r(1,179,4,13,345)
r(0,180,4,13,346)
r(11,2248,4,13,347)
r(1,179,4,13,348)
r(6,2259,4,13,349)
r(1,10369,4,17,425)
r(2,10375,4,17,426)
r(0,10376,4,17,427)
r(15,10350,4,17,428)
r(5,350,4,17,429)
r(16,351,4,17,430)
r(0,10376,4,17,431)
r(1,10369,4,17,432)
r(0,10376,4,17,433)
r(1,10369,4,17,434)
r(1,10369,4,17,435)
r(2,10375,4,17,436)
r(0,10376,4,17,437)
r(2,10375,4,17,438)
r(7,10347,4,17,439)
r(17,288,4,17,440)
r(8,10368,4,17,441)
r(0,10376,4,17,442)
r(2,10375,4,17,443)
r(0,10376,4,17,444)
r(0,10376,4,17,445)
r(0,10376,4,17,446)
r(15,10350,4,17,447)
r(2,10375,4,17,448)
r(15,10350,4,17,449)
r(5,8242,4,19,475)
r(12,6147,4,19,476)
r(2,8251,4,19,477)
r(6,8239,4,19,478)
r(0,8250,4,19,479)
r(1,6136,4,19,480)
r(3,8244,4,19,481)
r(3,8244,4,19,482)
r(4,8248,4,19,483)
r(1,6136,4,19,484)
r(0,8250,4,19,485)
r(1,6136,4,19,486)
w(2,8253,4,19,487)
w(0,8254,4,19,488)
w(12,8255,4,19,489)
w(3,8256,4,19,490)
w(14,8257,4,19,491)
w(4,8258,4,19,492)
w(9,8259,4,19,493)
w(9,8260,4,19,494)
w(0,8261,4,19,495)
w(0,8262,4,19,496)
w(2,8263,4,19,497)
w(1,8264,4,19,498)
w(9,8265,4,19,499)
w(0,8266,4,20,500)
w(0,8267,4,20,501)
w(0,8268,4,20,502)
w(0,8269,4,20,503)
w(12,8270,4,20,504)
w(2,8271,4,20,505)
w(1,8272,4,20,506)
w(1,8273,4,20,507)
w(3,8274,4,20,508)
w(5,8275,4,20,509)
w(12,8276,4,20,510)
w(3,8277,4,20,511)
w(3,8278,4,20,512)
w(0,8279,4,20,513)
w(2,8280,4,20,514)
w(11,8281,4,20,515)
w(0,8282,4,20,516)
w(5,8283,4,20,517)
w(1,8284,4,20,518)
w(4,8285,4,20,519)
w(13,8286,4,20,520)
w(19,8287,4,20,521)
w(0,8288,4,20,522)
w(7,8289,4,20,523)
w(7,8290,4,20,524)
r(3,8278,4,21,525)
r(8,8236,4,21,526)
r(17,6179,4,21,527)
r(0,6200,4,21,528)
r(0,6200,4,21,529)
r(2,8280,4,21,530)
r(13,8286,4,21,531)
r(19,8287,4,21,532)
r(2,8280,4,21,533)
r(1,6202,4,21,534)
r(5,8283,4,21,535)
r(0,6200,4,21,536)
r(5,8283,4,21,537)
r(2,8280,4,21,538)
r(14,6191,4,21,539)
w(0,8291,4,21,540)
w(0,8292,4,21,541)
w(0,8293,4,21,542)
w(0,8294,4,21,543)
w(13,8295,4,21,544)
w(14,8296,4,21,545)
w(5,8297,4,21,546)
w(0,8298,4,21,547)
w(0,8299,4,21,548)
w(0,8300,4,21,549)
r(3,8278,4,22,550)
r(2,8280,4,22,551)
r(1,6202,4,22,552)
r(0,8300,4,22,553)
r(10,8252,4,22,554)
r(0,8300,4,22,555)
r(15,6182,4,22,556)
r(13,8295,4,22,557)
r(6,8239,4,22,558)
r(1,6202,4,22,559)
r(4,8285,4,22,560)
r(3,8278,4,22,561)
w(7,8301,4,22,562)
w(5,8302,4,22,563)
w(0,8303,4,22,564)
w(0,8304,4,22,565)
w(6,8305,4,22,566)
w(1,8306,4,22,567)
w(1,8307,4,22,568)
w(4,8308,4,22,569)
w(4,8309,4,22,570)
w(0,8310,4,22,571)
w(2,8311,4,22,572)
w(0,8312,4,22,573)
w(8,8313,4,22,574)
w(4,8314,4,23,575)
w(4,8315,4,23,576)
w(6,8316,4,23,577)
w(3,8317,4,23,578)
w(0,8318,4,23,579)
w(0,8319,4,23,580)
w(14,8320,4,23,581)
w(2,8321,4,23,582)
w(0,8322,4,23,583)
w(3,8323,4,23,584)
w(3,8324,4,23,585)
w(0,8325,4,23,586)
w(2,8326,4,23,587)
w(4,8327,4,23,588)
w(17,8328,4,23,589)
w(3,8329,4,23,590)
w(4,8330,4,23,591)
w(8,8331,4,23,592)
w(0,8332,4,23,593)
w(12,8333,4,23,594)
w(10,8334,4,23,595)
w(0,8335,4,23,596)
w(3,8336,4,23,597)
w(0,8337,4,23,598)
w(1,8338,4,23,599)
r(3,6235,4,24,600)
r(8,8331,4,24,601)
r(6,6227,4,24,602)
r(1,6234,4,24,603)
r(5,6232,4,24,604)
r(0,6236,4,24,605)
r(0,6236,4,24,606)
r(14,8320,4,24,607)
r(15,6210,4,24,608)
w(1,8339,4,24,609)
w(13,8340,4,24,610)
w(1,8341,4,24,611)
w(1,8342,4,24,612)
w(3,8343,4,24,613)
w(2,8344,4,24,614)
w(0,8345,4,24,615)
w(10,8346,4,24,616)
w(0,8347,4,24,617)
w(3,8348,4,24,618)
w(0,8349,4,24,619)
w(2,8350,4,24,620)
w(0,8351,4,24,621)
w(2,8352,4,24,622)
w(0,8353,4,24,623)
w(0,8354,4,24,624)
r(0,6242,4,25,625)
r(13,6244,4,25,626)
r(18,6240,4,25,627)
r(5,6232,4,25,628)
r(0,6242,4,25,629)
r(1,6243,4,25,630)
r(2,8352,4,25,631)
r(5,6232,4,25,632)
r(3,8348,4,25,633)
r(0,6242,4,25,634)
r(10,8346,4,25,635)
r(6,6241,4,25,636)
r(3,8348,4,25,637)
r(5,6232,4,25,638)
r(2,8352,4,25,639)
r(2,8352,4,25,640)
w(3,8355,4,25,641)
w(2,8356,4,25,642)
w(16,8357,4,25,643)
w(0,8358,4,25,644)
w(3,8359,4,25,645)
w(7,8360,4,25,646)
w(1,8361,4,25,647)
w(8,8362,4,25,648)
w(5,8363,4,25,649)
r(0,8358,4,26,650)
r(0,8358,4,26,651)
r(13,6244,4,26,652)
r(4,8330,4,26,653)
r(10,8346,4,26,654)
r(0,8358,4,26,655)
r(1,8361,4,26,656)
r(0,8358,4,26,657)
r(0,8358,4,26,658)
r(3,8359,4,26,659)
r(0,8358,4,26,660)
r(2,8356,4,26,661)
w(0,8364,4,26,662)
w(1,8365,4,26,663)
w(0,8366,4,26,664)
w(4,8367,4,26,665)
w(0,8368,4,26,666)
w(0,8369,4,26,667)
w(11,8370,4,26,668)
w(9,8371,4,26,669)
w(0,8372,4,26,670)
w(0,8373,4,26,671)
w(13,8374,4,26,672)
w(3,8375,4,26,673)
w(0,8376,4,26,674)
r(2,6280,4,27,675)
r(6,6257,4,27,676)
r(10,8346,4,27,677)
r(0,6281,4,27,678)
r(5,8363,4,27,679)
r(7,6271,4,27,680)
r(13,6272,4,27,681)
r(1,6277,4,27,682)
r(9,6260,4,27,683)
r(0,6281,4,27,684)
r(1,6277,4,27,685)
r(0,6281,4,27,686)
r(0,6281,4,27,687)
w(17,8377,4,27,688)
w(0,8378,4,27,689)
w(2,8379,4,27,690)
w(4,8380,4,27,691)
w(0,8381,4,27,692)
w(4,8382,4,27,693)
w(12,8383,4,27,694)
w(1,8384,4,27,695)
w(7,8385,4,27,696)
w(1,8386,4,27,697)
w(2,8387,4,27,698)
w(7,8388,4,27,699)
r(19,6263,4,28,700)
r(12,8383,4,28,701)
r(3,6290,4,28,702)
r(5,6292,4,28,703)
r(2,6289,4,28,704)
r(5,6292,4,28,705)
r(13,6272,4,28,706)
r(0,6297,4,28,707)
r(3,6290,4,28,708)
r(1,6291,4,28,709)
w(4,8389,4,28,710)
w(6,8390,4,28,711)
w(0,8391,4,28,712)
w(8,8392,4,28,713)
w(0,8393,4,28,714)
w(0,8394,4,28,715)
w(2,8395,4,28,716)
w(3,8396,4,28,717)
w(8,8397,4,28,718)
w(19,8398,4,28,719)
w(2,8399,4,28,720)
w(2,8400,4,28,721)
w(4,8401,4,28,722)
w(2,8402,4,28,723)
w(0,8403,4,28,724)
r(1,6291,4,29,725)
r(9,6295,4,29,726)
r(6,8390,4,29,727)
r(1,6291,4,29,728)
r(8,8397,4,29,729)
r(4,8401,4,29,730)
r(3,8396,4,29,731)
r(13,6272,4,29,732)
r(0,8403,4,29,733)
r(0,8403,4,29,734)
r(1,6291,4,29,735)
r(0,8403,4,29,736)
r(1,6291,4,29,737)
r(0,8403,4,29,738)
r(0,8403,4,29,739)
w(2,8404,4,29,740)
w(0,8405,4,29,741)
w(9,8406,4,29,742)
w(6,8407,4,29,743)
w(6,8408,4,29,744)
w(6,8409,4,29,745)
w(18,8410,4,29,746)
w(2,8411,4,29,747)
w(11,8412,4,29,748)
w(1,8413,4,29,749)
r(6,8409,4,30,750)
r(0,8405,4,30,751)
r(1,8413,4,30,752)
r(14,6261,4,30,753)
r(0,8405,4,30,754)
r(0,8405,4,30,755)
r(3,8396,4,30,756)
r(0,8405,4,30,757)
r(0,8405,4,30,758)
r(7,6309,4,30,759)
r(7,6309,4,30,760)
r(0,8405,4,30,761)
r(0,8405,4,30,762)
r(5,6299,4,30,763)
w(5,8414,4,30,764)
w(10,8415,4,30,765)
w(2,8416,4,30,766)
w(1,8417,4,30,767)
w(14,8418,4,30,768)
w(1,8419,4,30,769)
w(1,8420,4,30,770)
w(10,8421,4,30,771)
w(10,8422,4,30,772)
w(1,8423,4,30,773)
w(12,8424,4,30,774)
r(6,6329,4,31,775)
r(0,6346,4,31,776)
r(0,6346,4,31,777)
r(15,6337,4,31,778)
r(0,6346,4,31,779)
r(12,8424,4,31,780)
r(5,8414,4,31,781)
r(0,6346,4,31,782)
r(3,6330,4,31,783)
r(0,6346,4,31,784)
r(6,6329,4,31,785)
r(0,6346,4,31,786)
w(2,8425,4,31,787)
w(17,8426,4,31,788)
w(6,8427,4,31,789)
w(0,8428,4,31,790)
w(1,8429,4,31,791)
w(16,8430,4,31,792)
w(4,8431,4,31,793)
w(11,8432,4,31,794)
w(2,8433,4,31,795)
w(16,8434,4,31,796)
w(3,8435,4,31,797)
w(6,8436,4,31,798)
w(9,8437,4,31,799)
r(1,8429,4,32,800)
r(2,8433,4,32,801)
r(10,6342,4,32,802)
r(5,8414,4,32,803)
r(2,8433,4,32,804)
r(11,8432,4,32,805)
r(1,8429,4,32,806)
r(0,8428,4,32,807)
w(3,8438,4,32,808)
w(4,8439,4,32,809)
w(0,8440,4,32,810)
w(1,8441,4,32,811)
w(1,8442,4,32,812)
w(9,8443,4,32,813)
w(1,8444,4,32,814)
w(0,8445,4,32,815)
w(0,8446,4,32,816)
w(12,8447,4,32,817)
w(5,8448,4,32,818)
w(9,8449,4,32,819)
w(6,8450,4,32,820)
w(5,8451,4,32,821)
w(9,8452,4,32,822)
w(0,8453,4,32,823)
w(2,8454,4,32,824)
r(5,6350,4,33,825)
r(0,6362,4,33,826)
r(5,6350,4,33,827)
r(2,6354,4,33,828)
r(1,6364,4,33,829)
r(6,6359,4,33,830)
r(6,6359,4,33,831)
r(0,6362,4,33,832)
r(11,8432,4,33,833)
r(0,6362,4,33,834)
w(17,8455,4,33,835)
w(6,8456,4,33,836)
w(0,8457,4,33,837)
w(1,8458,4,33,838)
w(16,8459,4,33,839)
w(0,8460,4,33,840)
w(0,8461,4,33,841)
w(4,8462,4,33,842)
w(4,8463,4,33,843)
w(4,8464,4,33,844)
w(0,8465,4,33,845)
w(3,8466,4,33,846)
w(2,8467,4,33,847)
w(5,8468,4,33,848)
w(2,8469,4,33,849)
r(14,8418,4,34,850)
r(6,8456,4,34,851)
r(1,8458,4,34,852)
r(15,6337,4,34,853)
r(4,8464,4,34,854)
r(9,8452,4,34,855)
r(12,8447,4,34,856)
r(4,8464,4,34,857)
r(8,6361,4,34,858)
r(6,8456,4,34,859)
r(1,8458,4,34,860)
r(1,8458,4,34,861)
r(18,6338,4,34,862)
r(1,8458,4,34,863)
r(1,8458,4,34,864)
r(1,8458,4,34,865)
r(3,8466,4,34,866)
r(7,6309,4,34,867)
r(14,8418,4,34,868)
r(0,8465,4,34,869)
r(5,8468,4,34,870)
r(1,8458,4,34,871)
r(0,8465,4,34,872)
r(1,8458,4,34,873)
r(18,6338,4,34,874)
