r(5,216,2,2,20)
r(0,12,2,2,21)
r(3,2,2,2,22)
r(5,216,2,2,23)
r(6,16,2,2,24)
r(9,14,2,2,25)
r(7,215,2,2,26)
r(3,2,2,2,27)
r(5,216,2,2,28)
r(7,215,2,2,29)
r(3,2,2,3,30)
r(3,2,2,3,31)
r(7,215,2,3,32)
r(1,19,2,3,33)
r(3,2,2,3,34)
w(4,413,2,3,35)
w(0,414,2,3,36)
w(0,415,2,3,37)
w(6,416,2,3,38)
w(1,417,2,3,39)
r(8,18,2,4,40)
r(7,215,2,4,41)
r(9,14,2,4,42)
r(0,21,2,4,43)
r(9,14,2,4,44)
r(5,216,2,4,45)
r(3,2,2,4,46)
r(2,8,2,4,47)
r(4,413,2,4,48)
r(0,21,2,4,49)
w(8,418,2,5,50)
w(0,419,2,5,51)
w(1,420,2,5,52)
w(1,421,2,5,53)
w(8,422,2,5,54)
w(4,423,2,5,55)
w(1,424,2,5,56)
w(9,425,2,5,57)
w(5,426,2,5,58)
w(6,427,2,5,59)
r(5,426,2,6,60)
r(3,25,2,6,61)
r(9,33,2,6,62)
r(7,31,2,6,63)
r(1,32,2,6,64)
r(5,426,2,6,65)
r(1,32,2,6,66)
r(9,33,2,6,67)
r(5,426,2,6,68)
r(1,32,2,6,69)
r(0,419,2,7,70)
r(5,426,2,7,71)
r(7,31,2,7,72)
r(1,32,2,7,73)
r(7,31,2,7,74)
r(2,8,2,7,75)
r(3,25,2,7,76)
r(0,419,2,7,77)
r(9,33,2,7,78)
r(1,32,2,7,79)
r(0,419,2,8,80)
r(8,27,2,8,81)
r(2,8,2,8,82)
r(1,32,2,8,83)
r(4,29,2,8,84)
w(0,428,2,8,85)
w(2,429,2,8,86)
w(3,430,2,8,87)
w(6,431,2,8,88)
w(7,432,2,8,89)
w(7,433,2,9,90)
w(5,434,2,9,91)
w(2,435,2,9,92)
w(5,436,2,9,93)
w(0,437,2,9,94)
w(0,438,2,9,95)
w(4,439,2,9,96)
w(3,440,2,9,97)
w(6,441,2,9,98)
w(3,442,2,9,99)
r(6,441,2,10,100)
r(5,436,2,10,101)
r(9,33,2,10,102)
r(0,438,2,10,103)
w(1,443,2,10,104)
w(7,444,2,10,105)
w(8,445,2,10,106)
w(3,446,2,10,107)
w(3,447,2,10,108)
w(0,448,2,10,109)
