r(2,8046,3,2,50)
r(1,8051,3,2,51)
r(19,10013,3,2,52)
r(2,8046,3,2,53)
r(3,2028,3,2,54)
r(0,8052,3,2,55)
r(4,8050,3,2,56)
r(5,8041,3,2,57)
r(0,8052,3,2,58)
r(0,8052,3,2,59)
r(8,8003,3,2,60)
r(13,6025,3,2,61)
r(1,8051,3,2,62)
r(15,10042,3,2,63)
r(4,8050,3,2,64)
r(0,8052,3,2,65)
r(0,8052,3,2,66)
r(0,8052,3,2,67)
r(1,8051,3,2,68)
r(11,8036,3,2,69)
r(0,8052,3,2,70)
r(8,8003,3,2,71)
r(11,8036,3,2,72)
r(1,8051,3,2,73)
r(6,8032,3,2,74)
r(0,90,3,4,100)
r(1,91,3,4,101)
r(1,91,3,4,102)
r(0,90,3,4,103)
r(14,8081,3,4,104)
r(2,85,3,4,105)
r(13,8056,3,4,106)
r(0,90,3,4,107)
r(18,8062,3,4,108)
r(0,90,3,4,109)
r(8,6036,3,4,110)
r(9,6037,3,4,111)
r(5,8084,3,4,112)
r(9,6037,3,4,113)
w(0,6041,3,4,114)
w(19,6042,3,4,115)
w(3,6043,3,4,116)
w(7,6044,3,4,117)
w(13,6045,3,4,118)
w(0,6046,3,4,119)
w(0,6047,3,4,120)
w(0,6048,3,4,121)
w(1,6049,3,4,122)
w(0,6050,3,4,123)
w(6,6051,3,4,124)
r(6,6051,3,5,125)
r(19,6042,3,5,126)
r(7,6044,3,5,127)
r(1,99,3,5,128)
r(0,98,3,5,129)
r(8,6036,3,5,130)
r(2,10119,3,5,131)
r(0,98,3,5,132)
r(12,101,3,5,133)
r(15,8063,3,5,134)
r(2,10119,3,5,135)
r(12,101,3,5,136)
r(8,6036,3,5,137)
r(1,99,3,5,138)
r(0,98,3,5,139)
r(2,10119,3,5,140)
r(8,6036,3,5,141)
r(15,8063,3,5,142)
r(5,8084,3,5,143)
r(6,6051,3,5,144)
r(3,100,3,5,145)
r(3,100,3,5,146)
r(1,99,3,5,147)
r(2,10119,3,5,148)
r(12,101,3,5,149)
w(5,6052,3,6,150)
w(10,6053,3,6,151)
w(16,6054,3,6,152)
w(8,6055,3,6,153)
w(0,6056,3,6,154)
w(1,6057,3,6,155)
w(19,6058,3,6,156)
w(3,6059,3,6,157)
w(1,6060,3,6,158)
w(0,6061,3,6,159)
w(3,6062,3,6,160)
w(14,6063,3,6,161)
w(0,6064,3,6,162)
w(0,6065,3,6,163)
w(3,6066,3,6,164)
w(1,6067,3,6,165)
w(13,6068,3,6,166)
w(13,6069,3,6,167)
w(7,6070,3,6,168)
w(0,6071,3,6,169)
w(12,6072,3,6,170)
w(3,6073,3,6,171)
w(3,6074,3,6,172)
w(10,6075,3,6,173)
w(1,6076,3,6,174)
r(2,8115,3,7,175)
r(4,8101,3,7,176)
r(0,8113,3,7,177)
r(12,6072,3,7,178)
r(2,8115,3,7,179)
r(0,8113,3,7,180)
r(3,8112,3,7,181)
r(5,8109,3,7,182)
r(5,8109,3,7,183)
r(10,6075,3,7,184)
r(0,8113,3,7,185)
w(2,6077,3,7,186)
w(2,6078,3,7,187)
w(1,6079,3,7,188)
w(12,6080,3,7,189)
w(1,6081,3,7,190)
w(5,6082,3,7,191)
w(17,6083,3,7,192)
w(7,6084,3,7,193)
w(4,6085,3,7,194)
w(4,6086,3,7,195)
w(5,6087,3,7,196)
w(11,6088,3,7,197)
w(5,6089,3,7,198)
w(9,6090,3,7,199)
r(2,6078,3,8,200)
r(12,6080,3,8,201)
r(0,123,3,8,202)
r(16,10141,3,8,203)
r(12,6080,3,8,204)
r(2,6078,3,8,205)
r(3,117,3,8,206)
r(4,6086,3,8,207)
r(4,6086,3,8,208)
r(13,112,3,8,209)
r(2,6078,3,8,210)
r(0,123,3,8,211)
w(14,6091,3,8,212)
w(11,6092,3,8,213)
w(17,6093,3,8,214)
w(2,6094,3,8,215)
w(1,6095,3,8,216)
w(8,6096,3,8,217)
w(18,6097,3,8,218)
w(0,6098,3,8,219)
w(13,6099,3,8,220)
w(0,6100,3,8,221)
w(0,6101,3,8,222)
w(14,6102,3,8,223)
w(2,6103,3,8,224)
r(14,6102,3,9,225)
r(3,10157,3,9,226)
r(0,136,3,9,227)
r(1,134,3,9,228)
r(4,10163,3,9,229)
r(0,136,3,9,230)
r(18,6097,3,9,231)
r(13,138,3,9,232)
r(0,136,3,9,233)
r(2,129,3,9,234)
r(1,134,3,9,235)
w(1,6104,3,9,236)
w(2,6105,3,9,237)
w(13,6106,3,9,238)
w(13,6107,3,9,239)
w(6,6108,3,9,240)
w(0,6109,3,9,241)
w(19,6110,3,9,242)
w(2,6111,3,9,243)
w(1,6112,3,9,244)
w(14,6113,3,9,245)
w(0,6114,3,9,246)
w(1,6115,3,9,247)
w(2,6116,3,9,248)
w(2,6117,3,9,249)
r(1,10192,3,10,250)
r(1,10192,3,10,251)
r(4,10163,3,10,252)
r(3,10193,3,10,253)
r(0,10188,3,10,254)
r(0,10188,3,10,255)
r(1,10192,3,10,256)
r(2,10186,3,10,257)
r(1,10192,3,10,258)
r(1,10192,3,10,259)
r(5,148,3,10,260)
r(2,10186,3,10,261)
r(0,10188,3,10,262)
r(8,10187,3,10,263)
r(3,10193,3,10,264)
w(14,6118,3,10,265)
w(1,6119,3,10,266)
w(2,6120,3,10,267)
w(1,6121,3,10,268)
w(0,6122,3,10,269)
w(0,6123,3,10,270)
w(19,6124,3,10,271)
w(8,6125,3,10,272)
w(2,6126,3,10,273)
w(0,6127,3,10,274)
r(8,2099,3,11,275)
r(17,2100,3,11,276)
r(1,2104,3,11,277)
r(3,2101,3,11,278)
r(0,2103,3,11,279)
r(0,2103,3,11,280)
r(0,2103,3,11,281)
r(7,177,3,11,282)
r(2,2102,3,11,283)
r(0,2103,3,11,284)
r(13,10191,3,11,285)
r(14,176,3,11,286)
r(9,2107,3,11,287)
r(18,6097,3,11,288)
r(10,154,3,11,289)
r(0,2103,3,11,290)
r(2,2102,3,11,291)
r(19,163,3,11,292)
r(0,2103,3,11,293)
r(0,2103,3,11,294)
r(0,2103,3,11,295)
r(16,144,3,11,296)
r(4,174,3,11,297)
r(0,2103,3,11,298)
r(3,2101,3,11,299)
w(4,6128,3,12,300)
w(0,6129,3,12,301)
w(0,6130,3,12,302)
w(1,6131,3,12,303)
w(18,6132,3,12,304)
w(1,6133,3,12,305)
w(0,6134,3,12,306)
w(0,6135,3,12,307)
w(0,6136,3,12,308)
w(8,6137,3,12,309)
w(15,6138,3,12,310)
w(17,6139,3,12,311)
w(0,6140,3,12,312)
w(6,6141,3,12,313)
w(0,6142,3,12,314)
w(0,6143,3,12,315)
w(4,6144,3,12,316)
w(0,6145,3,12,317)
w(0,6146,3,12,318)
w(4,6147,3,12,319)
w(14,6148,3,12,320)
w(2,6149,3,12,321)
w(15,6150,3,12,322)
w(1,6151,3,12,323)
w(0,6152,3,12,324)
r(0,2116,3,13,325)
r(9,2107,3,13,326)
r(1,8149,3,13,327)
r(0,2116,3,13,328)
r(0,2116,3,13,329)
r(6,2117,3,13,330)
r(5,2111,3,13,331)
r(2,2114,3,13,332)
r(0,2116,3,13,333)
r(6,2117,3,13,334)
r(0,2116,3,13,335)
r(11,8151,3,13,336)
w(0,6153,3,13,337)
w(0,6154,3,13,338)
w(4,6155,3,13,339)
w(8,6156,3,13,340)
w(4,6157,3,13,341)
w(4,6158,3,13,342)
w(6,6159,3,13,343)
w(11,6160,3,13,344)
w(2,6161,3,13,345)
w(0,6162,3,13,346)
w(2,6163,3,13,347)
w(7,6164,3,13,348)
w(4,6165,3,13,349)
r(1,2121,3,14,350)
r(2,2125,3,14,351)
r(3,2108,3,14,352)
r(3,2108,3,14,353)
r(1,2121,3,14,354)
r(3,2108,3,14,355)
r(0,2126,3,14,356)
r(0,2126,3,14,357)
r(0,2126,3,14,358)
w(2,6166,3,14,359)
w(12,6167,3,14,360)
w(0,6168,3,14,361)
w(14,6169,3,14,362)
w(0,6170,3,14,363)
w(10,6171,3,14,364)
w(0,6172,3,14,365)
w(12,6173,3,14,366)
w(9,6174,3,14,367)
w(2,6175,3,14,368)
w(9,6176,3,14,369)
w(19,6177,3,14,370)
w(0,6178,3,14,371)
w(1,6179,3,14,372)
w(3,6180,3,14,373)
w(0,6181,3,14,374)
r(3,6180,3,15,375)
r(1,6179,3,15,376)
r(2,10254,3,15,377)
r(3,6180,3,15,378)
r(9,187,3,15,379)
r(9,187,3,15,380)
r(8,2123,3,15,381)
r(0,10252,3,15,382)
r(4,188,3,15,383)
r(2,10254,3,15,384)
r(2,10254,3,15,385)
w(3,6182,3,15,386)
w(1,6183,3,15,387)
w(14,6184,3,15,388)
w(1,6185,3,15,389)
w(3,6186,3,15,390)
w(0,6187,3,15,391)
w(4,6188,3,15,392)
w(2,6189,3,15,393)
w(0,6190,3,15,394)
w(0,6191,3,15,395)
w(5,6192,3,15,396)
w(5,6193,3,15,397)
w(8,6194,3,15,398)
w(0,6195,3,15,399)
r(1,191,3,16,400)
r(1,191,3,16,401)
r(6,193,3,16,402)
r(3,6186,3,16,403)
r(2,2136,3,16,404)
r(0,196,3,16,405)
r(1,191,3,16,406)
r(16,10245,3,16,407)
r(0,196,3,16,408)
r(0,196,3,16,409)
r(2,2136,3,16,410)
r(3,6186,3,16,411)
r(1,191,3,16,412)
r(2,2136,3,16,413)
r(11,2141,3,16,414)
r(4,6188,3,16,415)
r(6,193,3,16,416)
r(1,191,3,16,417)
r(0,196,3,16,418)
r(12,2131,3,16,419)
r(4,6188,3,16,420)
r(1,191,3,16,421)
r(16,10245,3,16,422)
r(2,2136,3,16,423)
r(10,195,3,16,424)
r(0,8225,3,17,425)
r(2,8213,3,17,426)
r(0,8225,3,17,427)
r(9,198,3,17,428)
r(0,8225,3,17,429)
r(0,8225,3,17,430)
r(16,10245,3,17,431)
r(9,198,3,17,432)
r(19,8184,3,17,433)
r(0,8225,3,17,434)
r(0,8225,3,17,435)
r(6,8226,3,17,436)
w(0,6196,3,17,437)
w(7,6197,3,17,438)
w(11,6198,3,17,439)
w(19,6199,3,17,440)
w(0,6200,3,17,441)
w(5,6201,3,17,442)
w(0,6202,3,17,443)
w(18,6203,3,17,444)
w(6,6204,3,17,445)
w(0,6205,3,17,446)
w(3,6206,3,17,447)
w(1,6207,3,17,448)
w(0,6208,3,17,449)
r(7,8240,3,18,450)
r(1,6207,3,18,451)
r(3,8245,3,18,452)
r(4,8241,3,18,453)
r(8,8242,3,18,454)
r(7,8240,3,18,455)
r(1,6207,3,18,456)
r(4,8241,3,18,457)
r(0,8237,3,18,458)
r(7,8240,3,18,459)
r(3,8245,3,18,460)
r(2,8239,3,18,461)
r(0,8237,3,18,462)
r(12,10279,3,18,463)
r(9,8243,3,18,464)
r(2,8239,3,18,465)
r(1,6207,3,18,466)
r(19,6199,3,18,467)
r(7,8240,3,18,468)
r(8,8242,3,18,469)
r(4,8241,3,18,470)
r(1,6207,3,18,471)
r(0,8237,3,18,472)
r(0,8237,3,18,473)
r(7,8240,3,18,474)
r(14,2160,3,19,475)
r(5,2163,3,19,476)
r(7,8240,3,19,477)
r(5,2163,3,19,478)
r(0,2165,3,19,479)
r(3,2166,3,19,480)
r(0,2165,3,19,481)
r(13,2137,3,19,482)
r(2,2164,3,19,483)
r(2,2164,3,19,484)
r(14,2160,3,19,485)
r(7,8240,3,19,486)
r(6,2153,3,19,487)
r(0,2165,3,19,488)
w(4,6209,3,19,489)
w(5,6210,3,19,490)
w(13,6211,3,19,491)
w(11,6212,3,19,492)
w(11,6213,3,19,493)
w(0,6214,3,19,494)
w(0,6215,3,19,495)
w(5,6216,3,19,496)
w(6,6217,3,19,497)
w(10,6218,3,19,498)
w(1,6219,3,19,499)
r(1,8263,3,20,500)
r(0,8257,3,20,501)
r(1,8263,3,20,502)
r(11,6213,3,20,503)
r(13,6211,3,20,504)
r(0,8257,3,20,505)
r(5,8258,3,20,506)
r(1,8263,3,20,507)
r(0,8257,3,20,508)
r(0,8257,3,20,509)
r(9,8264,3,20,510)
r(4,8266,3,20,511)
r(12,2176,3,20,512)
r(0,8257,3,20,513)
r(6,6217,3,20,514)
r(2,8262,3,20,515)
r(1,8263,3,20,516)
r(1,8263,3,20,517)
r(0,8257,3,20,518)
r(0,8257,3,20,519)
r(12,2176,3,20,520)
r(0,8257,3,20,521)
r(15,8236,3,20,522)
r(0,8257,3,20,523)
r(0,8257,3,20,524)
r(6,10297,3,21,525)
r(2,8276,3,21,526)
r(0,8281,3,21,527)
r(3,8268,3,21,528)
r(10,8275,3,21,529)
r(1,8277,3,21,530)
r(3,8268,3,21,531)
r(0,8281,3,21,532)
r(18,6203,3,21,533)
r(0,8281,3,21,534)
r(1,8277,3,21,535)
r(0,8281,3,21,536)
r(9,8264,3,21,537)
r(2,8276,3,21,538)
r(1,8277,3,21,539)
r(0,8281,3,21,540)
r(6,10297,3,21,541)
r(2,8276,3,21,542)
r(3,8268,3,21,543)
r(4,8271,3,21,544)
r(0,8281,3,21,545)
r(0,8281,3,21,546)
r(0,8281,3,21,547)
r(0,8281,3,21,548)
r(8,8267,3,21,549)
w(0,6220,3,22,550)
w(1,6221,3,22,551)
w(1,6222,3,22,552)
w(0,6223,3,22,553)
w(0,6224,3,22,554)
w(0,6225,3,22,555)
w(1,6226,3,22,556)
w(5,6227,3,22,557)
w(0,6228,3,22,558)
w(7,6229,3,22,559)
w(0,6230,3,22,560)
w(9,6231,3,22,561)
w(0,6232,3,22,562)
w(6,6233,3,22,563)
w(16,6234,3,22,564)
w(17,6235,3,22,565)
w(11,6236,3,22,566)
w(1,6237,3,22,567)
w(17,6238,3,22,568)
w(2,6239,3,22,569)
w(10,6240,3,22,570)
w(6,6241,3,22,571)
w(0,6242,3,22,572)
w(9,6243,3,22,573)
w(7,6244,3,22,574)
w(4,6256,3,24,600)
w(16,6257,3,24,601)
w(19,6258,3,24,602)
w(0,6259,3,24,603)
w(0,6260,3,24,604)
w(2,6261,3,24,605)
w(0,6262,3,24,606)
w(2,6263,3,24,607)
w(7,6264,3,24,608)
w(8,6265,3,24,609)
w(0,6266,3,24,610)
w(13,6267,3,24,611)
w(0,6268,3,24,612)
w(14,6269,3,24,613)
w(0,6270,3,24,614)
w(1,6271,3,24,615)
w(3,6272,3,24,616)
w(6,6273,3,24,617)
w(0,6274,3,24,618)
w(2,6275,3,24,619)
w(0,6276,3,24,620)
w(1,6277,3,24,621)
w(0,6278,3,24,622)
w(4,6279,3,24,623)
w(3,6280,3,24,624)
