r(2,8020,5,1,25)
r(8,8003,5,1,26)
r(0,8025,5,1,27)
r(0,8025,5,1,28)
r(0,8025,5,1,29)
w(19,10013,5,1,30)
w(0,10014,5,1,31)
w(12,10015,5,1,32)
w(7,10016,5,1,33)
w(2,10017,5,1,34)
w(2,10018,5,1,35)
w(13,10019,5,1,36)
w(4,10020,5,1,37)
w(0,10021,5,1,38)
w(0,10022,5,1,39)
w(1,10023,5,1,40)
w(2,10024,5,1,41)
w(2,10025,5,1,42)
w(3,10026,5,1,43)
w(3,10027,5,1,44)
w(1,10028,5,1,45)
w(1,10029,5,1,46)
w(0,10030,5,1,47)
w(7,10031,5,1,48)
w(9,10032,5,1,49)
r(0,6010,5,2,50)
r(16,2006,5,2,51)
r(0,6010,5,2,52)
r(0,6010,5,2,53)
r(5,8023,5,2,54)
r(0,6010,5,2,55)
r(0,6010,5,2,56)
r(0,6010,5,2,57)
r(1,10029,5,2,58)
r(11,8015,5,2,59)
r(0,6010,5,2,60)
r(16,2006,5,2,61)
r(14,6008,5,2,62)
r(1,10029,5,2,63)
r(3,10027,5,2,64)
r(1,10029,5,2,65)
r(3,10027,5,2,66)
r(3,10027,5,2,67)
r(6,6011,5,2,68)
r(1,10029,5,2,69)
r(2,10025,5,2,70)
r(0,6010,5,2,71)
r(1,10029,5,2,72)
r(0,6010,5,2,73)
r(2,10025,5,2,74)
r(0,2036,5,4,100)
r(0,2036,5,4,101)
r(8,8003,5,4,102)
r(1,6021,5,4,103)
r(0,2036,5,4,104)
r(0,2036,5,4,105)
r(4,2030,5,4,106)
r(8,8003,5,4,107)
r(0,2036,5,4,108)
r(0,2036,5,4,109)
r(8,8003,5,4,110)
r(3,2028,5,4,111)
r(10,10044,5,4,112)
r(12,10015,5,4,113)
r(2,2031,5,4,114)
r(1,6021,5,4,115)
r(1,6021,5,4,116)
r(19,10013,5,4,117)
r(4,2030,5,4,118)
r(4,2030,5,4,119)
r(18,2029,5,4,120)
r(2,2031,5,4,121)
r(12,10015,5,4,122)
r(16,2006,5,4,123)
r(1,6021,5,4,124)
w(16,10045,5,5,125)
w(8,10046,5,5,126)
w(8,10047,5,5,127)
w(2,10048,5,5,128)
w(10,10049,5,5,129)
w(5,10050,5,5,130)
w(0,10051,5,5,131)
w(14,10052,5,5,132)
w(4,10053,5,5,133)
w(0,10054,5,5,134)
w(4,10055,5,5,135)
w(4,10056,5,5,136)
w(0,10057,5,5,137)
w(4,10058,5,5,138)
w(7,10059,5,5,139)
w(0,10060,5,5,140)
w(5,10061,5,5,141)
w(7,10062,5,5,142)
w(11,10063,5,5,143)
w(6,10064,5,5,144)
w(2,10065,5,5,145)
w(0,10066,5,5,146)
w(15,10067,5,5,147)
w(14,10068,5,5,148)
w(0,10069,5,5,149)
r(19,10013,5,6,150)
r(0,10069,5,6,151)
r(1,43,5,6,152)
r(12,8053,5,6,153)
r(2,10065,5,6,154)
r(2,10065,5,6,155)
r(2,10065,5,6,156)
r(0,10069,5,6,157)
r(16,10045,5,6,158)
r(0,10069,5,6,159)
r(0,10069,5,6,160)
r(13,6025,5,6,161)
r(16,10045,5,6,162)
r(12,8053,5,6,163)
w(0,10070,5,6,164)
w(3,10071,5,6,165)
w(0,10072,5,6,166)
w(3,10073,5,6,167)
w(4,10074,5,6,168)
w(5,10075,5,6,169)
w(10,10076,5,6,170)
w(9,10077,5,6,171)
w(2,10078,5,6,172)
w(12,10079,5,6,173)
w(0,10080,5,6,174)
w(6,10081,5,7,175)
w(7,10082,5,7,176)
w(5,10083,5,7,177)
w(0,10084,5,7,178)
w(7,10085,5,7,179)
w(0,10086,5,7,180)
w(0,10087,5,7,181)
w(14,10088,5,7,182)
w(12,10089,5,7,183)
w(0,10090,5,7,184)
w(1,10091,5,7,185)
w(5,10092,5,7,186)
w(1,10093,5,7,187)
w(2,10094,5,7,188)
w(4,10095,5,7,189)
w(4,10096,5,7,190)
w(3,10097,5,7,191)
w(0,10098,5,7,192)
w(4,10099,5,7,193)
w(3,10100,5,7,194)
w(16,10101,5,7,195)
w(2,10102,5,7,196)
w(14,10103,5,7,197)
w(0,10104,5,7,198)
w(0,10105,5,7,199)
r(0,8082,5,8,200)
r(2,8089,5,8,201)
r(2,8089,5,8,202)
r(18,8062,5,8,203)
r(0,8082,5,8,204)
r(0,8082,5,8,205)
r(0,8082,5,8,206)
r(6,8090,5,8,207)
w(1,10106,5,8,208)
w(1,10107,5,8,209)
w(1,10108,5,8,210)
w(16,10109,5,8,211)
w(2,10110,5,8,212)
w(1,10111,5,8,213)
w(3,10112,5,8,214)
w(0,10113,5,8,215)
w(6,10114,5,8,216)
w(10,10115,5,8,217)
w(1,10116,5,8,218)
w(2,10117,5,8,219)
w(3,10118,5,8,220)
w(2,10119,5,8,221)
w(1,10120,5,8,222)
w(4,10121,5,8,223)
w(0,10122,5,8,224)
r(14,8081,5,9,225)
r(0,6050,5,9,226)
r(8,6036,5,9,227)
r(4,10121,5,9,228)
r(0,6050,5,9,229)
r(3,6043,5,9,230)
r(4,10121,5,9,231)
r(1,6049,5,9,232)
r(7,6044,5,9,233)
r(10,10115,5,9,234)
r(3,6043,5,9,235)
r(0,6050,5,9,236)
r(1,6049,5,9,237)
r(17,2052,5,9,238)
r(0,6050,5,9,239)
r(0,6050,5,9,240)
r(0,6050,5,9,241)
r(4,10121,5,9,242)
r(13,6045,5,9,243)
r(0,6050,5,9,244)
r(12,10089,5,9,245)
r(14,8081,5,9,246)
r(1,6049,5,9,247)
r(3,6043,5,9,248)
r(1,6049,5,9,249)
r(0,6050,5,10,250)
r(5,8084,5,10,251)
r(2,10119,5,10,252)
r(1,6049,5,10,253)
r(2,10119,5,10,254)
r(0,6050,5,10,255)
r(0,6050,5,10,256)
r(10,10115,5,10,257)
r(2,10119,5,10,258)
w(0,10123,5,10,259)
w(2,10124,5,10,260)
w(13,10125,5,10,261)
w(10,10126,5,10,262)
w(4,10127,5,10,263)
w(3,10128,5,10,264)
w(13,10129,5,10,265)
w(10,10130,5,10,266)
w(3,10131,5,10,267)
w(1,10132,5,10,268)
w(6,10133,5,10,269)
w(2,10134,5,10,270)
w(1,10135,5,10,271)
w(18,10136,5,10,272)
w(10,10137,5,10,273)
w(0,10138,5,10,274)
r(2,10134,5,11,275)
r(9,6037,5,11,276)
r(3,10131,5,11,277)
r(0,10138,5,11,278)
r(7,6044,5,11,279)
r(9,6037,5,11,280)
r(16,97,5,11,281)
r(14,8081,5,11,282)
r(19,6042,5,11,283)
r(10,10137,5,11,284)
r(0,10138,5,11,285)
r(13,10129,5,11,286)
r(19,6042,5,11,287)
r(9,6037,5,11,288)
r(0,10138,5,11,289)
r(14,8081,5,11,290)
r(18,10136,5,11,291)
r(12,101,5,11,292)
r(0,10138,5,11,293)
r(3,10131,5,11,294)
r(0,10138,5,11,295)
r(7,6044,5,11,296)
r(0,10138,5,11,297)
r(0,10138,5,11,298)
r(0,10138,5,11,299)
r(0,10138,5,12,300)
r(6,10133,5,12,301)
r(0,10138,5,12,302)
r(2,10134,5,12,303)
r(0,10138,5,12,304)
r(2,10134,5,12,305)
r(14,8081,5,12,306)
r(0,10138,5,12,307)
r(0,10138,5,12,308)
r(0,10138,5,12,309)
r(12,101,5,12,310)
r(4,10127,5,12,311)
r(17,2052,5,12,312)
r(0,10138,5,12,313)
r(18,10136,5,12,314)
r(4,10127,5,12,315)
r(5,2068,5,12,316)
r(0,10138,5,12,317)
r(1,10135,5,12,318)
r(0,10138,5,12,319)
r(0,10138,5,12,320)
r(6,10133,5,12,321)
r(7,6044,5,12,322)
r(8,2070,5,12,323)
r(2,10134,5,12,324)
r(2,106,5,13,325)
r(10,6075,5,13,326)
r(2,106,5,13,327)
r(0,108,5,13,328)
r(13,6069,5,13,329)
r(18,10136,5,13,330)
r(7,6070,5,13,331)
r(1,6076,5,13,332)
r(1,6076,5,13,333)
r(3,6074,5,13,334)
r(3,6074,5,13,335)
w(18,10139,5,13,336)
w(0,10140,5,13,337)
w(16,10141,5,13,338)
w(0,10142,5,13,339)
w(7,10143,5,13,340)
w(8,10144,5,13,341)
w(2,10145,5,13,342)
w(10,10146,5,13,343)
w(6,10147,5,13,344)
w(1,10148,5,13,345)
w(3,10149,5,13,346)
w(11,10150,5,13,347)
w(2,10151,5,13,348)
w(2,10152,5,13,349)
w(0,10153,5,14,350)
w(1,10154,5,14,351)
w(0,10155,5,14,352)
w(0,10156,5,14,353)
w(3,10157,5,14,354)
w(0,10158,5,14,355)
w(2,10159,5,14,356)
w(2,10160,5,14,357)
w(13,10161,5,14,358)
w(0,10162,5,14,359)
w(4,10163,5,14,360)
w(0,10164,5,14,361)
w(2,10165,5,14,362)
w(0,10166,5,14,363)
w(0,10167,5,14,364)
w(1,10168,5,14,365)
w(0,10169,5,14,366)
w(19,10170,5,14,367)
w(7,10171,5,14,368)
w(7,10172,5,14,369)
w(5,10173,5,14,370)
w(1,10174,5,14,371)
w(0,10175,5,14,372)
w(0,10176,5,14,373)
w(1,10177,5,14,374)
r(5,10173,5,15,375)
r(5,10173,5,15,376)
r(0,6101,5,15,377)
r(0,6101,5,15,378)
r(7,10172,5,15,379)
r(10,115,5,15,380)
r(7,10172,5,15,381)
r(19,10170,5,15,382)
r(0,6101,5,15,383)
r(3,10157,5,15,384)
r(15,8063,5,15,385)
r(13,6099,5,15,386)
r(1,6095,5,15,387)
r(1,6095,5,15,388)
r(1,6095,5,15,389)
r(0,6101,5,15,390)
r(0,6101,5,15,391)
r(13,6099,5,15,392)
r(11,6092,5,15,393)
r(7,10172,5,15,394)
r(0,6101,5,15,395)
r(2,6103,5,15,396)
r(13,6099,5,15,397)
r(8,6096,5,15,398)
r(0,6101,5,15,399)
r(0,136,5,16,400)
r(18,6097,5,16,401)
r(0,136,5,16,402)
r(10,115,5,16,403)
r(1,134,5,16,404)
r(5,10173,5,16,405)
r(2,129,5,16,406)
r(2,129,5,16,407)
r(1,134,5,16,408)
r(14,6102,5,16,409)
r(1,134,5,16,410)
r(3,10157,5,16,411)
r(0,136,5,16,412)
r(6,128,5,16,413)
r(9,6090,5,16,414)
r(1,134,5,16,415)
r(5,10173,5,16,416)
r(5,10173,5,16,417)
r(0,136,5,16,418)
r(19,10170,5,16,419)
r(2,129,5,16,420)
r(8,6096,5,16,421)
r(4,10163,5,16,422)
r(3,10157,5,16,423)
r(3,10157,5,16,424)
r(0,8132,5,17,425)
r(1,8122,5,17,426)
r(1,8122,5,17,427)
r(13,138,5,17,428)
r(1,8122,5,17,429)
r(0,8132,5,17,430)
r(1,8122,5,17,431)
r(4,10163,5,17,432)
r(0,8132,5,17,433)
w(3,10178,5,17,434)
w(0,10179,5,17,435)
w(13,10180,5,17,436)
w(0,10181,5,17,437)
w(1,10182,5,17,438)
w(1,10183,5,17,439)
w(2,10184,5,17,440)
w(1,10185,5,17,441)
w(2,10186,5,17,442)
w(8,10187,5,17,443)
w(0,10188,5,17,444)
w(14,10189,5,17,445)
w(1,10190,5,17,446)
w(13,10191,5,17,447)
w(1,10192,5,17,448)
w(3,10193,5,17,449)
w(1,10219,5,19,475)
w(5,10220,5,19,476)
w(6,10221,5,19,477)
w(1,10222,5,19,478)
w(0,10223,5,19,479)
w(0,10224,5,19,480)
w(5,10225,5,19,481)
w(1,10226,5,19,482)
w(0,10227,5,19,483)
w(0,10228,5,19,484)
w(9,10229,5,19,485)
w(4,10230,5,19,486)
w(2,10231,5,19,487)
w(2,10232,5,19,488)
w(10,10233,5,19,489)
w(7,10234,5,19,490)
w(17,10235,5,19,491)
w(6,10236,5,19,492)
w(19,10237,5,19,493)
w(6,10238,5,19,494)
w(9,10239,5,19,495)
w(2,10240,5,19,496)
w(1,10241,5,19,497)
w(0,10242,5,19,498)
w(8,10243,5,19,499)
r(5,2124,5,20,500)
r(5,2124,5,20,501)
r(3,2108,5,20,502)
r(6,8179,5,20,503)
r(11,8177,5,20,504)
r(2,2125,5,20,505)
r(10,8169,5,20,506)
r(3,2108,5,20,507)
r(2,2125,5,20,508)
r(6,8179,5,20,509)
r(0,2126,5,20,510)
r(7,8162,5,20,511)
r(0,2126,5,20,512)
r(0,2126,5,20,513)
w(0,10244,5,20,514)
w(16,10245,5,20,515)
w(2,10246,5,20,516)
w(0,10247,5,20,517)
w(0,10248,5,20,518)
w(0,10249,5,20,519)
w(5,10250,5,20,520)
w(2,10251,5,20,521)
w(0,10252,5,20,522)
w(18,10253,5,20,523)
w(2,10254,5,20,524)
r(2,8276,5,24,600)
r(2,8276,5,24,601)
r(2,8276,5,24,602)
r(2,8276,5,24,603)
r(0,8281,5,24,604)
r(2,8276,5,24,605)
r(2,8276,5,24,606)
r(1,8277,5,24,607)
r(1,8277,5,24,608)
r(7,8270,5,24,609)
r(2,8276,5,24,610)
r(18,6203,5,24,611)
r(17,8168,5,24,612)
r(1,8277,5,24,613)
r(7,8270,5,24,614)
r(9,8264,5,24,615)
r(1,8277,5,24,616)
r(4,8271,5,24,617)
r(0,8281,5,24,618)
r(0,8281,5,24,619)
r(14,2183,5,24,620)
r(4,8271,5,24,621)
r(0,8281,5,24,622)
r(0,8281,5,24,623)
r(1,8277,5,24,624)
r(0,8281,5,25,625)
r(0,8281,5,25,626)
r(3,8268,5,25,627)
r(6,10297,5,25,628)
r(0,8281,5,25,629)
r(0,8281,5,25,630)
r(14,2183,5,25,631)
r(2,8276,5,25,632)
r(2,8276,5,25,633)
r(9,8264,5,25,634)
r(9,8264,5,25,635)
w(3,10301,5,25,636)
w(0,10302,5,25,637)
w(15,10303,5,25,638)
w(1,10304,5,25,639)
w(17,10305,5,25,640)
w(12,10306,5,25,641)
w(0,10307,5,25,642)
w(0,10308,5,25,643)
w(0,10309,5,25,644)
w(1,10310,5,25,645)
w(14,10311,5,25,646)
w(4,10312,5,25,647)
w(0,10313,5,25,648)
w(2,10314,5,25,649)
w(8,10315,5,26,650)
w(14,10316,5,26,651)
w(6,10317,5,26,652)
w(3,10318,5,26,653)
w(13,10319,5,26,654)
w(19,10320,5,26,655)
w(0,10321,5,26,656)
w(0,10322,5,26,657)
w(0,10323,5,26,658)
w(8,10324,5,26,659)
w(0,10325,5,26,660)
w(0,10326,5,26,661)
w(5,10327,5,26,662)
w(5,10328,5,26,663)
w(12,10329,5,26,664)
w(6,10330,5,26,665)
w(3,10331,5,26,666)
w(2,10332,5,26,667)
w(0,10333,5,26,668)
w(11,10334,5,26,669)
w(2,10335,5,26,670)
w(0,10336,5,26,671)
w(11,10337,5,26,672)
w(1,10338,5,26,673)
w(0,10339,5,26,674)
