r(0,6258,4,9,225)
r(1,6250,4,9,226)
r(15,6207,4,9,227)
r(17,6251,4,9,228)
r(16,4283,4,9,229)
r(3,6248,4,9,230)
r(4,4287,4,9,231)
r(1,6250,4,9,232)
r(8,6245,4,9,233)
r(5,6224,4,9,234)
r(3,6248,4,9,235)
r(0,6258,4,9,236)
r(5,6224,4,9,237)
r(0,6258,4,9,238)
r(13,6261,4,9,239)
r(2,6252,4,9,240)
r(1,6250,4,9,241)
r(4,4287,4,9,242)
r(2,6252,4,9,243)
r(15,6207,4,9,244)
r(15,6207,4,9,245)
r(2,6252,4,9,246)
r(0,6258,4,9,247)
r(2,6252,4,9,248)
r(0,6258,4,9,249)
r(6,6237,4,10,250)
r(0,6258,4,10,251)
r(1,6250,4,10,252)
r(1,6250,4,10,253)
r(15,6207,4,10,254)
r(6,6237,4,10,255)
r(8,6245,4,10,256)
r(6,6237,4,10,257)
r(0,6258,4,10,258)
r(2,6252,4,10,259)
r(4,4287,4,10,260)
r(1,6250,4,10,261)
r(0,6258,4,10,262)
w(3,8132,4,10,263)
w(1,8133,4,10,264)
w(0,8134,4,10,265)
w(2,8135,4,10,266)
w(0,8136,4,10,267)
w(1,8137,4,10,268)
w(1,8138,4,10,269)
w(8,8139,4,10,270)
w(6,8140,4,10,271)
w(0,8141,4,10,272)
w(2,8142,4,10,273)
w(16,8143,4,10,274)
r(5,6224,4,11,275)
r(0,8141,4,11,276)
r(5,6224,4,11,277)
r(16,8143,4,11,278)
r(0,8141,4,11,279)
r(10,4243,4,11,280)
r(7,6253,4,11,281)
r(10,4243,4,11,282)
r(13,6261,4,11,283)
r(9,6257,4,11,284)
r(17,6251,4,11,285)
r(5,6224,4,11,286)
r(2,8142,4,11,287)
r(5,6224,4,11,288)
r(0,8141,4,11,289)
r(0,8141,4,11,290)
r(3,8132,4,11,291)
r(19,6260,4,11,292)
r(2,8142,4,11,293)
r(2,8142,4,11,294)
r(19,6260,4,11,295)
r(0,8141,4,11,296)
r(5,6224,4,11,297)
r(0,8141,4,11,298)
r(0,8141,4,11,299)
w(1,8144,4,12,300)
w(0,8145,4,12,301)
w(1,8146,4,12,302)
w(0,8147,4,12,303)
w(6,8148,4,12,304)
w(2,8149,4,12,305)
w(0,8150,4,12,306)
w(7,8151,4,12,307)
w(3,8152,4,12,308)
w(3,8153,4,12,309)
w(2,8154,4,12,310)
w(2,8155,4,12,311)
w(7,8156,4,12,312)
w(0,8157,4,12,313)
w(1,8158,4,12,314)
w(1,8159,4,12,315)
w(0,8160,4,12,316)
w(10,8161,4,12,317)
w(2,8162,4,12,318)
w(4,8163,4,12,319)
w(0,8164,4,12,320)
w(6,8165,4,12,321)
w(11,8166,4,12,322)
w(15,8167,4,12,323)
w(2,8168,4,12,324)
r(4,8163,4,13,325)
r(2,8168,4,13,326)
r(7,8156,4,13,327)
r(3,8153,4,13,328)
r(18,6259,4,13,329)
r(0,8164,4,13,330)
r(0,8164,4,13,331)
r(0,8164,4,13,332)
r(6,8165,4,13,333)
r(3,8153,4,13,334)
r(1,8159,4,13,335)
r(6,8165,4,13,336)
r(1,8159,4,13,337)
r(0,8164,4,13,338)
r(0,8164,4,13,339)
r(0,8164,4,13,340)
r(8,8139,4,13,341)
r(7,8156,4,13,342)
r(2,8168,4,13,343)
r(0,8164,4,13,344)
r(11,8166,4,13,345)
r(13,6261,4,13,346)
r(1,8159,4,13,347)
r(1,8159,4,13,348)
r(16,8143,4,13,349)
w(1,8169,4,14,350)
w(0,8170,4,14,351)
w(5,8171,4,14,352)
w(1,8172,4,14,353)
w(0,8173,4,14,354)
w(0,8174,4,14,355)
w(2,8175,4,14,356)
w(0,8176,4,14,357)
w(0,8177,4,14,358)
w(9,8178,4,14,359)
w(8,8179,4,14,360)
w(0,8180,4,14,361)
w(3,8181,4,14,362)
w(6,8182,4,14,363)
w(0,8183,4,14,364)
w(19,8184,4,14,365)
w(3,8185,4,14,366)
w(4,8186,4,14,367)
w(8,8187,4,14,368)
w(0,8188,4,14,369)
w(0,8189,4,14,370)
w(7,8190,4,14,371)
w(5,8191,4,14,372)
w(7,8192,4,14,373)
w(4,8193,4,14,374)
w(3,8194,4,15,375)
w(3,8195,4,15,376)
w(2,8196,4,15,377)
w(7,8197,4,15,378)
w(0,8198,4,15,379)
w(11,8199,4,15,380)
w(6,8200,4,15,381)
w(0,8201,4,15,382)
w(13,8202,4,15,383)
w(13,8203,4,15,384)
w(15,8204,4,15,385)
w(3,8205,4,15,386)
w(1,8206,4,15,387)
w(8,8207,4,15,388)
w(9,8208,4,15,389)
w(17,8209,4,15,390)
w(9,8210,4,15,391)
w(3,8211,4,15,392)
w(3,8212,4,15,393)
w(0,8213,4,15,394)
w(1,8214,4,15,395)
w(12,8215,4,15,396)
w(8,8216,4,15,397)
w(2,8217,4,15,398)
w(17,8218,4,15,399)
r(0,8213,4,16,400)
r(0,8213,4,16,401)
r(0,8213,4,16,402)
r(0,8213,4,16,403)
r(2,8217,4,16,404)
r(0,8213,4,16,405)
r(1,8214,4,16,406)
r(8,8216,4,16,407)
r(6,8200,4,16,408)
r(0,8213,4,16,409)
r(3,8212,4,16,410)
r(5,8191,4,16,411)
r(2,8217,4,16,412)
r(9,8210,4,16,413)
r(0,8213,4,16,414)
r(6,8200,4,16,415)
r(4,8193,4,16,416)
r(1,8214,4,16,417)
r(0,8213,4,16,418)
r(14,4244,4,16,419)
r(1,8214,4,16,420)
r(1,8214,4,16,421)
r(8,8216,4,16,422)
r(1,8214,4,16,423)
r(1,8214,4,16,424)
w(0,8219,4,17,425)
w(0,8220,4,17,426)
w(7,8221,4,17,427)
w(1,8222,4,17,428)
w(0,8223,4,17,429)
w(6,8224,4,17,430)
w(1,8225,4,17,431)
w(0,8226,4,17,432)
w(1,8227,4,17,433)
w(6,8228,4,17,434)
w(10,8229,4,17,435)
w(14,8230,4,17,436)
w(0,8231,4,17,437)
w(0,8232,4,17,438)
w(1,8233,4,17,439)
w(2,8234,4,17,440)
w(8,8235,4,17,441)
w(12,8236,4,17,442)
w(2,8237,4,17,443)
w(12,8238,4,17,444)
w(8,8239,4,17,445)
w(5,8240,4,17,446)
w(17,8241,4,17,447)
w(0,8242,4,17,448)
w(0,8243,4,17,449)
r(5,8240,4,18,450)
r(18,6259,4,18,451)
r(8,8239,4,18,452)
r(0,8243,4,18,453)
r(10,8229,4,18,454)
r(6,8228,4,18,455)
r(0,8243,4,18,456)
r(1,8233,4,18,457)
r(18,6259,4,18,458)
r(0,8243,4,18,459)
r(7,8221,4,18,460)
r(0,8243,4,18,461)
r(1,8233,4,18,462)
w(1,8244,4,18,463)
w(2,8245,4,18,464)
w(0,8246,4,18,465)
w(12,8247,4,18,466)
w(1,8248,4,18,467)
w(0,8249,4,18,468)
w(0,8250,4,18,469)
w(0,8251,4,18,470)
w(2,8252,4,18,471)
w(4,8253,4,18,472)
w(1,8254,4,18,473)
w(3,8255,4,18,474)
r(9,8210,4,19,475)
r(1,8254,4,19,476)
r(0,8251,4,19,477)
r(0,8251,4,19,478)
r(19,8184,4,19,479)
r(1,8254,4,19,480)
r(8,8239,4,19,481)
r(2,8252,4,19,482)
r(14,8230,4,19,483)
r(1,8254,4,19,484)
r(1,8254,4,19,485)
r(10,8229,4,19,486)
r(5,8240,4,19,487)
r(14,8230,4,19,488)
r(1,8254,4,19,489)
r(15,8204,4,19,490)
w(7,8256,4,19,491)
w(5,8257,4,19,492)
w(0,8258,4,19,493)
w(0,8259,4,19,494)
w(2,8260,4,19,495)
w(2,8261,4,19,496)
w(6,8262,4,19,497)
w(7,8263,4,19,498)
w(0,8264,4,19,499)
r(6,8262,4,20,500)
r(2,8261,4,20,501)
r(0,8264,4,20,502)
r(0,8264,4,20,503)
r(1,8254,4,20,504)
r(0,8264,4,20,505)
r(6,8262,4,20,506)
r(1,8254,4,20,507)
r(8,8239,4,20,508)
r(0,8264,4,20,509)
w(1,8265,4,20,510)
w(11,8266,4,20,511)
w(0,8267,4,20,512)
w(1,8268,4,20,513)
w(0,8269,4,20,514)
w(4,8270,4,20,515)
w(15,8271,4,20,516)
w(6,8272,4,20,517)
w(8,8273,4,20,518)
w(0,8274,4,20,519)
w(1,8275,4,20,520)
w(0,8276,4,20,521)
w(6,8277,4,20,522)
w(2,8278,4,20,523)
w(6,8279,4,20,524)
r(1,8275,4,21,525)
r(0,8276,4,21,526)
r(0,8276,4,21,527)
r(4,8270,4,21,528)
r(1,8275,4,21,529)
r(9,8210,4,21,530)
r(2,8278,4,21,531)
r(1,8275,4,21,532)
r(0,8276,4,21,533)
r(2,8278,4,21,534)
r(1,8275,4,21,535)
r(0,8276,4,21,536)
r(0,8276,4,21,537)
r(4,8270,4,21,538)
r(8,8273,4,21,539)
r(15,8271,4,21,540)
r(0,8276,4,21,541)
r(1,8275,4,21,542)
r(18,6259,4,21,543)
r(15,8271,4,21,544)
r(8,8273,4,21,545)
r(18,6259,4,21,546)
r(17,8241,4,21,547)
r(0,8276,4,21,548)
r(13,8203,4,21,549)
w(3,8280,4,22,550)
w(0,8281,4,22,551)
w(0,8282,4,22,552)
w(15,8283,4,22,553)
w(13,8284,4,22,554)
w(8,8285,4,22,555)
w(3,8286,4,22,556)
w(14,8287,4,22,557)
w(18,8288,4,22,558)
w(0,8289,4,22,559)
w(7,8290,4,22,560)
w(1,8291,4,22,561)
w(0,8292,4,22,562)
w(1,8293,4,22,563)
w(0,8294,4,22,564)
w(6,8295,4,22,565)
w(14,8296,4,22,566)
w(7,8297,4,22,567)
w(1,8298,4,22,568)
w(11,8299,4,22,569)
w(14,8300,4,22,570)
w(0,8301,4,22,571)
w(0,8302,4,22,572)
w(1,8303,4,22,573)
w(0,8304,4,22,574)
r(12,8247,4,23,575)
r(0,8304,4,23,576)
r(1,8303,4,23,577)
r(6,8295,4,23,578)
r(8,8285,4,23,579)
r(4,8270,4,23,580)
r(18,8288,4,23,581)
r(4,8270,4,23,582)
r(1,8303,4,23,583)
r(15,8283,4,23,584)
r(2,8278,4,23,585)
r(19,8184,4,23,586)
r(12,8247,4,23,587)
r(0,8304,4,23,588)
r(6,8295,4,23,589)
r(4,8270,4,23,590)
r(0,8304,4,23,591)
r(2,8278,4,23,592)
r(12,8247,4,23,593)
r(4,8270,4,23,594)
r(0,8304,4,23,595)
r(1,8303,4,23,596)
r(0,8304,4,23,597)
r(1,8303,4,23,598)
r(2,8278,4,23,599)
w(0,8305,4,24,600)
w(0,8306,4,24,601)
w(9,8307,4,24,602)
w(11,8308,4,24,603)
w(2,8309,4,24,604)
w(11,8310,4,24,605)
w(0,8311,4,24,606)
w(18,8312,4,24,607)
w(8,8313,4,24,608)
w(14,8314,4,24,609)
w(1,8315,4,24,610)
w(0,8316,4,24,611)
w(6,8317,4,24,612)
w(0,8318,4,24,613)
w(16,8319,4,24,614)
w(8,8320,4,24,615)
w(0,8321,4,24,616)
w(1,8322,4,24,617)
w(4,8323,4,24,618)
w(15,8324,4,24,619)
w(11,8325,4,24,620)
w(13,8326,4,24,621)
w(3,8327,4,24,622)
w(3,8328,4,24,623)
w(1,8329,4,24,624)
r(1,8329,4,25,625)
r(5,8257,4,25,626)
r(9,8307,4,25,627)
r(1,8329,4,25,628)
r(1,8329,4,25,629)
r(0,8321,4,25,630)
r(12,8247,4,25,631)
r(0,8321,4,25,632)
r(12,8247,4,25,633)
r(6,8317,4,25,634)
r(0,8321,4,25,635)
r(1,8329,4,25,636)
r(9,8307,4,25,637)
r(0,8321,4,25,638)
r(0,8321,4,25,639)
r(17,8241,4,25,640)
r(4,8323,4,25,641)
r(0,8321,4,25,642)
r(8,8320,4,25,643)
r(4,8323,4,25,644)
r(4,8323,4,25,645)
r(0,8321,4,25,646)
r(2,8309,4,25,647)
r(6,8317,4,25,648)
r(1,8329,4,25,649)
r(1,8329,4,26,650)
r(8,8320,4,26,651)
r(0,8321,4,26,652)
r(0,8321,4,26,653)
r(0,8321,4,26,654)
r(11,8325,4,26,655)
r(18,8312,4,26,656)
r(2,8309,4,26,657)
r(1,8329,4,26,658)
r(0,8321,4,26,659)
r(9,8307,4,26,660)
r(1,8329,4,26,661)
r(0,8321,4,26,662)
r(5,8257,4,26,663)
w(0,8330,4,26,664)
w(2,8331,4,26,665)
w(6,8332,4,26,666)
w(11,8333,4,26,667)
w(4,8334,4,26,668)
w(0,8335,4,26,669)
w(0,8336,4,26,670)
w(5,8337,4,26,671)
w(13,8338,4,26,672)
w(0,8339,4,26,673)
w(0,8340,4,26,674)
r(7,8297,4,27,675)
r(18,8312,4,27,676)
r(0,8340,4,27,677)
r(0,8340,4,27,678)
r(4,8334,4,27,679)
r(1,8329,4,27,680)
r(3,8328,4,27,681)
r(6,8332,4,27,682)
r(0,8340,4,27,683)
r(13,8338,4,27,684)
r(5,8337,4,27,685)
r(10,8229,4,27,686)
r(1,8329,4,27,687)
r(0,8340,4,27,688)
r(10,8229,4,27,689)
r(0,8340,4,27,690)
r(0,8340,4,27,691)
r(4,8334,4,27,692)
r(2,8331,4,27,693)
r(0,8340,4,27,694)
r(3,8328,4,27,695)
r(0,8340,4,27,696)
r(4,8334,4,27,697)
r(0,8340,4,27,698)
r(2,8331,4,27,699)
r(0,8340,4,28,700)
r(5,8337,4,28,701)
r(13,8338,4,28,702)
r(3,8328,4,28,703)
r(1,8329,4,28,704)
r(0,8340,4,28,705)
r(0,8340,4,28,706)
r(11,8333,4,28,707)
r(15,8324,4,28,708)
r(7,8297,4,28,709)
r(9,8307,4,28,710)
w(0,8341,4,28,711)
w(1,8342,4,28,712)
w(3,8343,4,28,713)
w(13,8344,4,28,714)
w(12,8345,4,28,715)
w(1,8346,4,28,716)
w(11,8347,4,28,717)
w(1,8348,4,28,718)
w(0,8349,4,28,719)
w(0,8350,4,28,720)
w(0,8351,4,28,721)
w(7,8352,4,28,722)
w(7,8353,4,28,723)
w(7,8354,4,28,724)
r(11,8347,4,29,725)
r(2,8331,4,29,726)
r(16,8319,4,29,727)
r(6,8332,4,29,728)
r(4,8334,4,29,729)
r(4,8334,4,29,730)
r(12,8345,4,29,731)
r(1,8348,4,29,732)
r(16,8319,4,29,733)
r(7,8354,4,29,734)
r(4,8334,4,29,735)
r(2,8331,4,29,736)
r(17,8241,4,29,737)
r(2,8331,4,29,738)
r(1,8348,4,29,739)
r(2,8331,4,29,740)
r(0,8351,4,29,741)
r(1,8348,4,29,742)
r(3,8343,4,29,743)
r(9,8307,4,29,744)
r(7,8354,4,29,745)
r(0,8351,4,29,746)
r(0,8351,4,29,747)
r(0,8351,4,29,748)
r(0,8351,4,29,749)
