w(5,6001,3,0,0)
w(2,6002,3,0,1)
w(6,6003,3,0,2)
w(6,6004,3,0,3)
w(1,6005,3,0,4)
w(1,6006,3,0,5)
w(18,6007,3,0,6)
w(11,6008,3,0,7)
w(5,6009,3,0,8)
w(3,6010,3,0,9)
w(3,6011,3,0,10)
w(3,6012,3,0,11)
w(16,6013,3,0,12)
w(0,6014,3,0,13)
w(5,6015,3,0,14)
w(0,6016,3,0,15)
w(3,6017,3,0,16)
w(4,6018,3,0,17)
w(10,6019,3,0,18)
w(5,6020,3,0,19)
w(2,6021,3,0,20)
w(3,6022,3,0,21)
w(4,6023,3,0,22)
w(2,6024,3,0,23)
w(6,6025,3,0,24)
r(2,6024,3,1,25)
r(18,6007,3,1,26)
r(10,6019,3,1,27)
r(3,6022,3,1,28)
r(1,6006,3,1,29)
r(5,6020,3,1,30)
r(17,0,3,1,31)
r(0,6016,3,1,32)
r(0,6016,3,1,33)
r(0,6016,3,1,34)
r(2,6024,3,1,35)
r(1,6006,3,1,36)
r(14,0,3,1,37)
w(11,6026,3,1,38)
w(5,6027,3,1,39)
w(3,6028,3,1,40)
w(5,6029,3,1,41)
w(8,6030,3,1,42)
w(14,6031,3,1,43)
w(2,6032,3,1,44)
w(0,6033,3,1,45)
w(19,6034,3,1,46)
w(5,6035,3,1,47)
w(2,6036,3,1,48)
w(14,6037,3,1,49)
r(4,4039,3,2,50)
r(1,4050,3,2,51)
r(10,4038,3,2,52)
r(0,6033,3,2,53)
r(1,4050,3,2,54)
r(4,4039,3,2,55)
r(3,6028,3,2,56)
r(1,4050,3,2,57)
r(18,6007,3,2,58)
r(0,6033,3,2,59)
r(0,6033,3,2,60)
r(2,6036,3,2,61)
w(0,6038,3,2,62)
w(5,6039,3,2,63)
w(0,6040,3,2,64)
w(14,6041,3,2,65)
w(5,6042,3,2,66)
w(0,6043,3,2,67)
w(3,6044,3,2,68)
w(6,6045,3,2,69)
w(1,6046,3,2,70)
w(1,6047,3,2,71)
w(2,6048,3,2,72)
w(2,6049,3,2,73)
w(14,6050,3,2,74)
r(3,4086,3,3,75)
r(2,4085,3,3,76)
r(1,4078,3,3,77)
r(3,4086,3,3,78)
r(1,4078,3,3,79)
r(2,4085,3,3,80)
r(11,4054,3,3,81)
r(1,4078,3,3,82)
r(2,4085,3,3,83)
r(1,4078,3,3,84)
r(1,4078,3,3,85)
r(0,4087,3,3,86)
r(4,4073,3,3,87)
r(3,4086,3,3,88)
r(13,4075,3,3,89)
r(16,4064,3,3,90)
r(1,4078,3,3,91)
r(6,6045,3,3,92)
r(1,4078,3,3,93)
r(0,4087,3,3,94)
r(0,4087,3,3,95)
r(0,4087,3,3,96)
r(9,0,3,3,97)
r(10,4084,3,3,98)
r(1,4078,3,3,99)
r(7,4061,3,4,100)
r(19,6034,3,4,101)
r(2,4085,3,4,102)
r(4,4073,3,4,103)
r(0,4087,3,4,104)
r(0,4087,3,4,105)
r(18,6007,3,4,106)
r(0,4087,3,4,107)
r(7,4061,3,4,108)
r(9,0,3,4,109)
r(6,6045,3,4,110)
r(14,6050,3,4,111)
w(0,6051,3,4,112)
w(5,6052,3,4,113)
w(0,6053,3,4,114)
w(16,6054,3,4,115)
w(1,6055,3,4,116)
w(1,6056,3,4,117)
w(6,6057,3,4,118)
w(2,6058,3,4,119)
w(3,6059,3,4,120)
w(0,6060,3,4,121)
w(4,6061,3,4,122)
w(0,6062,3,4,123)
w(9,6063,3,4,124)
r(1,6056,3,5,125)
r(6,6057,3,5,126)
r(5,6052,3,5,127)
r(1,6056,3,5,128)
r(6,6057,3,5,129)
r(4,6061,3,5,130)
r(17,4059,3,5,131)
r(4,6061,3,5,132)
w(1,6064,3,5,133)
w(1,6065,3,5,134)
w(0,6066,3,5,135)
w(3,6067,3,5,136)
w(0,6068,3,5,137)
w(15,6069,3,5,138)
w(0,6070,3,5,139)
w(2,6071,3,5,140)
w(6,6072,3,5,141)
w(3,6073,3,5,142)
w(2,6074,3,5,143)
w(0,6075,3,5,144)
w(2,6076,3,5,145)
w(0,6077,3,5,146)
w(0,6078,3,5,147)
w(8,6079,3,5,148)
w(0,6080,3,5,149)
r(0,6080,3,6,150)
r(1,6065,3,6,151)
r(0,6080,3,6,152)
r(8,6079,3,6,153)
r(3,6073,3,6,154)
r(13,4075,3,6,155)
r(14,6050,3,6,156)
r(1,6065,3,6,157)
r(6,6072,3,6,158)
r(8,6079,3,6,159)
r(2,6076,3,6,160)
r(0,6080,3,6,161)
r(1,6065,3,6,162)
r(3,6073,3,6,163)
w(12,6081,3,6,164)
w(17,6082,3,6,165)
w(5,6083,3,6,166)
w(9,6084,3,6,167)
w(1,6085,3,6,168)
w(10,6086,3,6,169)
w(3,6087,3,6,170)
w(12,6088,3,6,171)
w(1,6089,3,6,172)
w(1,6090,3,6,173)
w(0,6091,3,6,174)
r(5,6083,3,7,175)
r(0,6091,3,7,176)
r(2,4117,3,7,177)
r(10,6086,3,7,178)
r(2,4117,3,7,179)
r(5,6083,3,7,180)
r(3,4132,3,7,181)
r(11,4103,3,7,182)
r(0,6091,3,7,183)
r(12,6088,3,7,184)
r(4,4131,3,7,185)
r(0,6091,3,7,186)
r(1,4133,3,7,187)
w(4,6092,3,7,188)
w(0,6093,3,7,189)
w(17,6094,3,7,190)
w(0,6095,3,7,191)
w(10,6096,3,7,192)
w(2,6097,3,7,193)
w(1,6098,3,7,194)
w(3,6099,3,7,195)
w(7,6100,3,7,196)
w(11,6101,3,7,197)
w(1,6102,3,7,198)
w(2,6103,3,7,199)
w(1,6104,3,8,200)
w(2,6105,3,8,201)
w(7,6106,3,8,202)
w(11,6107,3,8,203)
w(1,6108,3,8,204)
w(3,6109,3,8,205)
w(8,6110,3,8,206)
w(8,6111,3,8,207)
w(6,6112,3,8,208)
w(0,6113,3,8,209)
w(4,6114,3,8,210)
w(2,6115,3,8,211)
w(17,6116,3,8,212)
w(5,6117,3,8,213)
w(11,6118,3,8,214)
w(2,6119,3,8,215)
w(0,6120,3,8,216)
w(10,6121,3,8,217)
w(1,6122,3,8,218)
w(0,6123,3,8,219)
w(1,6124,3,8,220)
w(0,6125,3,8,221)
w(0,6126,3,8,222)
w(2,6127,3,8,223)
w(8,6128,3,8,224)
r(4,6134,3,10,250)
r(4,6134,3,10,251)
r(1,6140,3,10,252)
r(0,4172,3,10,253)
r(8,4168,3,10,254)
r(0,4172,3,10,255)
r(0,4172,3,10,256)
r(2,4159,3,10,257)
r(0,4172,3,10,258)
r(0,4172,3,10,259)
r(0,4172,3,10,260)
w(1,6143,3,10,261)
w(3,6144,3,10,262)
w(3,6145,3,10,263)
w(1,6146,3,10,264)
w(4,6147,3,10,265)
w(0,6148,3,10,266)
w(1,6149,3,10,267)
w(1,6150,3,10,268)
w(11,6151,3,10,269)
w(0,6152,3,10,270)
w(6,6153,3,10,271)
w(6,6154,3,10,272)
w(2,6155,3,10,273)
w(5,6156,3,10,274)
r(2,4197,3,11,275)
r(5,4191,3,11,276)
r(0,4195,3,11,277)
r(3,6145,3,11,278)
r(0,4195,3,11,279)
r(6,6154,3,11,280)
r(19,4185,3,11,281)
r(0,4195,3,11,282)
r(3,6145,3,11,283)
r(8,4192,3,11,284)
r(0,4195,3,11,285)
r(19,4185,3,11,286)
r(0,4195,3,11,287)
r(18,4147,3,11,288)
r(0,4195,3,11,289)
r(5,4191,3,11,290)
r(1,4196,3,11,291)
r(3,6145,3,11,292)
r(6,6154,3,11,293)
r(0,4195,3,11,294)
r(3,6145,3,11,295)
r(2,4197,3,11,296)
r(13,4124,3,11,297)
r(0,4195,3,11,298)
r(8,4192,3,11,299)
r(10,4193,3,12,300)
r(0,4195,3,12,301)
r(3,6145,3,12,302)
r(8,4192,3,12,303)
r(9,4182,3,12,304)
r(3,6145,3,12,305)
r(4,4175,3,12,306)
r(0,4195,3,12,307)
r(12,4176,3,12,308)
r(0,4195,3,12,309)
r(0,4195,3,12,310)
r(13,4124,3,12,311)
r(3,6145,3,12,312)
w(16,6157,3,12,313)
w(3,6158,3,12,314)
w(1,6159,3,12,315)
w(2,6160,3,12,316)
w(3,6161,3,12,317)
w(0,6162,3,12,318)
w(0,6163,3,12,319)
w(3,6164,3,12,320)
w(0,6165,3,12,321)
w(0,6166,3,12,322)
w(5,6167,3,12,323)
w(4,6168,3,12,324)
r(10,4198,3,13,325)
r(0,4209,3,13,326)
r(1,4206,3,13,327)
r(11,4210,3,13,328)
r(0,4209,3,13,329)
r(0,4209,3,13,330)
r(0,4209,3,13,331)
r(0,4209,3,13,332)
r(2,4200,3,13,333)
r(2,4200,3,13,334)
r(2,4200,3,13,335)
r(5,4207,3,13,336)
r(0,4209,3,13,337)
r(4,6168,3,13,338)
r(12,4176,3,13,339)
r(3,6164,3,13,340)
r(11,4210,3,13,341)
r(11,4210,3,13,342)
r(2,4200,3,13,343)
r(0,4209,3,13,344)
r(1,4206,3,13,345)
r(5,4207,3,13,346)
r(0,4209,3,13,347)
r(11,4210,3,13,348)
r(3,6164,3,13,349)
r(1,4206,3,14,350)
r(3,6164,3,14,351)
r(3,6164,3,14,352)
r(5,4207,3,14,353)
r(1,4206,3,14,354)
r(1,4206,3,14,355)
r(3,6164,3,14,356)
w(2,6169,3,14,357)
w(0,6170,3,14,358)
w(0,6171,3,14,359)
w(8,6172,3,14,360)
w(0,6173,3,14,361)
w(2,6174,3,14,362)
w(2,6175,3,14,363)
w(13,6176,3,14,364)
w(15,6177,3,14,365)
w(0,6178,3,14,366)
w(0,6179,3,14,367)
w(9,6180,3,14,368)
w(1,6181,3,14,369)
w(6,6182,3,14,370)
w(11,6183,3,14,371)
w(6,6184,3,14,372)
w(9,6185,3,14,373)
w(2,6186,3,14,374)
r(14,4211,3,15,375)
r(2,6186,3,15,376)
r(7,4188,3,15,377)
r(0,6179,3,15,378)
r(8,6172,3,15,379)
r(10,4223,3,15,380)
r(4,4226,3,15,381)
r(18,4147,3,15,382)
r(0,6179,3,15,383)
r(5,4228,3,15,384)
r(14,4211,3,15,385)
r(8,6172,3,15,386)
r(0,6179,3,15,387)
r(8,6172,3,15,388)
r(3,4222,3,15,389)
r(1,6181,3,15,390)
r(6,6184,3,15,391)
r(13,6176,3,15,392)
r(6,6184,3,15,393)
r(10,4223,3,15,394)
r(5,4228,3,15,395)
r(5,4228,3,15,396)
r(6,6184,3,15,397)
r(0,6179,3,15,398)
r(3,4222,3,15,399)
r(14,4211,3,16,400)
r(18,4147,3,16,401)
r(7,4234,3,16,402)
r(1,4239,3,16,403)
r(2,4229,3,16,404)
r(10,4223,3,16,405)
r(19,4217,3,16,406)
r(0,4237,3,16,407)
r(16,6157,3,16,408)
r(1,4239,3,16,409)
w(2,6187,3,16,410)
w(2,6188,3,16,411)
w(0,6189,3,16,412)
w(1,6190,3,16,413)
w(7,6191,3,16,414)
w(1,6192,3,16,415)
w(15,6193,3,16,416)
w(0,6194,3,16,417)
w(2,6195,3,16,418)
w(12,6196,3,16,419)
w(1,6197,3,16,420)
w(8,6198,3,16,421)
w(0,6199,3,16,422)
w(1,6200,3,16,423)
w(1,6201,3,16,424)
r(0,4264,3,17,425)
r(2,4263,3,17,426)
r(1,4259,3,17,427)
r(5,4257,3,17,428)
r(18,4147,3,17,429)
r(0,4264,3,17,430)
r(3,4265,3,17,431)
r(6,6184,3,17,432)
r(0,4264,3,17,433)
r(3,4265,3,17,434)
r(5,4257,3,17,435)
r(1,4259,3,17,436)
r(0,4264,3,17,437)
r(0,4264,3,17,438)
r(0,4264,3,17,439)
r(12,6196,3,17,440)
r(2,4263,3,17,441)
r(0,4264,3,17,442)
r(0,4264,3,17,443)
r(3,4265,3,17,444)
r(0,4264,3,17,445)
r(0,4264,3,17,446)
r(13,6176,3,17,447)
r(0,4264,3,17,448)
r(1,4259,3,17,449)
r(16,6157,3,18,450)
r(2,4263,3,18,451)
r(2,4263,3,18,452)
r(1,4259,3,18,453)
r(11,4260,3,18,454)
r(8,4249,3,18,455)
r(5,4257,3,18,456)
r(0,4264,3,18,457)
r(0,4264,3,18,458)
r(0,4264,3,18,459)
r(0,4264,3,18,460)
r(3,4265,3,18,461)
r(10,4243,3,18,462)
r(2,4263,3,18,463)
r(6,6184,3,18,464)
r(6,6184,3,18,465)
w(1,6202,3,18,466)
w(0,6203,3,18,467)
w(9,6204,3,18,468)
w(5,6205,3,18,469)
w(13,6206,3,18,470)
w(15,6207,3,18,471)
w(1,6208,3,18,472)
w(1,6209,3,18,473)
w(5,6210,3,18,474)
w(12,6211,3,19,475)
w(13,6212,3,19,476)
w(5,6213,3,19,477)
w(5,6214,3,19,478)
w(0,6215,3,19,479)
w(7,6216,3,19,480)
w(13,6217,3,19,481)
w(1,6218,3,19,482)
w(5,6219,3,19,483)
w(2,6220,3,19,484)
w(16,6221,3,19,485)
w(16,6222,3,19,486)
w(5,6223,3,19,487)
w(5,6224,3,19,488)
w(2,6225,3,19,489)
w(1,6226,3,19,490)
w(2,6227,3,19,491)
w(0,6228,3,19,492)
w(8,6229,3,19,493)
w(0,6230,3,19,494)
w(12,6231,3,19,495)
w(1,6232,3,19,496)
w(16,6233,3,19,497)
w(0,6234,3,19,498)
w(0,6235,3,19,499)
r(18,4276,3,20,500)
r(0,6235,3,20,501)
r(0,6235,3,20,502)
r(5,6224,3,20,503)
r(2,6227,3,20,504)
r(0,6235,3,20,505)
r(18,4276,3,20,506)
r(18,4276,3,20,507)
r(6,6184,3,20,508)
r(9,6204,3,20,509)
w(2,6236,3,20,510)
w(6,6237,3,20,511)
w(0,6238,3,20,512)
w(3,6239,3,20,513)
w(18,6240,3,20,514)
w(0,6241,3,20,515)
w(0,6242,3,20,516)
w(19,6243,3,20,517)
w(2,6244,3,20,518)
w(8,6245,3,20,519)
w(3,6246,3,20,520)
w(0,6247,3,20,521)
w(3,6248,3,20,522)
w(1,6249,3,20,523)
w(1,6250,3,20,524)
r(9,6204,3,21,525)
r(3,6248,3,21,526)
r(1,6250,3,21,527)
r(1,6250,3,21,528)
r(0,6247,3,21,529)
r(1,6250,3,21,530)
r(8,6245,3,21,531)
r(9,6204,3,21,532)
r(5,6224,3,21,533)
r(1,6250,3,21,534)
r(5,6224,3,21,535)
r(1,6250,3,21,536)
r(3,6248,3,21,537)
r(1,6250,3,21,538)
w(17,6251,3,21,539)
w(2,6252,3,21,540)
w(7,6253,3,21,541)
w(0,6254,3,21,542)
w(0,6255,3,21,543)
w(0,6256,3,21,544)
w(9,6257,3,21,545)
w(0,6258,3,21,546)
w(18,6259,3,21,547)
w(19,6260,3,21,548)
w(13,6261,3,21,549)
