r(33,0,0,0)
r(11,0,0,0)
r(39,0,0,0)
r(18,801,0,0)
r(61,0,0,0)
r(11,0,0,0)
r(28,0,0,0)
r(78,0,0,0)
r(47,802,0,0)
w(87,1,0,0)
w(26,2,0,0)
w(15,3,0,0)
w(47,4,0,0)
w(29,5,0,0)
w(77,6,0,0)
w(9,7,0,0)
w(25,8,0,0)
w(98,9,0,0)
w(53,10,0,0)
w(33,11,0,0)
r(23,0,0,1)
r(70,813,0,1)
r(51,805,0,1)
r(63,0,0,1)
r(80,0,0,1)
r(47,4,0,1)
r(58,0,0,1)
r(17,0,0,1)
w(97,12,0,1)
w(92,13,0,1)
w(42,14,0,1)
w(63,15,0,1)
w(47,16,0,1)
w(93,17,0,1)
w(68,18,0,1)
w(1,19,0,1)
w(82,20,0,1)
w(0,21,0,1)
w(26,22,0,1)
w(52,23,0,1)
r(21,0,0,2)
r(36,0,0,2)
r(47,16,0,2)
r(28,821,0,2)
r(65,0,0,2)
r(6,0,0,2)
r(69,0,0,2)
r(57,0,0,2)
r(90,0,0,2)
r(35,0,0,2)
r(75,803,0,2)
w(59,24,0,2)
w(69,25,0,2)
w(32,26,0,2)
w(60,27,0,2)
w(2,28,0,2)
w(92,29,0,2)
w(26,30,0,2)
w(87,31,0,2)
w(34,32,0,2)
w(64,33,0,3)
w(77,34,0,3)
w(45,35,0,3)
w(93,36,0,3)
w(75,37,0,3)
w(83,38,0,3)
w(5,39,0,3)
w(8,40,0,3)
w(91,41,0,3)
w(82,42,0,3)
w(97,43,0,3)
w(1,44,0,3)
w(79,45,0,3)
w(90,46,0,3)
w(93,47,0,3)
w(88,48,0,3)
w(47,49,0,3)
w(35,50,0,3)
w(5,51,0,3)
w(20,52,0,3)
r(86,830,0,4)
r(5,51,0,4)
r(85,832,0,4)
r(70,841,0,4)
r(3,840,0,4)
r(89,0,0,4)
r(71,0,0,4)
r(52,23,0,4)
r(82,42,0,4)
r(46,0,0,4)
w(0,53,0,4)
w(82,54,0,4)
w(79,55,0,4)
w(92,56,0,4)
w(86,57,0,4)
w(21,58,0,4)
w(27,59,0,4)
w(73,60,0,4)
w(73,61,0,4)
w(13,62,0,4)
r(94,857,0,5)
r(55,0,0,5)
r(5,51,0,5)
r(96,0,0,5)
r(98,9,0,5)
r(49,852,0,5)
r(49,852,0,5)
w(10,63,0,5)
w(74,64,0,5)
w(83,65,0,5)
w(6,66,0,5)
w(43,67,0,5)
w(50,68,0,5)
w(70,69,0,5)
w(6,70,0,5)
w(55,71,0,5)
w(1,72,0,5)
w(11,73,0,5)
w(16,74,0,5)
w(85,75,0,5)
r(11,73,0,6)
r(25,823,0,6)
r(91,41,0,6)
r(98,863,0,6)
r(72,862,0,6)
r(0,53,0,6)
r(72,862,0,6)
r(87,31,0,6)
r(19,0,0,6)
r(34,32,0,6)
r(69,836,0,6)
w(63,76,0,6)
w(27,77,0,6)
w(45,78,0,6)
w(49,79,0,6)
w(30,80,0,6)
w(41,81,0,6)
w(80,82,0,6)
w(84,83,0,6)
w(18,84,0,6)
r(88,866,0,7)
r(53,10,0,7)
r(93,842,0,7)
r(89,860,0,7)
r(49,79,0,7)
r(29,829,0,7)
r(9,819,0,7)
r(75,37,0,7)
r(70,69,0,7)
r(21,58,0,7)
r(61,839,0,7)
r(5,51,0,7)
r(22,0,0,7)
r(21,58,0,7)
r(6,70,0,7)
r(36,844,0,7)
r(98,863,0,7)
r(87,31,0,7)
r(80,82,0,7)
r(60,27,0,7)
w(9,85,0,8)
w(24,86,0,8)
w(29,87,0,8)
w(33,88,0,8)
w(11,89,0,8)
w(94,90,0,8)
w(18,91,0,8)
w(85,92,0,8)
w(0,93,0,8)
w(38,94,0,8)
w(18,95,0,8)
w(90,96,0,8)
w(10,97,0,8)
w(21,98,0,8)
w(18,99,0,8)
w(24,100,0,8)
w(52,101,0,8)
w(87,102,0,8)
w(17,103,0,8)
w(65,104,0,8)
r(59,877,0,9)
r(35,50,0,9)
r(75,886,0,9)
r(75,886,0,9)
r(99,892,0,9)
r(38,94,0,9)
r(0,93,0,9)
r(19,0,0,9)
r(10,97,0,9)
r(31,888,0,9)
r(19,0,0,9)
r(11,89,0,9)
r(55,882,0,9)
r(85,92,0,9)
r(75,886,0,9)
r(38,94,0,9)
r(74,64,0,9)
r(97,865,0,9)
r(65,104,0,9)
r(60,27,0,9)
r(42,826,0,10)
r(27,77,0,10)
r(55,882,0,10)
r(57,0,0,10)
r(29,87,0,10)
r(25,823,0,10)
r(40,885,0,10)
r(78,0,0,10)
r(62,0,0,10)
r(54,878,0,10)
r(84,83,0,10)
r(61,839,0,10)
r(77,34,0,10)
r(3,840,0,10)
w(36,105,0,10)
w(97,106,0,10)
w(42,107,0,10)
w(89,108,0,10)
w(92,109,0,10)
w(87,110,0,10)
r(61,839,0,11)
r(54,878,0,11)
r(12,899,0,11)
r(39,0,0,11)
r(51,805,0,11)
r(41,915,0,11)
r(16,870,0,11)
r(41,915,0,11)
r(11,89,0,11)
r(15,846,0,11)
w(11,111,0,11)
w(72,112,0,11)
w(11,113,0,11)
w(20,114,0,11)
w(34,115,0,11)
w(95,116,0,11)
w(14,117,0,11)
w(58,118,0,11)
w(92,119,0,11)
w(59,120,0,11)
r(10,97,0,12)
r(88,866,0,12)
r(41,915,0,12)
r(60,27,0,12)
r(21,98,0,12)
r(9,85,0,12)
r(56,905,0,12)
r(40,919,0,12)
r(46,917,0,12)
r(38,94,0,12)
r(55,903,0,12)
w(93,121,0,12)
w(74,122,0,12)
w(0,123,0,12)
w(58,124,0,12)
w(76,125,0,12)
w(68,126,0,12)
w(88,127,0,12)
w(68,128,0,12)
w(60,129,0,12)
r(38,94,0,13)
r(61,839,0,13)
r(1,867,0,13)
r(60,129,0,13)
r(29,920,0,13)
r(82,887,0,13)
r(66,901,0,13)
r(49,79,0,13)
r(84,914,0,13)
r(76,125,0,13)
r(72,112,0,13)
r(79,935,0,13)
w(28,130,0,13)
w(22,131,0,13)
w(79,132,0,13)
w(41,133,0,13)
w(74,134,0,13)
w(35,135,0,13)
w(59,136,0,13)
w(54,137,0,13)
r(80,926,0,14)
r(60,129,0,14)
r(89,927,0,14)
r(74,134,0,14)
r(13,950,0,14)
r(76,942,0,14)
w(44,138,0,14)
w(3,139,0,14)
w(39,140,0,14)
w(96,141,0,14)
w(11,142,0,14)
w(34,143,0,14)
w(11,144,0,14)
w(63,145,0,14)
w(10,146,0,14)
w(77,147,0,14)
w(84,148,0,14)
w(99,149,0,14)
w(70,150,0,14)
w(93,151,0,14)
w(16,152,0,15)
w(25,153,0,15)
w(99,154,0,15)
w(66,155,0,15)
w(65,156,0,15)
w(3,157,0,15)
w(92,158,0,15)
w(19,159,0,15)
w(97,160,0,15)
w(36,161,0,15)
w(75,162,0,15)
w(86,163,0,15)
w(41,164,0,15)
w(14,165,0,15)
w(10,166,0,15)
w(56,167,0,15)
w(37,168,0,15)
w(73,169,0,15)
w(20,170,0,15)
w(64,171,0,15)
w(15,172,0,16)
w(20,173,0,16)
w(54,174,0,16)
w(6,175,0,16)
w(81,176,0,16)
w(55,177,0,16)
w(84,178,0,16)
w(45,179,0,16)
w(12,180,0,16)
w(95,181,0,16)
w(3,182,0,16)
w(50,183,0,16)
w(51,184,0,16)
w(94,185,0,16)
w(23,186,0,16)
w(34,187,0,16)
w(35,188,0,16)
w(68,189,0,16)
w(69,190,0,16)
w(6,191,0,16)
r(53,944,0,17)
r(77,147,0,17)
r(82,887,0,17)
r(22,131,0,17)
r(72,993,0,17)
r(20,1000,0,17)
w(46,192,0,17)
w(32,193,0,17)
w(22,194,0,17)
w(68,195,0,17)
w(62,196,0,17)
w(92,197,0,17)
w(99,198,0,17)
w(24,199,0,17)
w(34,200,0,17)
w(1,201,0,17)
w(11,202,0,17)
w(2,203,0,17)
w(29,204,0,17)
w(42,205,0,17)
r(1,201,0,18)
r(35,188,0,18)
r(67,843,0,18)
r(72,993,0,18)
r(29,204,0,18)
r(77,147,0,18)
r(17,103,0,18)
r(37,168,0,18)
w(48,206,0,18)
w(87,207,0,18)
w(12,208,0,18)
w(43,209,0,18)
w(27,210,0,18)
w(56,211,0,18)
w(86,212,0,18)
w(96,213,0,18)
w(69,214,0,18)
w(94,215,0,18)
w(58,216,0,18)
w(22,217,0,18)
r(40,0,1,19)
r(63,0,1,19)
r(89,0,1,19)
r(59,0,1,19)
r(14,0,1,19)
r(25,0,1,19)
r(77,0,1,19)
r(38,0,1,19)
r(14,0,1,19)
r(5,0,1,19)
r(49,0,1,19)
r(76,0,1,19)
r(72,804,1,19)
r(73,0,1,19)
r(22,0,1,19)
r(73,0,1,19)
r(57,0,1,19)
r(5,0,1,19)
r(85,0,1,19)
r(67,0,1,19)
r(99,0,1,20)
r(91,41,1,20)
r(71,0,1,20)
r(82,54,1,20)
r(53,10,1,20)
r(89,0,1,20)
r(55,71,1,20)
r(29,829,1,20)
r(5,51,1,20)
r(39,0,1,20)
r(91,41,1,20)
r(61,839,1,20)
r(27,848,1,20)
r(29,829,1,20)
r(94,857,1,20)
r(46,0,1,20)
r(83,65,1,20)
r(17,0,1,20)
r(52,856,1,20)
r(34,32,1,20)
r(9,85,1,21)
r(52,991,1,21)
r(92,197,1,21)
r(14,165,1,21)
r(0,123,1,21)
r(28,954,1,21)
r(25,153,1,21)
r(1,201,1,21)
r(86,212,1,21)
r(22,217,1,21)
r(65,156,1,21)
r(41,164,1,21)
r(21,98,1,21)
r(90,96,1,21)
r(90,96,1,21)
r(92,197,1,21)
r(72,993,1,21)
r(66,155,1,21)
r(4,0,1,21)
r(84,178,1,21)
w(7,499,1,22)
w(10,500,1,22)
w(91,501,1,22)
w(52,502,1,22)
w(33,503,1,22)
w(8,504,1,22)
w(54,505,1,22)
w(3,506,1,22)
w(83,507,1,22)
w(28,508,1,22)
w(34,509,1,22)
w(21,510,1,22)
w(89,511,1,22)
w(83,512,1,22)
w(20,513,1,22)
w(6,514,1,22)
w(3,515,1,22)
w(38,516,1,22)
w(81,517,1,22)
w(21,518,1,22)
w(67,519,1,23)
w(46,520,1,23)
w(72,521,1,23)
w(53,522,1,23)
w(73,523,1,23)
w(76,524,1,23)
w(26,525,1,23)
w(23,526,1,23)
w(68,527,1,23)
w(40,528,1,23)
w(79,529,1,23)
w(92,530,1,23)
w(76,531,1,23)
w(50,532,1,23)
w(72,533,1,23)
w(40,534,1,23)
w(66,535,1,23)
w(89,536,1,23)
w(16,537,1,23)
w(77,538,1,23)
r(65,156,1,24)
r(36,996,1,24)
r(38,516,1,24)
r(53,522,1,24)
r(24,199,1,24)
r(57,0,1,24)
r(45,1002,1,24)
r(2,225,1,24)
r(25,153,1,24)
r(96,218,1,24)
r(16,537,1,24)
r(50,532,1,24)
r(51,184,1,24)
r(35,188,1,24)
r(41,164,1,24)
r(93,965,1,24)
r(81,517,1,24)
r(44,138,1,24)
r(81,517,1,24)
r(3,515,1,24)
r(91,501,1,25)
r(21,518,1,25)
r(53,522,1,25)
r(96,218,1,25)
r(85,987,1,25)
r(31,888,1,25)
r(37,226,1,25)
r(41,164,1,25)
r(74,984,1,25)
r(55,177,1,25)
r(63,145,1,25)
r(88,999,1,25)
r(77,538,1,25)
r(56,211,1,25)
r(9,85,1,25)
r(26,525,1,25)
r(71,997,1,25)
r(24,199,1,25)
r(33,503,1,25)
r(6,514,1,25)
r(11,202,1,26)
r(19,159,1,26)
r(73,523,1,26)
r(66,535,1,26)
r(47,884,1,26)
r(85,987,1,26)
r(60,989,1,26)
r(65,156,1,26)
r(57,0,1,26)
r(78,981,1,26)
r(71,997,1,26)
r(4,0,1,26)
r(90,221,1,26)
r(68,527,1,26)
r(90,221,1,26)
r(21,518,1,26)
r(43,209,1,26)
r(11,202,1,26)
r(73,523,1,26)
r(58,216,1,26)
r(58,216,1,27)
r(8,504,1,27)
r(65,156,1,27)
r(80,926,1,27)
r(25,153,1,27)
r(77,538,1,27)
r(11,202,1,27)
r(81,517,1,27)
r(84,178,1,27)
r(20,513,1,27)
r(59,973,1,27)
r(46,520,1,27)
w(66,539,1,27)
w(72,540,1,27)
w(58,541,1,27)
w(98,542,1,27)
w(42,543,1,27)
w(7,544,1,27)
w(10,545,1,27)
w(51,546,1,27)
r(34,509,1,28)
r(9,85,1,28)
r(74,984,1,28)
r(78,981,1,28)
r(38,516,1,28)
r(82,887,1,28)
r(93,965,1,28)
r(19,159,1,28)
r(36,996,1,28)
r(65,156,1,28)
r(12,208,1,28)
r(90,221,1,28)
r(85,987,1,28)
r(94,222,1,28)
r(20,513,1,28)
r(86,212,1,28)
r(0,123,1,28)
r(17,103,1,28)
r(66,539,1,28)
r(90,221,1,28)
r(24,199,1,29)
r(93,965,1,29)
r(56,211,1,29)
r(17,103,1,29)
r(53,522,1,29)
r(17,103,1,29)
r(91,501,1,29)
r(74,984,1,29)
r(68,527,1,29)
r(76,531,1,29)
r(2,225,1,29)
r(83,512,1,29)
r(62,196,1,29)
r(25,153,1,29)
r(32,193,1,29)
r(11,202,1,29)
r(56,211,1,29)
r(31,888,1,29)
r(44,138,1,29)
r(72,540,1,29)
r(46,520,1,30)
r(58,541,1,30)
r(8,504,1,30)
r(67,519,1,30)
r(35,188,1,30)
r(4,0,1,30)
r(86,212,1,30)
r(81,517,1,30)
r(66,539,1,30)
r(15,172,1,30)
w(60,547,1,30)
w(17,548,1,30)
w(95,549,1,30)
w(4,550,1,30)
w(29,551,1,30)
w(5,552,1,30)
w(41,553,1,30)
w(96,554,1,30)
w(12,555,1,30)
w(11,556,1,30)
r(91,501,1,31)
r(40,534,1,31)
r(80,926,1,31)
r(81,517,1,31)
r(87,207,1,31)
r(33,503,1,31)
r(26,525,1,31)
r(58,541,1,31)
r(13,950,1,31)
r(17,548,1,31)
r(39,140,1,31)
r(70,150,1,31)
r(99,198,1,31)
r(27,210,1,31)
r(45,1002,1,31)
r(13,950,1,31)
r(58,541,1,31)
r(61,940,1,31)
r(30,80,1,31)
r(42,543,1,31)
r(9,85,1,32)
r(49,79,1,32)
r(10,545,1,32)
r(64,171,1,32)
r(34,509,1,32)
r(93,965,1,32)
r(69,214,1,32)
r(73,523,1,32)
r(48,206,1,32)
r(52,502,1,32)
r(35,188,1,32)
r(67,519,1,32)
r(76,531,1,32)
r(75,162,1,32)
r(12,555,1,32)
r(87,207,1,32)
r(6,514,1,32)
r(25,153,1,32)
r(33,503,1,32)
r(38,516,1,32)
r(53,522,1,33)
r(68,527,1,33)
r(93,965,1,33)
r(72,540,1,33)
r(16,537,1,33)
r(3,515,1,33)
r(37,226,1,33)
r(0,123,1,33)
r(86,212,1,33)
w(32,401,1,33)
w(83,402,1,33)
w(0,403,1,33)
w(17,404,1,33)
w(58,405,1,33)
w(67,406,1,33)
w(45,407,1,33)
w(96,408,1,33)
w(13,409,1,33)
w(32,410,1,33)
w(78,411,1,33)
r(6,514,1,34)
r(3,515,1,34)
r(59,973,1,34)
r(10,545,1,34)
r(55,177,1,34)
r(64,171,1,34)
r(26,525,1,34)
r(65,156,1,34)
r(26,525,1,34)
w(68,412,1,34)
w(41,413,1,34)
w(31,414,1,34)
w(2,415,1,34)
w(29,416,1,34)
w(39,417,1,34)
w(12,418,1,34)
w(1,419,1,34)
w(94,420,1,34)
w(56,421,1,34)
w(54,422,1,34)
r(93,965,1,35)
r(16,537,1,35)
r(66,539,1,35)
r(60,547,1,35)
r(26,525,1,35)
r(21,518,1,35)
r(19,159,1,35)
r(39,417,1,35)
r(10,545,1,35)
r(45,407,1,35)
r(46,520,1,35)
r(73,523,1,35)
r(90,221,1,35)
r(45,407,1,35)
r(98,542,1,35)
w(10,423,1,35)
w(43,424,1,35)
w(7,425,1,35)
w(27,426,1,35)
w(45,427,1,35)
r(9,85,1,36)
r(55,177,1,36)
r(25,153,1,36)
r(44,138,1,36)
r(62,196,1,36)
r(91,501,1,36)
r(19,159,1,36)
r(43,424,1,36)
r(0,403,1,36)
r(40,534,1,36)
r(32,410,1,36)
r(83,402,1,36)
r(76,531,1,36)
r(77,538,1,36)
r(73,523,1,36)
r(83,402,1,36)
r(39,417,1,36)
r(12,418,1,36)
r(0,403,1,36)
r(42,543,1,36)
r(69,214,1,37)
r(24,199,1,37)
r(78,411,1,37)
r(65,156,1,37)
r(37,226,1,37)
r(80,926,1,37)
r(31,414,1,37)
r(92,530,1,37)
r(88,999,1,37)
w(57,428,1,37)
w(60,429,1,37)
w(31,430,1,37)
w(27,431,1,37)
w(8,432,1,37)
w(43,433,1,37)
w(91,434,1,37)
w(42,435,1,37)
w(58,436,1,37)
w(70,437,1,37)
w(16,438,1,37)
r(48,0,2,38)
r(84,0,2,38)
r(28,0,2,38)
r(36,0,2,38)
r(18,0,2,38)
r(68,0,2,38)
r(59,0,2,38)
r(56,0,2,38)
r(90,0,2,38)
w(18,801,2,38)
w(47,802,2,38)
w(75,803,2,38)
w(72,804,2,38)
w(51,805,2,38)
w(48,806,2,38)
w(56,807,2,38)
w(97,808,2,38)
w(2,809,2,38)
w(68,810,2,38)
w(95,811,2,38)
r(35,0,2,39)
r(47,802,2,39)
r(22,0,2,39)
r(63,0,2,39)
r(50,0,2,39)
r(90,0,2,39)
r(83,0,2,39)
r(64,0,2,39)
r(69,0,2,39)
r(56,807,2,39)
r(18,801,2,39)
r(74,0,2,39)
r(31,0,2,39)
w(10,812,2,39)
w(70,813,2,39)
w(84,814,2,39)
w(68,815,2,39)
w(86,816,2,39)
w(68,817,2,39)
w(3,818,2,39)
r(38,0,2,40)
r(47,4,2,40)
r(56,807,2,40)
r(75,803,2,40)
r(69,0,2,40)
r(60,0,2,40)
r(39,0,2,40)
r(36,0,2,40)
r(34,0,2,40)
r(43,0,2,40)
r(24,0,2,40)
r(37,0,2,40)
r(71,0,2,40)
w(9,819,2,40)
w(14,820,2,40)
w(28,821,2,40)
w(18,822,2,40)
w(25,823,2,40)
w(32,824,2,40)
w(68,825,2,40)
r(58,0,2,41)
r(39,0,2,41)
r(62,0,2,41)
r(58,0,2,41)
r(45,0,2,41)
r(51,805,2,41)
r(19,0,2,41)
r(4,0,2,41)
r(10,812,2,41)
r(80,0,2,41)
r(48,806,2,41)
r(31,0,2,41)
r(69,25,2,41)
r(57,0,2,41)
r(87,31,2,41)
r(59,24,2,41)
r(31,0,2,41)
r(9,819,2,41)
r(37,0,2,41)
r(5,0,2,41)
w(42,826,2,42)
w(76,827,2,42)
w(36,828,2,42)
w(29,829,2,42)
w(86,830,2,42)
w(80,831,2,42)
w(85,832,2,42)
w(36,833,2,42)
w(45,834,2,42)
w(59,835,2,42)
w(69,836,2,42)
w(74,837,2,42)
w(38,838,2,42)
w(61,839,2,42)
w(3,840,2,42)
w(70,841,2,42)
w(93,842,2,42)
w(67,843,2,42)
w(36,844,2,42)
w(72,845,2,42)
r(20,52,2,43)
r(15,3,2,43)
r(21,58,2,43)
r(48,806,2,43)
r(57,0,2,43)
r(87,31,2,43)
r(68,825,2,43)
r(15,3,2,43)
w(15,846,2,43)
w(88,847,2,43)
w(27,848,2,43)
w(48,849,2,43)
w(65,850,2,43)
w(59,851,2,43)
w(49,852,2,43)
w(85,853,2,43)
w(44,854,2,43)
w(24,855,2,43)
w(52,856,2,43)
w(94,857,2,43)
r(84,814,2,44)
r(16,0,2,44)
r(38,838,2,44)
r(4,0,2,44)
r(71,0,2,44)
r(52,856,2,44)
r(79,55,2,44)
r(42,826,2,44)
r(75,37,2,44)
r(43,0,2,44)
w(44,858,2,44)
w(68,859,2,44)
w(89,860,2,44)
w(48,861,2,44)
w(72,862,2,44)
w(98,863,2,44)
w(43,864,2,44)
w(97,865,2,44)
w(88,866,2,44)
w(1,867,2,44)
r(88,866,2,45)
r(94,857,2,45)
r(37,0,2,45)
r(60,27,2,45)
r(43,864,2,45)
r(85,75,2,45)
r(5,51,2,45)
r(62,0,2,45)
r(20,52,2,45)
r(88,866,2,45)
r(92,56,2,45)
w(71,868,2,45)
w(85,869,2,45)
w(16,870,2,45)
w(12,871,2,45)
w(90,872,2,45)
w(17,873,2,45)
w(47,874,2,45)
w(48,875,2,45)
w(50,876,2,45)
w(59,877,2,46)
w(54,878,2,46)
w(48,879,2,46)
w(41,880,2,46)
w(90,881,2,46)
w(55,882,2,46)
w(28,883,2,46)
w(47,884,2,46)
w(40,885,2,46)
w(75,886,2,46)
w(82,887,2,46)
w(31,888,2,46)
w(68,889,2,46)
w(10,890,2,46)
w(38,891,2,46)
w(99,892,2,46)
w(96,893,2,46)
w(98,894,2,46)
w(45,895,2,46)
w(10,896,2,46)
r(28,883,2,47)
r(47,884,2,47)
r(36,844,2,47)
r(17,103,2,47)
r(43,864,2,47)
r(7,0,2,47)
r(9,85,2,47)
r(87,102,2,47)
r(87,102,2,47)
r(31,888,2,47)
r(55,882,2,47)
r(44,858,2,47)
r(64,33,2,47)
r(9,85,2,47)
r(93,842,2,47)
r(53,10,2,47)
r(39,0,2,47)
r(26,30,2,47)
r(25,823,2,47)
r(52,101,2,47)
r(72,862,2,48)
r(53,10,2,48)
r(16,870,2,48)
r(48,879,2,48)
r(74,64,2,48)
r(15,846,2,48)
r(69,836,2,48)
r(84,83,2,48)
r(49,79,2,48)
r(72,862,2,48)
r(84,83,2,48)
r(43,864,2,48)
r(49,79,2,48)
r(4,0,2,48)
r(86,57,2,48)
r(47,884,2,48)
r(27,77,2,48)
r(70,69,2,48)
r(88,866,2,48)
r(68,889,2,48)
w(36,897,2,49)
w(81,898,2,49)
w(12,899,2,49)
w(34,900,2,49)
w(66,901,2,49)
w(2,902,2,49)
w(55,903,2,49)
w(14,904,2,49)
w(56,905,2,49)
w(70,906,2,49)
w(32,907,2,49)
w(22,908,2,49)
w(20,909,2,49)
w(85,910,2,49)
w(24,911,2,49)
w(59,912,2,49)
w(13,913,2,49)
w(84,914,2,49)
w(41,915,2,49)
w(35,916,2,49)
r(78,0,2,50)
r(65,104,2,50)
r(26,30,2,50)
r(5,51,2,50)
r(39,0,2,50)
r(10,97,2,50)
r(2,902,2,50)
r(0,93,2,50)
r(70,906,2,50)
r(44,858,2,50)
r(8,40,2,50)
r(49,79,2,50)
r(33,88,2,50)
r(70,906,2,50)
r(94,90,2,50)
r(79,55,2,50)
r(11,89,2,50)
r(10,97,2,50)
r(74,64,2,50)
r(60,27,2,50)
r(90,96,2,51)
r(6,70,2,51)
r(25,823,2,51)
r(49,79,2,51)
r(44,858,2,51)
r(0,93,2,51)
r(46,0,2,51)
r(83,65,2,51)
r(9,85,2,51)
r(18,99,2,51)
r(84,914,2,51)
r(69,836,2,51)
r(91,41,2,51)
r(18,99,2,51)
r(98,894,2,51)
r(77,34,2,51)
r(66,901,2,51)
r(35,916,2,51)
r(72,862,2,51)
r(25,823,2,51)
w(46,917,2,52)
w(26,918,2,52)
w(40,919,2,52)
w(29,920,2,52)
w(76,921,2,52)
w(70,922,2,52)
w(22,923,2,52)
w(78,924,2,52)
w(14,925,2,52)
w(80,926,2,52)
w(89,927,2,52)
w(37,928,2,52)
w(23,929,2,52)
w(93,930,2,52)
w(87,931,2,52)
w(37,932,2,52)
w(11,933,2,52)
w(71,934,2,52)
w(79,935,2,52)
w(42,936,2,52)
r(55,903,2,53)
r(77,34,2,53)
r(75,886,2,53)
r(78,924,2,53)
r(91,41,2,53)
r(84,914,2,53)
r(32,907,2,53)
r(11,933,2,53)
r(40,919,2,53)
r(29,920,2,53)
r(92,119,2,53)
r(6,70,2,53)
r(49,79,2,53)
w(46,937,2,53)
w(43,938,2,53)
w(29,939,2,53)
w(61,940,2,53)
w(41,941,2,53)
w(76,942,2,53)
w(58,943,2,53)
r(79,132,2,54)
r(66,901,2,54)
r(21,98,2,54)
r(54,137,2,54)
r(23,929,2,54)
r(33,88,2,54)
r(18,99,2,54)
r(36,105,2,54)
r(64,33,2,54)
r(47,884,2,54)
r(77,34,2,54)
w(53,944,2,54)
w(8,945,2,54)
w(38,946,2,54)
w(1,947,2,54)
w(88,948,2,54)
w(50,949,2,54)
w(13,950,2,54)
w(34,951,2,54)
w(14,952,2,54)
r(86,57,2,55)
r(40,919,2,55)
r(66,901,2,55)
r(23,929,2,55)
r(18,99,2,55)
r(61,940,2,55)
r(88,948,2,55)
r(37,932,2,55)
r(64,33,2,55)
r(31,888,2,55)
w(48,953,2,55)
w(28,954,2,55)
w(84,955,2,55)
w(43,956,2,55)
w(85,957,2,55)
w(50,958,2,55)
w(41,959,2,55)
w(85,960,2,55)
w(55,961,2,55)
w(93,962,2,55)
w(20,963,2,56)
w(92,964,2,56)
w(93,965,2,56)
w(62,966,2,56)
w(87,967,2,56)
w(92,968,2,56)
w(6,969,2,56)
w(96,970,2,56)
w(24,971,2,56)
w(85,972,2,56)
w(59,973,2,56)
w(69,974,2,56)
w(76,975,2,56)
w(86,976,2,56)
w(58,977,2,56)
w(95,978,2,56)
w(79,979,2,56)
w(83,980,2,56)
w(78,981,2,56)
w(56,982,2,56)
