r(1,74,4,2,50)
r(8,10035,4,2,51)
r(0,76,4,2,52)
r(3,73,4,2,53)
r(1,74,4,2,54)
r(9,10030,4,2,55)
r(15,10002,4,2,56)
r(14,10028,4,2,57)
r(6,75,4,2,58)
r(2,77,4,2,59)
r(8,10035,4,2,60)
r(2,77,4,2,61)
r(2,77,4,2,62)
r(3,73,4,2,63)
r(14,10028,4,2,64)
r(8,10035,4,2,65)
r(9,10030,4,2,66)
r(0,76,4,2,67)
r(5,33,4,2,68)
r(7,71,4,2,69)
r(0,76,4,2,70)
r(0,76,4,2,71)
r(0,76,4,2,72)
r(12,10047,4,2,73)
r(15,10002,4,2,74)
r(3,4072,4,6,150)
r(7,4077,4,6,151)
r(4,4074,4,6,152)
r(1,4070,4,6,153)
r(0,4071,4,6,154)
r(4,4074,4,6,155)
r(0,4071,4,6,156)
r(8,4069,4,6,157)
r(3,4072,4,6,158)
r(15,10002,4,6,159)
r(2,4084,4,6,160)
r(16,32,4,6,161)
r(14,2054,4,6,162)
r(1,4070,4,6,163)
r(4,4074,4,6,164)
r(5,4080,4,6,165)
r(0,4071,4,6,166)
r(6,4083,4,6,167)
r(8,4069,4,6,168)
r(10,4081,4,6,169)
r(1,4070,4,6,170)
r(12,4076,4,6,171)
r(1,4070,4,6,172)
r(3,4072,4,6,173)
r(10,4081,4,6,174)
r(9,4219,4,9,225)
r(0,2261,4,9,226)
r(16,2202,4,9,227)
r(16,2202,4,9,228)
r(0,2261,4,9,229)
r(9,4219,4,9,230)
r(3,2247,4,9,231)
r(2,2256,4,9,232)
r(0,2261,4,9,233)
r(1,2255,4,9,234)
r(6,2259,4,9,235)
r(1,2255,4,9,236)
r(0,2261,4,9,237)
r(11,2235,4,9,238)
r(0,2261,4,9,239)
r(0,2261,4,9,240)
r(1,2255,4,9,241)
r(3,2247,4,9,242)
r(2,2256,4,9,243)
r(0,2261,4,9,244)
r(8,2257,4,9,245)
r(0,2261,4,9,246)
r(2,2256,4,9,247)
r(1,2255,4,9,248)
r(6,2259,4,9,249)
w(6,8155,4,14,350)
w(1,8156,4,14,351)
w(0,8157,4,14,352)
w(15,8158,4,14,353)
w(9,8159,4,14,354)
w(2,8160,4,14,355)
w(1,8161,4,14,356)
w(4,8162,4,14,357)
w(16,8163,4,14,358)
w(10,8164,4,14,359)
w(11,8165,4,14,360)
w(0,8166,4,14,361)
w(5,8167,4,14,362)
w(11,8168,4,14,363)
w(8,8169,4,14,364)
w(0,8170,4,14,365)
w(1,8171,4,14,366)
w(12,8172,4,14,367)
w(8,8173,4,14,368)
w(6,8174,4,14,369)
w(17,8175,4,14,370)
w(1,8176,4,14,371)
w(11,8177,4,14,372)
w(0,8178,4,14,373)
w(1,8179,4,14,374)
r(5,6176,4,15,375)
r(0,6179,4,15,376)
r(9,6182,4,15,377)
r(8,6181,4,15,378)
r(11,8177,4,15,379)
r(16,8163,4,15,380)
r(13,348,4,15,381)
r(1,6184,4,15,382)
r(3,6183,4,15,383)
r(7,326,4,15,384)
r(0,6179,4,15,385)
r(1,6184,4,15,386)
r(2,8160,4,15,387)
r(1,6184,4,15,388)
r(7,326,4,15,389)
w(2,8180,4,15,390)
w(1,8181,4,15,391)
w(0,8182,4,15,392)
w(4,8183,4,15,393)
w(8,8184,4,15,394)
w(9,8185,4,15,395)
w(1,8186,4,15,396)
w(2,8187,4,15,397)
w(3,8188,4,15,398)
w(11,8189,4,15,399)
r(11,6195,4,16,400)
r(0,6198,4,16,401)
r(12,6174,4,16,402)
r(14,211,4,16,403)
r(15,8158,4,16,404)
r(8,8184,4,16,405)
r(9,6189,4,16,406)
r(5,6191,4,16,407)
r(2,8187,4,16,408)
r(4,6196,4,16,409)
r(6,8174,4,16,410)
w(8,8190,4,16,411)
w(3,8191,4,16,412)
w(0,8192,4,16,413)
w(18,8193,4,16,414)
w(0,8194,4,16,415)
w(3,8195,4,16,416)
w(19,8196,4,16,417)
w(0,8197,4,16,418)
w(4,8198,4,16,419)
w(8,8199,4,16,420)
w(9,8200,4,16,421)
w(12,8201,4,16,422)
w(2,8202,4,16,423)
w(0,8203,4,16,424)
r(0,6222,4,17,425)
r(2,6221,4,17,426)
r(2,6221,4,17,427)
r(14,211,4,17,428)
r(0,6222,4,17,429)
r(0,6222,4,17,430)
r(0,6222,4,17,431)
r(1,6220,4,17,432)
r(0,6222,4,17,433)
r(12,8201,4,17,434)
r(16,6192,4,17,435)
r(4,6211,4,17,436)
w(13,8204,4,17,437)
w(1,8205,4,17,438)
w(19,8206,4,17,439)
w(0,8207,4,17,440)
w(0,8208,4,17,441)
w(0,8209,4,17,442)
w(7,8210,4,17,443)
w(4,8211,4,17,444)
w(0,8212,4,17,445)
w(0,8213,4,17,446)
w(5,8214,4,17,447)
w(1,8215,4,17,448)
w(0,8216,4,17,449)
r(3,6242,4,18,450)
r(2,6244,4,18,451)
r(13,6233,4,18,452)
r(10,6207,4,18,453)
r(5,6246,4,18,454)
r(16,6192,4,18,455)
r(0,6243,4,18,456)
r(3,6242,4,18,457)
r(0,6243,4,18,458)
r(6,6228,4,18,459)
r(14,211,4,18,460)
w(0,8217,4,18,461)
w(0,8218,4,18,462)
w(13,8219,4,18,463)
w(2,8220,4,18,464)
w(3,8221,4,18,465)
w(8,8222,4,18,466)
w(1,8223,4,18,467)
w(7,8224,4,18,468)
w(1,8225,4,18,469)
w(10,8226,4,18,470)
w(7,8227,4,18,471)
w(10,8228,4,18,472)
w(2,8229,4,18,473)
w(3,8230,4,18,474)
r(3,6249,4,19,475)
r(0,6254,4,19,476)
r(8,8222,4,19,477)
r(1,6251,4,19,478)
r(2,6253,4,19,479)
r(2,6253,4,19,480)
r(18,8193,4,19,481)
r(0,6254,4,19,482)
r(0,6254,4,19,483)
r(3,6249,4,19,484)
r(2,6253,4,19,485)
r(4,6239,4,19,486)
r(0,6254,4,19,487)
r(8,8222,4,19,488)
r(0,6254,4,19,489)
r(5,6246,4,19,490)
r(3,6249,4,19,491)
r(0,6254,4,19,492)
r(3,6249,4,19,493)
r(2,6253,4,19,494)
r(17,6252,4,19,495)
r(0,6254,4,19,496)
r(11,6241,4,19,497)
r(0,6254,4,19,498)
r(2,6253,4,19,499)
r(0,6254,4,20,500)
r(7,8227,4,20,501)
r(0,6254,4,20,502)
r(1,6251,4,20,503)
r(0,6254,4,20,504)
r(0,6254,4,20,505)
r(0,6254,4,20,506)
r(0,6254,4,20,507)
r(1,6251,4,20,508)
r(14,211,4,20,509)
r(12,8201,4,20,510)
r(10,8228,4,20,511)
w(2,8231,4,20,512)
w(0,8232,4,20,513)
w(1,8233,4,20,514)
w(1,8234,4,20,515)
w(0,8235,4,20,516)
w(3,8236,4,20,517)
w(3,8237,4,20,518)
w(3,8238,4,20,519)
w(5,8239,4,20,520)
w(0,8240,4,20,521)
w(12,8241,4,20,522)
w(0,8242,4,20,523)
w(7,8243,4,20,524)
w(15,8244,4,21,525)
w(0,8245,4,21,526)
w(15,8246,4,21,527)
w(15,8247,4,21,528)
w(18,8248,4,21,529)
w(0,8249,4,21,530)
w(17,8250,4,21,531)
w(2,8251,4,21,532)
w(1,8252,4,21,533)
w(6,8253,4,21,534)
w(11,8254,4,21,535)
w(0,8255,4,21,536)
w(10,8256,4,21,537)
w(7,8257,4,21,538)
w(10,8258,4,21,539)
w(8,8259,4,21,540)
w(0,8260,4,21,541)
w(10,8261,4,21,542)
w(3,8262,4,21,543)
w(16,8263,4,21,544)
w(2,8264,4,21,545)
w(0,8265,4,21,546)
w(1,8266,4,21,547)
w(16,8267,4,21,548)
w(0,8268,4,21,549)
r(6,8253,4,22,550)
r(0,6294,4,22,551)
r(4,6275,4,22,552)
r(17,8250,4,22,553)
r(7,8257,4,22,554)
r(2,6293,4,22,555)
r(4,6275,4,22,556)
r(9,8200,4,22,557)
r(7,8257,4,22,558)
r(2,6293,4,22,559)
r(0,6294,4,22,560)
w(2,8269,4,22,561)
w(16,8270,4,22,562)
w(0,8271,4,22,563)
w(11,8272,4,22,564)
w(5,8273,4,22,565)
w(1,8274,4,22,566)
w(8,8275,4,22,567)
w(8,8276,4,22,568)
w(4,8277,4,22,569)
w(1,8278,4,22,570)
w(7,8279,4,22,571)
w(4,8280,4,22,572)
w(7,8281,4,22,573)
w(0,8282,4,22,574)
r(2,6298,4,23,575)
r(1,6304,4,23,576)
r(2,6298,4,23,577)
r(4,6296,4,23,578)
r(2,6298,4,23,579)
r(5,8273,4,23,580)
r(0,6301,4,23,581)
r(1,6304,4,23,582)
r(2,6298,4,23,583)
r(14,6291,4,23,584)
r(4,6296,4,23,585)
r(0,6301,4,23,586)
r(8,8276,4,23,587)
r(5,8273,4,23,588)
w(13,8283,4,23,589)
w(2,8284,4,23,590)
w(1,8285,4,23,591)
w(15,8286,4,23,592)
w(18,8287,4,23,593)
w(18,8288,4,23,594)
w(2,8289,4,23,595)
w(8,8290,4,23,596)
w(0,8291,4,23,597)
w(0,8292,4,23,598)
w(0,8293,4,23,599)
w(4,8294,4,24,600)
w(14,8295,4,24,601)
w(3,8296,4,24,602)
w(0,8297,4,24,603)
w(0,8298,4,24,604)
w(4,8299,4,24,605)
w(1,8300,4,24,606)
w(0,8301,4,24,607)
w(8,8302,4,24,608)
w(6,8303,4,24,609)
w(0,8304,4,24,610)
w(6,8305,4,24,611)
w(2,8306,4,24,612)
w(0,8307,4,24,613)
w(14,8308,4,24,614)
w(5,8309,4,24,615)
w(3,8310,4,24,616)
w(0,8311,4,24,617)
w(0,8312,4,24,618)
w(1,8313,4,24,619)
w(2,8314,4,24,620)
w(2,8315,4,24,621)
w(19,8316,4,24,622)
w(0,8317,4,24,623)
w(9,8318,4,24,624)
r(0,6317,4,25,625)
r(3,8310,4,25,626)
r(1,6312,4,25,627)
r(3,8310,4,25,628)
r(1,6312,4,25,629)
r(0,6317,4,25,630)
r(1,6312,4,25,631)
r(18,8288,4,25,632)
r(4,6315,4,25,633)
r(2,8315,4,25,634)
r(6,6318,4,25,635)
r(0,6317,4,25,636)
w(5,8319,4,25,637)
w(0,8320,4,25,638)
w(19,8321,4,25,639)
w(0,8322,4,25,640)
w(0,8323,4,25,641)
w(8,8324,4,25,642)
w(0,8325,4,25,643)
w(5,8326,4,25,644)
w(9,8327,4,25,645)
w(6,8328,4,25,646)
w(0,8329,4,25,647)
w(19,8330,4,25,648)
w(0,8331,4,25,649)
r(17,8250,4,26,650)
r(0,6328,4,26,651)
r(0,6328,4,26,652)
r(2,6331,4,26,653)
r(2,6331,4,26,654)
r(7,6310,4,26,655)
r(11,6313,4,26,656)
r(0,6328,4,26,657)
r(1,6332,4,26,658)
r(2,6331,4,26,659)
r(14,8308,4,26,660)
r(10,6308,4,26,661)
r(1,6332,4,26,662)
r(1,6332,4,26,663)
r(0,6328,4,26,664)
r(6,8328,4,26,665)
r(12,6299,4,26,666)
r(15,8286,4,26,667)
r(0,6328,4,26,668)
r(6,8328,4,26,669)
r(0,6328,4,26,670)
r(0,6328,4,26,671)
r(6,8328,4,26,672)
r(15,8286,4,26,673)
r(0,6328,4,26,674)
w(3,8349,4,28,700)
w(0,8350,4,28,701)
w(11,8351,4,28,702)
w(0,8352,4,28,703)
w(0,8353,4,28,704)
w(0,8354,4,28,705)
w(2,8355,4,28,706)
w(5,8356,4,28,707)
w(7,8357,4,28,708)
w(0,8358,4,28,709)
w(0,8359,4,28,710)
w(0,8360,4,28,711)
w(9,8361,4,28,712)
w(3,8362,4,28,713)
w(10,8363,4,28,714)
w(1,8364,4,28,715)
w(0,8365,4,28,716)
w(7,8366,4,28,717)
w(13,8367,4,28,718)
w(3,8368,4,28,719)
w(0,8369,4,28,720)
w(0,8370,4,28,721)
w(0,8371,4,28,722)
w(0,8372,4,28,723)
w(1,8373,4,28,724)
w(5,8374,4,29,725)
w(2,8375,4,29,726)
w(1,8376,4,29,727)
w(1,8377,4,29,728)
w(2,8378,4,29,729)
w(0,8379,4,29,730)
w(1,8380,4,29,731)
w(4,8381,4,29,732)
w(0,8382,4,29,733)
w(1,8383,4,29,734)
w(0,8384,4,29,735)
w(0,8385,4,29,736)
w(13,8386,4,29,737)
w(7,8387,4,29,738)
w(2,8388,4,29,739)
w(2,8389,4,29,740)
w(5,8390,4,29,741)
w(0,8391,4,29,742)
w(13,8392,4,29,743)
w(6,8393,4,29,744)
w(0,8394,4,29,745)
w(0,8395,4,29,746)
w(9,8396,4,29,747)
w(0,8397,4,29,748)
w(0,8398,4,29,749)
r(4,8381,4,30,750)
r(0,8398,4,30,751)
r(1,8383,4,30,752)
r(8,6357,4,30,753)
r(3,6368,4,30,754)
r(11,8351,4,30,755)
r(8,6357,4,30,756)
r(11,8351,4,30,757)
r(1,8383,4,30,758)
r(0,8398,4,30,759)
r(2,8389,4,30,760)
r(0,8398,4,30,761)
w(2,8399,4,30,762)
w(0,8400,4,30,763)
w(7,8401,4,30,764)
w(1,8402,4,30,765)
w(1,8403,4,30,766)
w(2,8404,4,30,767)
w(4,8405,4,30,768)
w(0,8406,4,30,769)
w(0,8407,4,30,770)
w(3,8408,4,30,771)
w(1,8409,4,30,772)
w(10,8410,4,30,773)
w(0,8411,4,30,774)
w(11,8412,4,31,775)
w(1,8413,4,31,776)
w(6,8414,4,31,777)
w(1,8415,4,31,778)
w(11,8416,4,31,779)
w(1,8417,4,31,780)
w(12,8418,4,31,781)
w(4,8419,4,31,782)
w(5,8420,4,31,783)
w(9,8421,4,31,784)
w(0,8422,4,31,785)
w(2,8423,4,31,786)
w(16,8424,4,31,787)
w(1,8425,4,31,788)
w(9,8426,4,31,789)
w(2,8427,4,31,790)
w(0,8428,4,31,791)
w(3,8429,4,31,792)
w(12,8430,4,31,793)
w(5,8431,4,31,794)
w(5,8432,4,31,795)
w(16,8433,4,31,796)
w(2,8434,4,31,797)
w(14,8435,4,31,798)
w(0,8436,4,31,799)
r(0,8436,4,32,800)
r(6,8414,4,32,801)
r(3,8429,4,32,802)
r(1,8425,4,32,803)
r(14,8435,4,32,804)
r(0,8436,4,32,805)
r(5,8432,4,32,806)
r(18,6347,4,32,807)
r(6,8414,4,32,808)
r(3,8429,4,32,809)
r(1,8425,4,32,810)
r(0,8436,4,32,811)
r(4,8419,4,32,812)
r(0,8436,4,32,813)
r(2,8434,4,32,814)
r(0,8436,4,32,815)
r(1,8425,4,32,816)
r(6,8414,4,32,817)
r(7,8401,4,32,818)
r(0,8436,4,32,819)
r(3,8429,4,32,820)
r(3,8429,4,32,821)
r(0,8436,4,32,822)
r(0,8436,4,32,823)
r(15,8286,4,32,824)
