r(0,0,5,0,0)
r(5,0,5,0,1)
r(1,0,5,0,2)
r(9,0,5,0,3)
r(1,0,5,0,4)
r(0,0,5,0,5)
r(10,0,5,0,6)
r(0,0,5,0,7)
r(3,0,5,0,8)
r(1,0,5,0,9)
r(2,0,5,0,10)
r(9,0,5,0,11)
r(0,0,5,0,12)
r(5,0,5,0,13)
w(0,10001,5,0,14)
w(15,10002,5,0,15)
w(14,10003,5,0,16)
w(0,10004,5,0,17)
w(0,10005,5,0,18)
w(2,10006,5,0,19)
w(10,10007,5,0,20)
w(0,10008,5,0,21)
w(13,10009,5,0,22)
w(4,10010,5,0,23)
w(13,10011,5,0,24)
w(18,10025,5,2,50)
w(1,10026,5,2,51)
w(18,10027,5,2,52)
w(14,10028,5,2,53)
w(0,10029,5,2,54)
w(9,10030,5,2,55)
w(1,10031,5,2,56)
w(7,10032,5,2,57)
w(8,10033,5,2,58)
w(0,10034,5,2,59)
w(8,10035,5,2,60)
w(4,10036,5,2,61)
w(0,10037,5,2,62)
w(1,10038,5,2,63)
w(18,10039,5,2,64)
w(2,10040,5,2,65)
w(0,10041,5,2,66)
w(13,10042,5,2,67)
w(0,10043,5,2,68)
w(1,10044,5,2,69)
w(2,10045,5,2,70)
w(6,10046,5,2,71)
w(12,10047,5,2,72)
w(1,10048,5,2,73)
w(7,10049,5,2,74)
r(0,10043,5,3,75)
r(1,10048,5,3,76)
r(7,10049,5,3,77)
r(0,10043,5,3,78)
r(15,10002,5,3,79)
r(2,10045,5,3,80)
r(7,10049,5,3,81)
r(3,25,5,3,82)
r(1,10048,5,3,83)
r(8,10035,5,3,84)
r(1,10048,5,3,85)
w(1,10050,5,3,86)
w(0,10051,5,3,87)
w(9,10052,5,3,88)
w(0,10053,5,3,89)
w(0,10054,5,3,90)
w(0,10055,5,3,91)
w(0,10056,5,3,92)
w(1,10057,5,3,93)
w(3,10058,5,3,94)
w(0,10059,5,3,95)
w(0,10060,5,3,96)
w(1,10061,5,3,97)
w(1,10062,5,3,98)
w(0,10063,5,3,99)
r(18,4048,5,5,125)
r(0,4047,5,5,126)
r(9,4042,5,5,127)
r(1,4038,5,5,128)
r(3,4040,5,5,129)
r(0,4047,5,5,130)
r(0,4047,5,5,131)
r(14,2054,5,5,132)
r(10,2055,5,5,133)
r(0,4047,5,5,134)
r(1,4038,5,5,135)
r(15,10002,5,5,136)
r(14,2054,5,5,137)
r(0,4047,5,5,138)
r(1,4038,5,5,139)
r(0,4047,5,5,140)
r(2,2057,5,5,141)
r(0,4047,5,5,142)
r(2,2057,5,5,143)
r(2,2057,5,5,144)
r(0,4047,5,5,145)
r(15,10002,5,5,146)
r(1,4038,5,5,147)
r(0,4047,5,5,148)
r(2,2057,5,5,149)
r(2,2057,5,6,150)
r(0,4047,5,6,151)
r(14,2054,5,6,152)
r(6,75,5,6,153)
r(12,2041,5,6,154)
r(11,4037,5,6,155)
r(0,4047,5,6,156)
r(16,32,5,6,157)
r(15,10002,5,6,158)
r(9,4042,5,6,159)
r(1,4038,5,6,160)
r(8,4035,5,6,161)
r(11,4037,5,6,162)
r(15,10002,5,6,163)
r(2,2057,5,6,164)
r(2,2057,5,6,165)
r(0,4047,5,6,166)
r(11,4037,5,6,167)
r(1,4038,5,6,168)
r(7,2052,5,6,169)
r(19,4043,5,6,170)
r(1,4038,5,6,171)
r(3,4040,5,6,172)
r(1,4038,5,6,173)
r(2,2057,5,6,174)
r(2,4120,5,9,225)
r(0,4128,5,9,226)
r(10,2110,5,9,227)
r(12,2102,5,9,228)
r(4,2114,5,9,229)
r(5,4121,5,9,230)
r(9,2105,5,9,231)
r(2,4120,5,9,232)
r(13,4117,5,9,233)
r(0,4128,5,9,234)
r(2,4120,5,9,235)
r(2,4120,5,9,236)
r(8,4106,5,9,237)
r(1,4127,5,9,238)
r(15,4094,5,9,239)
r(3,4124,5,9,240)
r(11,4123,5,9,241)
r(0,4128,5,9,242)
r(2,4120,5,9,243)
r(2,4120,5,9,244)
r(3,4124,5,9,245)
r(0,4128,5,9,246)
r(2,4120,5,9,247)
r(3,4124,5,9,248)
r(3,4124,5,9,249)
r(2,2296,5,12,300)
r(9,2265,5,12,301)
r(3,2263,5,12,302)
r(0,2299,5,12,303)
r(0,2299,5,12,304)
r(12,4232,5,12,305)
r(0,2299,5,12,306)
r(2,2296,5,12,307)
r(3,2263,5,12,308)
r(5,2287,5,12,309)
r(2,2296,5,12,310)
r(12,4232,5,12,311)
r(12,4232,5,12,312)
r(8,4231,5,12,313)
r(0,2299,5,12,314)
r(4,2285,5,12,315)
r(1,2291,5,12,316)
r(0,2299,5,12,317)
r(0,2299,5,12,318)
r(2,2296,5,12,319)
r(5,2287,5,12,320)
r(7,2275,5,12,321)
r(11,2235,5,12,322)
r(14,4233,5,12,323)
r(0,2299,5,12,324)
r(5,2287,5,13,325)
r(4,2285,5,13,326)
r(0,2299,5,13,327)
r(10,2289,5,13,328)
r(9,2265,5,13,329)
r(2,2296,5,13,330)
r(0,2299,5,13,331)
r(0,2299,5,13,332)
r(15,2251,5,13,333)
r(0,2299,5,13,334)
r(0,2299,5,13,335)
r(3,2263,5,13,336)
r(13,4159,5,13,337)
w(10,10145,5,13,338)
w(10,10146,5,13,339)
w(7,10147,5,13,340)
w(4,10148,5,13,341)
w(3,10149,5,13,342)
w(1,10150,5,13,343)
w(0,10151,5,13,344)
w(3,10152,5,13,345)
w(2,10153,5,13,346)
w(1,10154,5,13,347)
w(13,10155,5,13,348)
w(0,10156,5,13,349)
r(4,10148,5,14,350)
r(0,10156,5,14,351)
r(2,10153,5,14,352)
r(3,10152,5,14,353)
r(7,10147,5,14,354)
r(1,10154,5,14,355)
r(12,4232,5,14,356)
r(7,10147,5,14,357)
r(13,10155,5,14,358)
r(4,10148,5,14,359)
r(7,10147,5,14,360)
r(15,2251,5,14,361)
r(3,10152,5,14,362)
r(1,10154,5,14,363)
r(4,10148,5,14,364)
w(1,10157,5,14,365)
w(10,10158,5,14,366)
w(4,10159,5,14,367)
w(12,10160,5,14,368)
w(13,10161,5,14,369)
w(6,10162,5,14,370)
w(0,10163,5,14,371)
w(19,10164,5,14,372)
w(1,10165,5,14,373)
w(1,10166,5,14,374)
r(7,10147,5,15,375)
r(1,10166,5,15,376)
r(11,165,5,15,377)
r(5,163,5,15,378)
r(1,10166,5,15,379)
r(0,10163,5,15,380)
r(4,10159,5,15,381)
r(1,10166,5,15,382)
r(4,10159,5,15,383)
r(19,10164,5,15,384)
r(1,10166,5,15,385)
r(0,10163,5,15,386)
r(0,10163,5,15,387)
r(0,10163,5,15,388)
r(0,10163,5,15,389)
w(4,10167,5,15,390)
w(0,10168,5,15,391)
w(0,10169,5,15,392)
w(1,10170,5,15,393)
w(0,10171,5,15,394)
w(0,10172,5,15,395)
w(0,10173,5,15,396)
w(1,10174,5,15,397)
w(1,10175,5,15,398)
w(7,10176,5,15,399)
r(15,171,5,16,400)
r(4,10167,5,16,401)
r(2,189,5,16,402)
r(13,10161,5,16,403)
r(6,187,5,16,404)
r(1,10175,5,16,405)
r(4,10167,5,16,406)
r(0,10173,5,16,407)
r(9,2265,5,16,408)
w(0,10177,5,16,409)
w(0,10178,5,16,410)
w(15,10179,5,16,411)
w(1,10180,5,16,412)
w(4,10181,5,16,413)
w(10,10182,5,16,414)
w(1,10183,5,16,415)
w(0,10184,5,16,416)
w(1,10185,5,16,417)
w(2,10186,5,16,418)
w(2,10187,5,16,419)
w(1,10188,5,16,420)
w(10,10189,5,16,421)
w(17,10190,5,16,422)
w(3,10191,5,16,423)
w(16,10192,5,16,424)
r(13,197,5,17,425)
r(7,10176,5,17,426)
r(1,10188,5,17,427)
r(1,10188,5,17,428)
r(1,10188,5,17,429)
r(14,4233,5,17,430)
r(0,10184,5,17,431)
r(5,196,5,17,432)
r(4,10181,5,17,433)
r(9,192,5,17,434)
r(12,10160,5,17,435)
r(3,10191,5,17,436)
r(7,10176,5,17,437)
r(7,10176,5,17,438)
r(0,10184,5,17,439)
w(5,10193,5,17,440)
w(2,10194,5,17,441)
w(7,10195,5,17,442)
w(0,10196,5,17,443)
w(0,10197,5,17,444)
w(8,10198,5,17,445)
w(6,10199,5,17,446)
w(10,10200,5,17,447)
w(0,10201,5,17,448)
w(7,10202,5,17,449)
r(12,10160,5,18,450)
r(13,207,5,18,451)
r(1,212,5,18,452)
r(18,162,5,18,453)
r(11,184,5,18,454)
r(4,10181,5,18,455)
r(1,212,5,18,456)
r(5,10193,5,18,457)
r(0,10201,5,18,458)
r(1,212,5,18,459)
r(7,10202,5,18,460)
w(8,10203,5,18,461)
w(0,10204,5,18,462)
w(2,10205,5,18,463)
w(16,10206,5,18,464)
w(0,10207,5,18,465)
w(0,10208,5,18,466)
w(2,10209,5,18,467)
w(4,10210,5,18,468)
w(11,10211,5,18,469)
w(0,10212,5,18,470)
w(3,10213,5,18,471)
w(17,10214,5,18,472)
w(1,10215,5,18,473)
w(0,10216,5,18,474)
r(3,10213,5,19,475)
r(8,10203,5,19,476)
r(2,10209,5,19,477)
r(0,10216,5,19,478)
r(2,10209,5,19,479)
r(4,10210,5,19,480)
r(0,10216,5,19,481)
r(3,10213,5,19,482)
r(2,10209,5,19,483)
r(16,10206,5,19,484)
r(16,10206,5,19,485)
r(0,10216,5,19,486)
r(1,10215,5,19,487)
r(0,10216,5,19,488)
r(0,10216,5,19,489)
r(8,10203,5,19,490)
w(8,10217,5,19,491)
w(16,10218,5,19,492)
w(0,10219,5,19,493)
w(2,10220,5,19,494)
w(9,10221,5,19,495)
w(6,10222,5,19,496)
w(15,10223,5,19,497)
w(1,10224,5,19,498)
w(0,10225,5,19,499)
r(1,10224,5,20,500)
r(1,10224,5,20,501)
r(14,211,5,20,502)
r(0,10225,5,20,503)
r(0,10225,5,20,504)
r(12,236,5,20,505)
r(1,10224,5,20,506)
r(1,10224,5,20,507)
r(0,10225,5,20,508)
r(0,10225,5,20,509)
w(8,10226,5,20,510)
w(8,10227,5,20,511)
w(7,10228,5,20,512)
w(1,10229,5,20,513)
w(12,10230,5,20,514)
w(1,10231,5,20,515)
w(4,10232,5,20,516)
w(0,10233,5,20,517)
w(2,10234,5,20,518)
w(5,10235,5,20,519)
w(0,10236,5,20,520)
w(3,10237,5,20,521)
w(1,10238,5,20,522)
w(0,10239,5,20,523)
w(3,10240,5,20,524)
w(7,10241,5,21,525)
w(1,10242,5,21,526)
w(2,10243,5,21,527)
w(0,10244,5,21,528)
w(1,10245,5,21,529)
w(19,10246,5,21,530)
w(1,10247,5,21,531)
w(1,10248,5,21,532)
w(0,10249,5,21,533)
w(4,10250,5,21,534)
w(16,10251,5,21,535)
w(10,10252,5,21,536)
w(2,10253,5,21,537)
w(13,10254,5,21,538)
w(15,10255,5,21,539)
w(2,10256,5,21,540)
w(5,10257,5,21,541)
w(0,10258,5,21,542)
w(5,10259,5,21,543)
w(9,10260,5,21,544)
w(6,10261,5,21,545)
w(1,10262,5,21,546)
w(0,10263,5,21,547)
w(0,10264,5,21,548)
w(4,10265,5,21,549)
r(1,10262,5,22,550)
r(17,10214,5,22,551)
r(0,10264,5,22,552)
r(12,10230,5,22,553)
r(1,10262,5,22,554)
r(4,10265,5,22,555)
r(2,10256,5,22,556)
r(0,10264,5,22,557)
r(0,10264,5,22,558)
r(4,10265,5,22,559)
r(1,10262,5,22,560)
r(3,10240,5,22,561)
r(1,10262,5,22,562)
r(2,10256,5,22,563)
r(6,10261,5,22,564)
w(5,10266,5,22,565)
w(0,10267,5,22,566)
w(1,10268,5,22,567)
w(0,10269,5,22,568)
w(0,10270,5,22,569)
w(1,10271,5,22,570)
w(0,10272,5,22,571)
w(19,10273,5,22,572)
w(2,10274,5,22,573)
w(0,10275,5,22,574)
r(0,10275,5,23,575)
r(3,10240,5,23,576)
r(19,10273,5,23,577)
r(0,10275,5,23,578)
r(1,10271,5,23,579)
r(0,10275,5,23,580)
r(0,10275,5,23,581)
r(4,274,5,23,582)
r(4,274,5,23,583)
w(10,10276,5,23,584)
w(10,10277,5,23,585)
w(1,10278,5,23,586)
w(15,10279,5,23,587)
w(2,10280,5,23,588)
w(0,10281,5,23,589)
w(5,10282,5,23,590)
w(17,10283,5,23,591)
w(0,10284,5,23,592)
w(10,10285,5,23,593)
w(0,10286,5,23,594)
w(0,10287,5,23,595)
w(16,10288,5,23,596)
w(1,10289,5,23,597)
w(13,10290,5,23,598)
w(12,10291,5,23,599)
r(2,10280,5,24,600)
r(0,10287,5,24,601)
r(6,290,5,24,602)
r(3,284,5,24,603)
r(10,10285,5,24,604)
r(4,274,5,24,605)
r(3,284,5,24,606)
r(1,10289,5,24,607)
r(1,10289,5,24,608)
r(0,10287,5,24,609)
r(0,10287,5,24,610)
r(1,10289,5,24,611)
r(3,284,5,24,612)
r(18,271,5,24,613)
r(1,10289,5,24,614)
r(2,10280,5,24,615)
r(16,10288,5,24,616)
r(0,10287,5,24,617)
r(11,257,5,24,618)
r(3,284,5,24,619)
r(0,10287,5,24,620)
r(1,10289,5,24,621)
r(8,286,5,24,622)
r(1,10289,5,24,623)
r(0,10287,5,24,624)
r(2,311,5,25,625)
r(0,315,5,25,626)
r(7,285,5,25,627)
r(2,311,5,25,628)
r(5,10282,5,25,629)
r(0,315,5,25,630)
r(0,315,5,25,631)
r(0,315,5,25,632)
r(1,317,5,25,633)
r(15,298,5,25,634)
r(14,211,5,25,635)
r(0,315,5,25,636)
r(1,317,5,25,637)
r(0,315,5,25,638)
r(1,317,5,25,639)
r(1,317,5,25,640)
r(6,309,5,25,641)
r(14,211,5,25,642)
r(0,315,5,25,643)
r(1,317,5,25,644)
r(0,315,5,25,645)
r(11,257,5,25,646)
r(4,308,5,25,647)
r(1,317,5,25,648)
r(5,10282,5,25,649)
r(0,315,5,26,650)
r(1,317,5,26,651)
r(3,310,5,26,652)
r(0,315,5,26,653)
r(1,317,5,26,654)
r(1,317,5,26,655)
r(0,315,5,26,656)
r(4,308,5,26,657)
r(1,317,5,26,658)
r(0,315,5,26,659)
r(0,315,5,26,660)
r(15,298,5,26,661)
r(1,317,5,26,662)
w(0,10292,5,26,663)
w(1,10293,5,26,664)
w(1,10294,5,26,665)
w(4,10295,5,26,666)
w(1,10296,5,26,667)
w(9,10297,5,26,668)
w(2,10298,5,26,669)
w(1,10299,5,26,670)
w(5,10300,5,26,671)
w(1,10301,5,26,672)
w(1,10302,5,26,673)
w(4,10303,5,26,674)
