w(6,6001,3,0,0)
w(1,6002,3,0,1)
w(0,6003,3,0,2)
w(19,6004,3,0,3)
w(0,6005,3,0,4)
w(11,6006,3,0,5)
w(3,6007,3,0,6)
w(6,6008,3,0,7)
w(6,6009,3,0,8)
w(1,6010,3,0,9)
w(10,6011,3,0,10)
w(4,6012,3,0,11)
w(16,6013,3,0,12)
w(7,6014,3,0,13)
w(10,6015,3,0,14)
w(4,6016,3,0,15)
w(4,6017,3,0,16)
w(0,6018,3,0,17)
w(2,6019,3,0,18)
w(14,6020,3,0,19)
w(1,6021,3,0,20)
w(9,6022,3,0,21)
w(0,6023,3,0,22)
w(0,6024,3,0,23)
w(9,6025,3,0,24)
r(3,6007,3,1,25)
r(0,4048,3,1,26)
r(0,4048,3,1,27)
r(0,4048,3,1,28)
r(0,4048,3,1,29)
r(4,4045,3,1,30)
r(1,4050,3,1,31)
r(3,6007,3,1,32)
r(0,4048,3,1,33)
r(8,0,3,1,34)
r(2,4046,3,1,35)
w(1,6026,3,1,36)
w(15,6027,3,1,37)
w(0,6028,3,1,38)
w(0,6029,3,1,39)
w(7,6030,3,1,40)
w(0,6031,3,1,41)
w(2,6032,3,1,42)
w(0,6033,3,1,43)
w(0,6034,3,1,44)
w(1,6035,3,1,45)
w(2,6036,3,1,46)
w(10,6037,3,1,47)
w(0,6038,3,1,48)
w(12,6039,3,1,49)
w(2,6040,3,2,50)
w(3,6041,3,2,51)
w(15,6042,3,2,52)
w(8,6043,3,2,53)
w(1,6044,3,2,54)
w(2,6045,3,2,55)
w(12,6046,3,2,56)
w(10,6047,3,2,57)
w(0,6048,3,2,58)
w(0,6049,3,2,59)
w(5,6050,3,2,60)
w(0,6051,3,2,61)
w(14,6052,3,2,62)
w(13,6053,3,2,63)
w(1,6054,3,2,64)
w(5,6055,3,2,65)
w(0,6056,3,2,66)
w(2,6057,3,2,67)
w(8,6058,3,2,68)
w(8,6059,3,2,69)
w(2,6060,3,2,70)
w(0,6061,3,2,71)
w(16,6062,3,2,72)
w(2,6063,3,2,73)
w(17,6064,3,2,74)
w(2,6065,3,3,75)
w(0,6066,3,3,76)
w(1,6067,3,3,77)
w(1,6068,3,3,78)
w(14,6069,3,3,79)
w(2,6070,3,3,80)
w(6,6071,3,3,81)
w(4,6072,3,3,82)
w(0,6073,3,3,83)
w(4,6074,3,3,84)
w(1,6075,3,3,85)
w(3,6076,3,3,86)
w(5,6077,3,3,87)
w(0,6078,3,3,88)
w(0,6079,3,3,89)
w(2,6080,3,3,90)
w(0,6081,3,3,91)
w(12,6082,3,3,92)
w(17,6083,3,3,93)
w(0,6084,3,3,94)
w(1,6085,3,3,95)
w(18,6086,3,3,96)
w(2,6087,3,3,97)
w(9,6088,3,3,98)
w(0,6089,3,3,99)
r(0,6089,3,4,100)
r(2,6087,3,4,101)
r(7,46,3,4,102)
r(4,6074,3,4,103)
r(0,6089,3,4,104)
r(9,6088,3,4,105)
r(2,6087,3,4,106)
r(0,6089,3,4,107)
r(4,6074,3,4,108)
r(12,6082,3,4,109)
r(1,6085,3,4,110)
r(3,6076,3,4,111)
r(17,6083,3,4,112)
r(6,6071,3,4,113)
r(6,6071,3,4,114)
r(9,6088,3,4,115)
r(1,6085,3,4,116)
w(0,6090,3,4,117)
w(9,6091,3,4,118)
w(4,6092,3,4,119)
w(4,6093,3,4,120)
w(2,6094,3,4,121)
w(0,6095,3,4,122)
w(0,6096,3,4,123)
w(8,6097,3,4,124)
r(19,32,3,5,125)
r(3,54,3,5,126)
r(0,4068,3,5,127)
r(14,6069,3,5,128)
r(10,6047,3,5,129)
r(3,54,3,5,130)
r(5,4061,3,5,131)
r(3,54,3,5,132)
r(1,4065,3,5,133)
r(1,4065,3,5,134)
r(0,4068,3,5,135)
r(10,6047,3,5,136)
r(2,6094,3,5,137)
r(0,4068,3,5,138)
r(2,6094,3,5,139)
r(0,4068,3,5,140)
r(0,4068,3,5,141)
r(0,4068,3,5,142)
r(2,6094,3,5,143)
r(0,4068,3,5,144)
r(2,6094,3,5,145)
r(1,4065,3,5,146)
r(0,4068,3,5,147)
r(0,4068,3,5,148)
r(1,4065,3,5,149)
r(17,6103,3,7,175)
r(8,4074,3,7,176)
r(0,6109,3,7,177)
r(0,6109,3,7,178)
r(17,6103,3,7,179)
r(0,6109,3,7,180)
r(10,4073,3,7,181)
r(13,72,3,7,182)
r(0,6109,3,7,183)
r(1,6108,3,7,184)
r(10,4073,3,7,185)
r(2,78,3,7,186)
r(0,6109,3,7,187)
r(0,6109,3,7,188)
r(2,78,3,7,189)
w(0,6110,3,7,190)
w(13,6111,3,7,191)
w(4,6112,3,7,192)
w(2,6113,3,7,193)
w(1,6114,3,7,194)
w(13,6115,3,7,195)
w(0,6116,3,7,196)
w(6,6117,3,7,197)
w(0,6118,3,7,198)
w(6,6119,3,7,199)
r(2,4098,3,8,200)
r(0,4104,3,8,201)
r(13,6115,3,8,202)
r(5,4097,3,8,203)
r(16,4082,3,8,204)
r(5,4097,3,8,205)
r(5,4097,3,8,206)
r(2,4098,3,8,207)
r(0,4104,3,8,208)
r(2,4098,3,8,209)
r(18,4094,3,8,210)
r(0,4104,3,8,211)
r(17,6103,3,8,212)
r(2,4098,3,8,213)
r(7,4096,3,8,214)
r(5,4097,3,8,215)
w(15,6120,3,8,216)
w(4,6121,3,8,217)
w(2,6122,3,8,218)
w(16,6123,3,8,219)
w(0,6124,3,8,220)
w(6,6125,3,8,221)
w(0,6126,3,8,222)
w(1,6127,3,8,223)
w(7,6128,3,8,224)
w(0,6129,3,9,225)
w(10,6130,3,9,226)
w(0,6131,3,9,227)
w(1,6132,3,9,228)
w(8,6133,3,9,229)
w(1,6134,3,9,230)
w(19,6135,3,9,231)
w(3,6136,3,9,232)
w(3,6137,3,9,233)
w(0,6138,3,9,234)
w(0,6139,3,9,235)
w(13,6140,3,9,236)
w(6,6141,3,9,237)
w(18,6142,3,9,238)
w(0,6143,3,9,239)
w(6,6144,3,9,240)
w(0,6145,3,9,241)
w(0,6146,3,9,242)
w(0,6147,3,9,243)
w(0,6148,3,9,244)
w(0,6149,3,9,245)
w(11,6150,3,9,246)
w(1,6151,3,9,247)
w(2,6152,3,9,248)
w(3,6153,3,9,249)
r(4,6177,3,11,275)
r(0,141,3,11,276)
r(5,143,3,11,277)
r(12,132,3,11,278)
r(4,6177,3,11,279)
r(10,4129,3,11,280)
r(2,4133,3,11,281)
r(3,137,3,11,282)
r(14,101,3,11,283)
r(0,141,3,11,284)
w(1,6179,3,11,285)
w(0,6180,3,11,286)
w(0,6181,3,11,287)
w(11,6182,3,11,288)
w(1,6183,3,11,289)
w(18,6184,3,11,290)
w(0,6185,3,11,291)
w(0,6186,3,11,292)
w(10,6187,3,11,293)
w(14,6188,3,11,294)
w(8,6189,3,11,295)
w(8,6190,3,11,296)
w(2,6191,3,11,297)
w(3,6192,3,11,298)
w(2,6193,3,11,299)
r(6,4181,3,12,300)
r(3,4182,3,12,301)
r(6,4181,3,12,302)
r(0,4184,3,12,303)
r(0,4184,3,12,304)
r(1,4183,3,12,305)
r(0,4184,3,12,306)
r(1,4183,3,12,307)
r(1,4183,3,12,308)
r(4,4175,3,12,309)
r(6,4181,3,12,310)
r(18,6184,3,12,311)
r(10,4163,3,12,312)
r(2,4180,3,12,313)
r(8,4186,3,12,314)
r(4,4175,3,12,315)
r(6,4181,3,12,316)
r(7,4185,3,12,317)
r(6,4181,3,12,318)
r(4,4175,3,12,319)
r(0,4184,3,12,320)
r(7,4185,3,12,321)
r(2,4180,3,12,322)
r(7,4185,3,12,323)
r(1,4183,3,12,324)
w(1,6194,3,13,325)
w(9,6195,3,13,326)
w(6,6196,3,13,327)
w(0,6197,3,13,328)
w(1,6198,3,13,329)
w(14,6199,3,13,330)
w(7,6200,3,13,331)
w(0,6201,3,13,332)
w(8,6202,3,13,333)
w(0,6203,3,13,334)
w(4,6204,3,13,335)
w(1,6205,3,13,336)
w(5,6206,3,13,337)
w(4,6207,3,13,338)
w(1,6208,3,13,339)
w(2,6209,3,13,340)
w(8,6210,3,13,341)
w(0,6211,3,13,342)
w(4,6212,3,13,343)
w(1,6213,3,13,344)
w(3,6214,3,13,345)
w(2,6215,3,13,346)
w(0,6216,3,13,347)
w(16,6217,3,13,348)
w(7,6218,3,13,349)
r(19,4138,3,14,350)
r(4,6212,3,14,351)
r(0,4194,3,14,352)
r(15,153,3,14,353)
r(6,6196,3,14,354)
r(0,4194,3,14,355)
r(0,4194,3,14,356)
r(0,4194,3,14,357)
r(6,6196,3,14,358)
r(5,6206,3,14,359)
r(15,153,3,14,360)
r(6,6196,3,14,361)
r(8,4197,3,14,362)
r(4,6212,3,14,363)
r(16,6217,3,14,364)
r(0,4194,3,14,365)
r(15,153,3,14,366)
r(9,4187,3,14,367)
r(18,146,3,14,368)
r(1,4198,3,14,369)
r(7,6218,3,14,370)
r(7,6218,3,14,371)
r(1,4198,3,14,372)
r(1,4198,3,14,373)
r(5,6206,3,14,374)
r(15,153,3,15,375)
r(3,4190,3,15,376)
r(7,6218,3,15,377)
r(0,4194,3,15,378)
r(6,6196,3,15,379)
r(0,4194,3,15,380)
r(6,6196,3,15,381)
r(0,4194,3,15,382)
r(0,4194,3,15,383)
r(3,4190,3,15,384)
r(0,4194,3,15,385)
r(13,4170,3,15,386)
r(16,6217,3,15,387)
r(0,4194,3,15,388)
r(16,6217,3,15,389)
r(6,6196,3,15,390)
r(0,4194,3,15,391)
r(3,4190,3,15,392)
r(4,6212,3,15,393)
r(2,4196,3,15,394)
r(5,6206,3,15,395)
r(0,4194,3,15,396)
r(1,4198,3,15,397)
r(13,4170,3,15,398)
r(17,119,3,15,399)
r(12,132,3,16,400)
r(0,160,3,16,401)
r(5,6206,3,16,402)
r(0,160,3,16,403)
r(0,160,3,16,404)
r(0,160,3,16,405)
r(0,160,3,16,406)
r(17,119,3,16,407)
r(3,4190,3,16,408)
r(8,159,3,16,409)
r(18,146,3,16,410)
r(0,160,3,16,411)
r(0,160,3,16,412)
r(0,160,3,16,413)
r(0,160,3,16,414)
r(4,6212,3,16,415)
w(5,6219,3,16,416)
w(12,6220,3,16,417)
w(1,6221,3,16,418)
w(12,6222,3,16,419)
w(1,6223,3,16,420)
w(5,6224,3,16,421)
w(7,6225,3,16,422)
w(10,6226,3,16,423)
w(0,6227,3,16,424)
r(4,4218,3,17,425)
r(0,6227,3,17,426)
r(13,4213,3,17,427)
r(0,6227,3,17,428)
r(0,6227,3,17,429)
r(8,159,3,17,430)
r(0,6227,3,17,431)
r(1,6223,3,17,432)
r(12,6222,3,17,433)
r(2,4221,3,17,434)
r(9,4187,3,17,435)
r(0,6227,3,17,436)
r(0,6227,3,17,437)
r(13,4213,3,17,438)
w(5,6228,3,17,439)
w(4,6229,3,17,440)
w(5,6230,3,17,441)
w(2,6231,3,17,442)
w(8,6232,3,17,443)
w(1,6233,3,17,444)
w(17,6234,3,17,445)
w(4,6235,3,17,446)
w(1,6236,3,17,447)
w(3,6237,3,17,448)
w(7,6238,3,17,449)
w(6,6267,3,20,500)
w(11,6268,3,20,501)
w(0,6269,3,20,502)
w(1,6270,3,20,503)
w(1,6271,3,20,504)
w(15,6272,3,20,505)
w(0,6273,3,20,506)
w(14,6274,3,20,507)
w(0,6275,3,20,508)
w(9,6276,3,20,509)
w(3,6277,3,20,510)
w(0,6278,3,20,511)
w(0,6279,3,20,512)
w(0,6280,3,20,513)
w(4,6281,3,20,514)
w(6,6282,3,20,515)
w(16,6283,3,20,516)
w(0,6284,3,20,517)
w(14,6285,3,20,518)
w(4,6286,3,20,519)
w(0,6287,3,20,520)
w(1,6288,3,20,521)
w(16,6289,3,20,522)
w(3,6290,3,20,523)
w(3,6291,3,20,524)
r(3,275,3,21,525)
r(3,275,3,21,526)
r(10,4280,3,21,527)
r(13,273,3,21,528)
r(3,275,3,21,529)
r(11,6268,3,21,530)
r(1,284,3,21,531)
r(9,6276,3,21,532)
r(17,250,3,21,533)
r(9,6276,3,21,534)
r(9,6276,3,21,535)
r(5,261,3,21,536)
r(1,284,3,21,537)
r(9,6276,3,21,538)
r(0,285,3,21,539)
r(0,285,3,21,540)
r(0,285,3,21,541)
r(13,273,3,21,542)
r(6,6282,3,21,543)
r(0,285,3,21,544)
r(8,280,3,21,545)
r(0,285,3,21,546)
r(10,4280,3,21,547)
r(0,285,3,21,548)
r(0,285,3,21,549)
r(4,266,3,22,550)
r(0,285,3,22,551)
r(5,261,3,22,552)
r(2,282,3,22,553)
r(0,285,3,22,554)
r(15,6272,3,22,555)
r(1,284,3,22,556)
r(7,283,3,22,557)
r(2,282,3,22,558)
r(0,285,3,22,559)
r(6,6282,3,22,560)
r(0,285,3,22,561)
r(0,285,3,22,562)
r(0,285,3,22,563)
r(0,285,3,22,564)
r(0,285,3,22,565)
r(9,6276,3,22,566)
r(4,266,3,22,567)
r(6,6282,3,22,568)
r(2,282,3,22,569)
r(14,267,3,22,570)
r(15,6272,3,22,571)
r(5,261,3,22,572)
r(5,261,3,22,573)
r(1,284,3,22,574)
r(0,285,3,23,575)
r(16,6289,3,23,576)
r(0,285,3,23,577)
r(17,250,3,23,578)
r(2,282,3,23,579)
r(1,284,3,23,580)
r(0,285,3,23,581)
r(5,261,3,23,582)
r(5,261,3,23,583)
r(2,282,3,23,584)
r(4,266,3,23,585)
r(3,275,3,23,586)
w(0,6292,3,23,587)
w(10,6293,3,23,588)
w(6,6294,3,23,589)
w(14,6295,3,23,590)
w(3,6296,3,23,591)
w(1,6297,3,23,592)
w(8,6298,3,23,593)
w(4,6299,3,23,594)
w(13,6300,3,23,595)
w(0,6301,3,23,596)
w(1,6302,3,23,597)
w(13,6303,3,23,598)
w(0,6304,3,23,599)
r(3,6296,3,24,600)
r(1,6302,3,24,601)
r(4,6299,3,24,602)
r(4,6299,3,24,603)
r(0,6304,3,24,604)
r(19,4138,3,24,605)
r(19,4138,3,24,606)
r(2,282,3,24,607)
r(3,6296,3,24,608)
r(1,6302,3,24,609)
r(9,6276,3,24,610)
r(0,6304,3,24,611)
r(1,6302,3,24,612)
r(0,6304,3,24,613)
r(16,6289,3,24,614)
r(10,6293,3,24,615)
r(13,6303,3,24,616)
w(15,6305,3,24,617)
w(10,6306,3,24,618)
w(0,6307,3,24,619)
w(2,6308,3,24,620)
w(5,6309,3,24,621)
w(0,6310,3,24,622)
w(2,6311,3,24,623)
w(2,6312,3,24,624)
