r(16,0,0,0)
r(92,0,0,0)
r(35,0,0,0)
r(37,0,0,0)
r(89,0,0,0)
r(1,0,0,0)
r(79,0,0,0)
r(63,0,0,0)
r(27,0,0,0)
r(39,0,0,0)
r(38,0,0,0)
r(89,0,0,0)
r(36,0,0,0)
r(63,0,0,0)
r(3,0,0,0)
r(58,0,0,0)
r(56,0,0,0)
r(75,0,0,0)
r(12,0,0,0)
r(55,0,0,0)
r(64,0,0,1)
r(41,0,0,1)
r(98,0,0,1)
r(81,0,0,1)
r(38,0,0,1)
r(83,0,0,1)
r(85,0,0,1)
r(88,0,0,1)
r(35,0,0,1)
w(97,1,0,1)
w(95,2,0,1)
w(69,3,0,1)
w(96,4,0,1)
w(67,5,0,1)
w(10,6,0,1)
w(92,7,0,1)
w(76,8,0,1)
w(57,9,0,1)
w(10,10,0,1)
w(52,11,0,1)
r(60,0,0,2)
r(99,810,0,2)
r(68,0,0,2)
r(35,0,0,2)
r(55,0,0,2)
r(63,0,0,2)
r(98,0,0,2)
r(30,0,0,2)
r(42,816,0,2)
w(66,12,0,2)
w(62,13,0,2)
w(97,14,0,2)
w(57,15,0,2)
w(57,16,0,2)
w(56,17,0,2)
w(19,18,0,2)
w(80,19,0,2)
w(88,20,0,2)
w(43,21,0,2)
w(48,22,0,2)
r(97,14,0,3)
r(33,0,0,3)
r(57,16,0,3)
r(63,842,0,3)
r(92,7,0,3)
r(17,0,0,3)
r(71,0,0,3)
r(90,0,0,3)
r(61,848,0,3)
w(24,23,0,3)
w(46,24,0,3)
w(40,25,0,3)
w(21,26,0,3)
w(37,27,0,3)
w(49,28,0,3)
w(97,29,0,3)
w(80,30,0,3)
w(2,31,0,3)
w(40,32,0,3)
w(80,33,0,3)
r(38,0,0,4)
r(32,869,0,4)
r(5,823,0,4)
r(85,0,0,4)
r(17,0,0,4)
r(32,869,0,4)
r(5,823,0,4)
r(65,0,0,4)
r(80,33,0,4)
w(38,34,0,4)
w(14,35,0,4)
w(40,36,0,4)
w(3,37,0,4)
w(60,38,0,4)
w(32,39,0,4)
w(15,40,0,4)
w(25,41,0,4)
w(85,42,0,4)
w(2,43,0,4)
w(33,44,0,4)
w(54,45,0,5)
w(73,46,0,5)
w(45,47,0,5)
w(41,48,0,5)
w(20,49,0,5)
w(17,50,0,5)
w(29,51,0,5)
w(23,52,0,5)
w(53,53,0,5)
w(27,54,0,5)
w(82,55,0,5)
w(67,56,0,5)
w(30,57,0,5)
w(29,58,0,5)
w(83,59,0,5)
w(46,60,0,5)
w(26,61,0,5)
w(10,62,0,5)
w(23,63,0,5)
w(26,64,0,5)
r(58,817,0,6)
r(85,42,0,6)
r(92,7,0,6)
r(9,0,0,6)
r(77,0,0,6)
r(46,60,0,6)
r(9,0,0,6)
r(93,841,0,6)
r(27,54,0,6)
r(67,56,0,6)
r(75,819,0,6)
r(99,810,0,6)
r(89,0,0,6)
r(76,877,0,6)
r(76,877,0,6)
r(60,38,0,6)
r(12,821,0,6)
r(11,0,0,6)
r(53,53,0,6)
r(38,34,0,6)
r(98,0,0,7)
r(18,0,0,7)
r(67,56,0,7)
r(85,42,0,7)
r(15,40,0,7)
r(0,890,0,7)
r(34,822,0,7)
r(85,42,0,7)
r(55,844,0,7)
r(3,37,0,7)
r(73,46,0,7)
r(93,841,0,7)
r(49,28,0,7)
r(35,0,0,7)
r(5,823,0,7)
r(17,50,0,7)
r(14,35,0,7)
r(18,0,0,7)
r(40,36,0,7)
r(62,13,0,7)
r(85,42,0,8)
r(2,43,0,8)
r(10,888,0,8)
r(57,16,0,8)
r(86,824,0,8)
r(86,824,0,8)
r(35,0,0,8)
r(23,63,0,8)
r(43,21,0,8)
r(82,881,0,8)
r(60,38,0,8)
r(92,7,0,8)
r(25,41,0,8)
r(43,21,0,8)
r(45,47,0,8)
r(41,48,0,8)
r(50,0,0,8)
r(52,11,0,8)
r(66,12,0,8)
r(71,0,0,8)
w(61,65,0,9)
w(77,66,0,9)
w(43,67,0,9)
w(8,68,0,9)
w(67,69,0,9)
w(81,70,0,9)
w(25,71,0,9)
w(29,72,0,9)
w(34,73,0,9)
w(44,74,0,9)
w(47,75,0,9)
w(30,76,0,9)
w(38,77,0,9)
w(69,78,0,9)
w(77,79,0,9)
w(0,80,0,9)
w(62,81,0,9)
w(90,82,0,9)
w(64,83,0,9)
w(9,84,0,9)
r(79,0,0,10)
r(67,69,0,10)
r(32,39,0,10)
r(54,45,0,10)
r(21,26,0,10)
r(43,67,0,10)
r(98,0,0,10)
r(30,76,0,10)
r(38,77,0,10)
r(92,7,0,10)
r(35,0,0,10)
r(81,70,0,10)
r(66,12,0,10)
r(71,0,0,10)
r(96,893,0,10)
r(18,0,0,10)
r(85,42,0,10)
r(57,904,0,10)
r(24,23,0,10)
r(8,68,0,10)
r(31,885,0,11)
r(69,78,0,11)
r(74,876,0,11)
r(30,76,0,11)
r(99,908,0,11)
r(84,847,0,11)
r(64,914,0,11)
r(60,38,0,11)
r(31,885,0,11)
r(80,33,0,11)
r(15,40,0,11)
r(45,47,0,11)
r(0,80,0,11)
w(45,85,0,11)
w(14,86,0,11)
w(55,87,0,11)
w(67,88,0,11)
w(22,89,0,11)
w(73,90,0,11)
w(22,91,0,11)
r(26,64,0,12)
r(3,37,0,12)
r(32,39,0,12)
r(44,74,0,12)
r(60,38,0,12)
r(52,11,0,12)
r(16,0,0,12)
r(41,48,0,12)
r(41,48,0,12)
r(31,885,0,12)
r(39,892,0,12)
r(76,928,0,12)
r(69,78,0,12)
r(66,12,0,12)
r(14,86,0,12)
r(69,78,0,12)
r(52,11,0,12)
r(70,901,0,12)
r(58,817,0,12)
r(71,0,0,12)
r(33,883,0,13)
r(37,906,0,13)
r(71,0,0,13)
r(76,928,0,13)
r(45,85,0,13)
r(31,885,0,13)
r(65,0,0,13)
r(36,899,0,13)
r(91,927,0,13)
w(31,92,0,13)
w(68,93,0,13)
w(90,94,0,13)
w(89,95,0,13)
w(26,96,0,13)
w(64,97,0,13)
w(49,98,0,13)
w(67,99,0,13)
w(66,100,0,13)
w(71,101,0,13)
w(14,102,0,13)
r(60,38,0,14)
r(55,87,0,14)
r(47,924,0,14)
r(88,20,0,14)
r(42,900,0,14)
r(55,87,0,14)
r(24,23,0,14)
r(68,93,0,14)
r(9,84,0,14)
r(63,921,0,14)
r(30,946,0,14)
r(6,923,0,14)
r(65,0,0,14)
r(41,951,0,14)
w(7,103,0,14)
w(22,104,0,14)
w(56,105,0,14)
w(24,106,0,14)
w(87,107,0,14)
w(39,108,0,14)
r(24,955,0,15)
r(60,38,0,15)
r(49,98,0,15)
r(99,944,0,15)
r(63,921,0,15)
r(4,943,0,15)
r(96,128,0,15)
r(67,99,0,15)
r(80,953,0,15)
r(66,100,0,15)
r(49,98,0,15)
r(72,910,0,15)
r(40,952,0,15)
r(67,99,0,15)
w(24,129,0,15)
w(97,130,0,15)
w(92,131,0,15)
w(25,132,0,15)
w(56,133,0,15)
w(59,134,0,15)
w(11,135,0,16)
w(75,136,0,16)
w(68,137,0,16)
w(90,138,0,16)
w(29,139,0,16)
w(48,140,0,16)
w(31,141,0,16)
w(66,142,0,16)
w(50,143,0,16)
w(36,144,0,16)
w(5,145,0,16)
w(7,146,0,16)
w(75,147,0,16)
w(70,148,0,16)
w(74,149,0,16)
w(38,150,0,16)
w(6,151,0,16)
w(50,152,0,16)
w(83,153,0,16)
w(64,154,0,16)
w(26,155,0,17)
w(20,156,0,17)
w(52,157,0,17)
w(64,158,0,17)
w(60,159,0,17)
w(48,160,0,17)
w(49,161,0,17)
w(19,162,0,17)
w(21,163,0,17)
w(3,164,0,17)
w(25,165,0,17)
w(48,166,0,17)
w(19,167,0,17)
w(65,168,0,17)
w(95,169,0,17)
w(22,170,0,17)
w(50,171,0,17)
w(64,172,0,17)
w(67,173,0,17)
w(13,174,0,17)
r(80,857,1,18)
r(42,853,1,18)
r(3,0,1,18)
r(66,12,1,18)
r(98,0,1,18)
r(71,0,1,18)
r(72,843,1,18)
r(47,832,1,18)
r(68,0,1,18)
r(26,0,1,18)
r(98,0,1,18)
r(45,818,1,18)
r(86,824,1,18)
r(39,859,1,18)
r(4,0,1,18)
r(75,819,1,18)
r(92,7,1,18)
r(46,0,1,18)
r(95,855,1,18)
r(47,832,1,18)
r(73,90,1,19)
r(89,1022,1,19)
r(38,150,1,19)
r(9,962,1,19)
r(79,1005,1,19)
r(62,965,1,19)
r(74,1037,1,19)
r(73,90,1,19)
r(19,1004,1,19)
r(58,963,1,19)
r(32,995,1,19)
r(93,979,1,19)
r(68,1031,1,19)
r(60,159,1,19)
r(57,973,1,19)
r(86,1025,1,19)
r(92,131,1,19)
r(48,166,1,19)
r(63,921,1,19)
r(86,1025,1,19)
r(10,950,1,20)
r(96,997,1,20)
r(38,150,1,20)
r(51,1012,1,20)
r(87,107,1,20)
r(99,1024,1,20)
r(84,847,1,20)
r(22,175,1,20)
r(63,921,1,20)
r(27,1027,1,20)
r(48,166,1,20)
r(73,90,1,20)
r(37,906,1,20)
r(18,966,1,20)
r(13,177,1,20)
r(48,166,1,20)
r(22,175,1,20)
r(23,63,1,20)
r(10,950,1,20)
r(89,1022,1,20)
w(11,526,1,21)
w(54,527,1,21)
w(38,528,1,21)
w(97,529,1,21)
w(5,530,1,21)
w(50,531,1,21)
w(52,532,1,21)
w(18,533,1,21)
w(20,534,1,21)
w(91,535,1,21)
w(31,536,1,21)
w(62,537,1,21)
w(60,538,1,21)
w(5,539,1,21)
w(69,540,1,21)
w(18,541,1,21)
w(69,542,1,21)
w(96,543,1,21)
w(9,544,1,21)
w(91,545,1,21)
r(36,144,1,22)
r(78,0,1,22)
r(19,1004,1,22)
r(72,1002,1,22)
r(31,536,1,22)
r(90,138,1,22)
r(14,970,1,22)
r(91,545,1,22)
r(18,541,1,22)
r(56,133,1,22)
r(15,40,1,22)
r(63,921,1,22)
r(18,541,1,22)
r(79,1005,1,22)
r(81,70,1,22)
r(84,847,1,22)
r(71,1023,1,22)
r(52,532,1,22)
r(68,1031,1,22)
r(69,542,1,22)
r(28,974,1,23)
r(61,65,1,23)
r(49,1033,1,23)
r(41,968,1,23)
r(17,50,1,23)
r(1,935,1,23)
r(44,996,1,23)
r(31,536,1,23)
w(72,546,1,23)
w(70,547,1,23)
w(86,548,1,23)
w(64,549,1,23)
w(23,550,1,23)
w(41,551,1,23)
w(23,552,1,23)
w(99,553,1,23)
w(72,554,1,23)
w(67,555,1,23)
w(32,556,1,23)
w(86,557,1,23)
r(79,1005,1,24)
r(51,1012,1,24)
r(68,1031,1,24)
r(27,1027,1,24)
r(78,0,1,24)
r(18,541,1,24)
r(80,994,1,24)
w(32,558,1,24)
w(43,559,1,24)
w(52,560,1,24)
w(75,561,1,24)
w(67,562,1,24)
w(26,563,1,24)
w(41,564,1,24)
w(20,565,1,24)
w(4,566,1,24)
w(13,567,1,24)
w(46,568,1,24)
w(14,569,1,24)
w(22,570,1,24)
r(41,564,1,25)
r(32,558,1,25)
r(92,131,1,25)
r(92,131,1,25)
r(46,568,1,25)
r(17,50,1,25)
r(75,561,1,25)
r(94,940,1,25)
r(96,543,1,25)
r(18,541,1,25)
r(64,549,1,25)
r(94,940,1,25)
r(20,565,1,25)
r(73,90,1,25)
r(65,1016,1,25)
r(39,1039,1,25)
r(91,545,1,25)
r(93,979,1,25)
r(35,1035,1,25)
r(28,974,1,25)
w(33,571,1,26)
w(49,572,1,26)
w(42,573,1,26)
w(27,574,1,26)
w(54,575,1,26)
w(23,576,1,26)
w(7,577,1,26)
w(57,578,1,26)
w(24,579,1,26)
w(53,580,1,26)
w(6,581,1,26)
w(54,582,1,26)
w(91,583,1,26)
w(85,584,1,26)
w(75,585,1,26)
w(90,586,1,26)
w(15,587,1,26)
w(36,588,1,26)
w(15,589,1,26)
w(56,590,1,26)
r(57,578,1,27)
r(82,1015,1,27)
r(89,1022,1,27)
r(80,994,1,27)
r(40,952,1,27)
r(92,131,1,27)
r(30,1010,1,27)
r(19,1004,1,27)
r(84,847,1,27)
r(80,994,1,27)
r(57,578,1,27)
r(43,559,1,27)
r(11,526,1,27)
r(97,529,1,27)
w(6,591,1,27)
w(58,592,1,27)
w(36,593,1,27)
w(38,594,1,27)
w(32,595,1,27)
w(33,596,1,27)
r(12,1040,1,28)
r(79,1005,1,28)
r(34,959,1,28)
r(29,139,1,28)
r(61,65,1,28)
r(21,1029,1,28)
r(51,1012,1,28)
r(67,562,1,28)
r(80,994,1,28)
r(21,1029,1,28)
r(34,959,1,28)
r(8,68,1,28)
w(84,597,1,28)
w(74,598,1,28)
w(27,599,1,28)
w(11,600,1,28)
w(83,601,1,28)
w(52,602,1,28)
w(44,603,1,28)
w(76,604,1,28)
r(84,597,1,29)
r(27,599,1,29)
r(50,531,1,29)
r(26,563,1,29)
r(17,50,1,29)
r(9,544,1,29)
r(2,176,1,29)
r(45,954,1,29)
r(97,529,1,29)
r(72,554,1,29)
w(9,412,1,29)
w(38,413,1,29)
w(18,414,1,29)
w(86,415,1,29)
w(30,416,1,29)
w(34,417,1,29)
w(30,418,1,29)
w(63,419,1,29)
w(67,420,1,29)
w(19,421,1,29)
r(6,591,1,30)
r(19,421,1,30)
r(21,1029,1,30)
r(13,567,1,30)
r(4,566,1,30)
r(67,420,1,30)
r(90,586,1,30)
r(99,553,1,30)
r(87,107,1,30)
r(69,542,1,30)
r(87,107,1,30)
r(43,559,1,30)
r(72,554,1,30)
r(72,554,1,30)
r(25,165,1,30)
r(94,940,1,30)
r(4,566,1,30)
r(8,68,1,30)
r(21,1029,1,30)
r(13,567,1,30)
w(43,422,1,31)
w(20,423,1,31)
w(36,424,1,31)
w(55,425,1,31)
w(92,426,1,31)
w(60,427,1,31)
w(62,428,1,31)
w(83,429,1,31)
w(15,430,1,31)
w(84,431,1,31)
w(62,432,1,31)
w(34,433,1,31)
w(59,434,1,31)
w(72,435,1,31)
w(72,436,1,31)
w(58,437,1,31)
w(46,438,1,31)
w(93,439,1,31)
w(44,440,1,31)
w(82,441,1,31)
r(17,50,1,32)
r(24,579,1,32)
r(34,433,1,32)
r(36,424,1,32)
r(11,600,1,32)
r(54,582,1,32)
r(35,1035,1,32)
r(10,950,1,32)
r(45,954,1,32)
r(19,421,1,32)
r(15,430,1,32)
r(51,1012,1,32)
r(89,1022,1,32)
r(30,418,1,32)
r(1,935,1,32)
r(62,432,1,32)
r(3,164,1,32)
r(7,577,1,32)
r(84,431,1,32)
r(52,602,1,32)
r(30,418,1,33)
r(93,439,1,33)
r(13,567,1,33)
r(81,70,1,33)
r(53,580,1,33)
r(56,590,1,33)
r(81,70,1,33)
r(94,940,1,33)
r(53,580,1,33)
r(7,577,1,33)
r(68,1031,1,33)
r(3,164,1,33)
w(39,442,1,33)
w(81,443,1,33)
w(63,444,1,33)
w(66,445,1,33)
w(10,446,1,33)
w(25,447,1,33)
w(79,448,1,33)
w(50,449,1,33)
r(53,580,1,34)
r(68,1031,1,34)
r(41,564,1,34)
r(48,166,1,34)
r(62,432,1,34)
r(68,1031,1,34)
r(36,424,1,34)
r(46,438,1,34)
r(52,602,1,34)
r(89,1022,1,34)
r(82,441,1,34)
w(40,450,1,34)
w(8,451,1,34)
w(48,452,1,34)
w(70,453,1,34)
w(0,454,1,34)
w(5,455,1,34)
w(29,456,1,34)
w(54,457,1,34)
w(31,458,1,34)
r(67,420,1,35)
r(64,549,1,35)
r(89,1022,1,35)
r(57,578,1,35)
r(8,451,1,35)
r(37,906,1,35)
r(42,573,1,35)
r(11,600,1,35)
r(67,420,1,35)
r(61,65,1,35)
r(29,456,1,35)
r(24,579,1,35)
r(5,455,1,35)
r(33,596,1,35)
r(38,413,1,35)
r(92,426,1,35)
r(24,579,1,35)
r(37,906,1,35)
r(30,418,1,35)
r(30,418,1,35)
w(51,801,2,36)
w(22,802,2,36)
w(14,803,2,36)
w(61,804,2,36)
w(27,805,2,36)
w(14,806,2,36)
w(2,807,2,36)
w(96,808,2,36)
w(25,809,2,36)
w(99,810,2,36)
w(48,811,2,36)
w(5,812,2,36)
w(44,813,2,36)
w(96,814,2,36)
w(57,815,2,36)
w(42,816,2,36)
w(58,817,2,36)
w(45,818,2,36)
w(75,819,2,36)
w(86,820,2,36)
w(12,821,2,37)
w(34,822,2,37)
w(5,823,2,37)
w(86,824,2,37)
w(57,825,2,37)
w(7,826,2,37)
w(83,827,2,37)
w(19,828,2,37)
w(29,829,2,37)
w(59,830,2,37)
w(59,831,2,37)
w(47,832,2,37)
w(59,833,2,37)
w(63,834,2,37)
w(28,835,2,37)
w(53,836,2,37)
w(74,837,2,37)
w(70,838,2,37)
w(74,839,2,37)
w(14,840,2,37)
w(93,841,2,38)
w(63,842,2,38)
w(72,843,2,38)
w(55,844,2,38)
w(95,845,2,38)
w(32,846,2,38)
w(84,847,2,38)
w(61,848,2,38)
w(15,849,2,38)
w(94,850,2,38)
w(82,851,2,38)
w(73,852,2,38)
w(42,853,2,38)
w(54,854,2,38)
w(95,855,2,38)
w(37,856,2,38)
w(80,857,2,38)
w(51,858,2,38)
w(39,859,2,38)
w(51,860,2,38)
r(92,7,2,39)
r(27,805,2,39)
r(80,857,2,39)
r(51,860,2,39)
r(17,0,2,39)
r(90,0,2,39)
r(43,21,2,39)
r(66,12,2,39)
r(55,844,2,39)
r(50,0,2,39)
r(96,4,2,39)
w(15,861,2,39)
w(53,862,2,39)
w(45,863,2,39)
w(22,864,2,39)
w(39,865,2,39)
w(13,866,2,39)
w(97,867,2,39)
w(3,868,2,39)
w(32,869,2,39)
r(56,17,2,40)
r(9,0,2,40)
r(6,0,2,40)
r(86,824,2,40)
r(32,39,2,40)
r(52,11,2,40)
r(42,853,2,40)
r(97,867,2,40)
r(45,863,2,40)
r(13,866,2,40)
r(63,842,2,40)
w(26,870,2,40)
w(74,871,2,40)
w(37,872,2,40)
w(91,873,2,40)
w(69,874,2,40)
w(33,875,2,40)
w(74,876,2,40)
w(76,877,2,40)
w(41,878,2,40)
r(58,817,2,41)
r(46,60,2,41)
r(97,867,2,41)
r(12,821,2,41)
r(20,49,2,41)
r(43,21,2,41)
r(60,38,2,41)
r(27,54,2,41)
w(8,879,2,41)
w(61,880,2,41)
w(82,881,2,41)
w(13,882,2,41)
w(33,883,2,41)
w(96,884,2,41)
w(31,885,2,41)
w(4,886,2,41)
w(70,887,2,41)
w(10,888,2,41)
w(69,889,2,41)
w(0,890,2,41)
w(93,891,2,42)
w(39,892,2,42)
w(96,893,2,42)
w(68,894,2,42)
w(7,895,2,42)
w(76,896,2,42)
w(25,897,2,42)
w(4,898,2,42)
w(36,899,2,42)
w(42,900,2,42)
w(70,901,2,42)
w(37,902,2,42)
w(57,903,2,42)
w(57,904,2,42)
w(73,905,2,42)
w(37,906,2,42)
w(46,907,2,42)
w(99,908,2,42)
w(72,909,2,42)
w(72,910,2,42)
r(6,0,2,43)
r(69,889,2,43)
r(42,900,2,43)
r(42,900,2,43)
r(77,0,2,43)
r(11,0,2,43)
r(76,896,2,43)
r(82,881,2,43)
w(46,911,2,43)
w(13,912,2,43)
w(77,913,2,43)
w(64,914,2,43)
w(29,915,2,43)
w(2,916,2,43)
w(77,917,2,43)
w(51,918,2,43)
w(34,919,2,43)
w(97,920,2,43)
w(63,921,2,43)
w(14,922,2,43)
r(52,11,2,44)
r(31,885,2,44)
r(82,881,2,44)
r(71,0,2,44)
r(91,873,2,44)
r(92,7,2,44)
r(45,47,2,44)
r(43,67,2,44)
r(30,76,2,44)
r(72,910,2,44)
r(35,0,2,44)
w(6,923,2,44)
w(47,924,2,44)
w(83,925,2,44)
w(51,926,2,44)
w(91,927,2,44)
w(76,928,2,44)
w(49,929,2,44)
w(75,930,2,44)
w(35,931,2,44)
r(27,54,2,45)
r(46,911,2,45)
r(33,883,2,45)
r(53,53,2,45)
r(57,904,2,45)
r(82,881,2,45)
r(66,12,2,45)
r(55,87,2,45)
w(53,932,2,45)
w(92,933,2,45)
w(71,934,2,45)
w(1,935,2,45)
w(83,936,2,45)
w(66,937,2,45)
w(50,938,2,45)
w(2,939,2,45)
w(94,940,2,45)
w(80,941,2,45)
w(70,942,2,45)
w(4,943,2,45)
r(83,936,2,46)
r(93,891,2,46)
r(62,81,2,46)
r(5,823,2,46)
r(47,924,2,46)
r(36,899,2,46)
r(15,40,2,46)
r(24,23,2,46)
r(26,96,2,46)
r(75,930,2,46)
r(10,888,2,46)
r(41,48,2,46)
w(99,944,2,46)
w(7,945,2,46)
w(30,946,2,46)
w(5,947,2,46)
w(76,948,2,46)
w(33,949,2,46)
w(10,950,2,46)
w(41,951,2,46)
r(76,948,2,47)
r(62,81,2,47)
r(44,74,2,47)
r(62,81,2,47)
w(40,952,2,47)
w(80,953,2,47)
w(45,954,2,47)
w(24,955,2,47)
w(55,956,2,47)
w(5,957,2,47)
w(97,958,2,47)
w(34,959,2,47)
w(89,960,2,47)
w(71,961,2,47)
w(9,962,2,47)
w(58,963,2,47)
w(65,964,2,47)
w(62,965,2,47)
w(18,966,2,47)
w(96,967,2,47)
r(61,65,2,48)
r(69,78,2,48)
r(43,67,2,48)
r(48,22,2,48)
r(11,0,2,48)
r(92,933,2,48)
r(73,90,2,48)
r(15,40,2,48)
r(27,54,2,48)
r(55,126,2,48)
w(41,968,2,48)
w(25,969,2,48)
w(14,970,2,48)
w(51,971,2,48)
w(83,972,2,48)
w(57,973,2,48)
w(28,974,2,48)
w(83,975,2,48)
w(4,976,2,48)
w(21,977,2,48)
r(86,824,2,49)
r(48,22,2,49)
r(3,37,2,49)
r(63,921,2,49)
r(0,80,2,49)
r(8,68,2,49)
r(93,891,2,49)
r(19,18,2,49)
r(91,927,2,49)
r(65,964,2,49)
w(21,978,2,49)
w(93,979,2,49)
w(27,980,2,49)
w(49,981,2,49)
w(65,982,2,49)
w(32,983,2,49)
w(83,984,2,49)
w(74,985,2,49)
w(68,986,2,49)
w(97,987,2,49)
r(35,931,2,50)
r(46,911,2,50)
r(94,940,2,50)
r(2,939,2,50)
r(3,37,2,50)
r(46,911,2,50)
w(2,988,2,50)
w(72,989,2,50)
w(11,990,2,50)
w(86,991,2,50)
w(6,992,2,50)
w(77,993,2,50)
w(80,994,2,50)
w(32,995,2,50)
w(44,996,2,50)
w(96,997,2,50)
w(71,998,2,50)
w(20,999,2,50)
w(50,1000,2,50)
w(47,1001,2,50)
r(62,965,2,51)
r(41,968,2,51)
r(23,63,2,51)
r(55,126,2,51)
r(28,974,2,51)
r(16,0,2,51)
r(35,931,2,51)
r(28,974,2,51)
r(49,161,2,51)
r(81,70,2,51)
w(72,1002,2,51)
w(4,1003,2,51)
w(19,1004,2,51)
w(79,1005,2,51)
w(53,1006,2,51)
w(66,1007,2,51)
w(4,1008,2,51)
w(85,1009,2,51)
w(30,1010,2,51)
w(70,1011,2,51)
r(37,906,2,52)
r(80,994,2,52)
r(67,173,2,52)
r(78,0,2,52)
r(26,155,2,52)
r(36,144,2,52)
r(56,133,2,52)
r(27,980,2,52)
r(68,137,2,52)
r(92,131,2,52)
w(51,1012,2,52)
w(71,1013,2,52)
w(66,1014,2,52)
w(82,1015,2,52)
w(65,1016,2,52)
w(86,1017,2,52)
w(39,1018,2,52)
w(0,1019,2,52)
w(77,1020,2,52)
w(75,1021,2,52)
r(58,963,2,53)
r(62,965,2,53)
r(51,1012,2,53)
r(55,126,2,53)
r(42,900,2,53)
r(77,1020,2,53)
r(84,847,2,53)
r(1,935,2,53)
r(41,968,2,53)
r(45,954,2,53)
r(97,987,2,53)
r(80,994,2,53)
r(53,1006,2,53)
r(82,1015,2,53)
r(28,974,2,53)
r(83,153,2,53)
r(93,979,2,53)
r(22,175,2,53)
r(18,966,2,53)
r(42,900,2,53)
r(70,1011,2,54)
r(54,45,2,54)
r(24,129,2,54)
r(16,0,2,54)
r(93,979,2,54)
r(38,150,2,54)
r(74,149,2,54)
r(38,150,2,54)
r(72,1002,2,54)
r(54,45,2,54)
r(76,948,2,54)
r(57,973,2,54)
r(17,50,2,54)
r(27,980,2,54)
r(53,1006,2,54)
r(89,125,2,54)
r(3,164,2,54)
r(46,911,2,54)
r(53,1006,2,54)
r(25,165,2,54)
