r(89,0,0,0)
r(32,0,0,0)
r(54,0,0,0)
r(3,0,0,0)
r(91,0,0,0)
r(12,0,0,0)
w(15,1,0,0)
w(18,2,0,0)
w(11,3,0,0)
w(56,4,0,0)
w(54,5,0,0)
w(31,6,0,0)
w(53,7,0,0)
w(34,8,0,0)
w(66,9,0,0)
r(54,5,0,1)
r(59,0,0,1)
r(4,0,0,1)
r(46,0,0,1)
r(42,0,0,1)
r(65,0,0,1)
r(81,0,0,1)
r(36,0,0,1)
r(97,0,0,1)
r(44,0,0,1)
r(33,0,0,1)
r(7,0,0,1)
r(86,0,0,1)
r(68,0,0,1)
r(74,0,0,1)
r(37,0,0,2)
r(22,0,0,2)
r(39,0,0,2)
r(32,0,0,2)
w(47,10,0,2)
w(57,11,0,2)
w(26,12,0,2)
w(32,13,0,2)
w(45,14,0,2)
w(62,15,0,2)
w(12,16,0,2)
w(29,17,0,2)
w(32,18,0,2)
w(2,19,0,2)
w(72,20,0,2)
w(70,21,0,3)
w(21,22,0,3)
w(59,23,0,3)
w(1,24,0,3)
w(46,25,0,3)
w(50,26,0,3)
w(91,27,0,3)
w(20,28,0,3)
w(82,29,0,3)
w(94,30,0,3)
w(78,31,0,3)
w(31,32,0,3)
w(45,33,0,3)
w(28,34,0,3)
w(35,35,0,3)
w(49,36,0,4)
w(52,37,0,4)
w(55,38,0,4)
w(80,39,0,4)
w(9,40,0,4)
w(16,41,0,4)
w(51,42,0,4)
w(11,43,0,4)
w(88,44,0,4)
w(37,45,0,4)
w(70,46,0,4)
w(73,47,0,4)
w(79,48,0,4)
w(4,49,0,4)
w(44,50,0,4)
r(19,0,0,5)
r(20,28,0,5)
r(1,24,0,5)
r(60,0,0,5)
r(56,460,0,5)
r(91,27,0,5)
w(23,51,0,5)
w(29,52,0,5)
w(84,53,0,5)
w(38,54,0,5)
w(41,55,0,5)
w(93,56,0,5)
w(16,57,0,5)
w(67,58,0,5)
w(14,59,0,5)
r(42,461,0,6)
r(43,0,0,6)
r(80,39,0,6)
r(93,56,0,6)
r(71,479,0,6)
r(12,237,0,6)
r(4,49,0,6)
r(8,252,0,6)
r(12,237,0,6)
r(87,477,0,6)
r(12,237,0,6)
r(63,0,0,6)
r(72,20,0,6)
r(6,0,0,6)
r(21,22,0,6)
r(70,46,0,7)
r(8,252,0,7)
r(35,35,0,7)
r(52,37,0,7)
r(74,246,0,7)
r(91,27,0,7)
r(15,1,0,7)
r(10,0,0,7)
r(79,48,0,7)
w(6,60,0,7)
w(69,61,0,7)
w(13,62,0,7)
w(66,63,0,7)
w(86,64,0,7)
w(46,65,0,7)
w(54,66,0,8)
w(43,67,0,8)
w(42,68,0,8)
w(24,69,0,8)
w(4,70,0,8)
w(33,71,0,8)
w(17,72,0,8)
w(15,73,0,8)
w(55,74,0,8)
w(31,75,0,8)
w(12,76,0,8)
w(51,77,0,8)
w(52,78,0,8)
w(18,79,0,8)
w(72,80,0,8)
w(21,81,0,9)
w(30,82,0,9)
w(3,83,0,9)
w(55,84,0,9)
w(13,85,0,9)
w(42,86,0,9)
w(34,87,0,9)
w(9,88,0,9)
w(73,89,0,9)
w(31,90,0,9)
w(0,91,0,9)
w(46,92,0,9)
w(45,93,0,9)
w(96,94,0,9)
w(16,95,0,9)
r(42,86,0,10)
r(54,66,0,10)
r(52,78,0,10)
r(13,85,0,10)
r(89,0,0,10)
r(75,458,0,10)
r(67,58,0,10)
w(5,96,0,10)
w(23,97,0,10)
w(16,98,0,10)
w(52,99,0,10)
w(72,100,0,10)
w(33,101,0,10)
w(75,102,0,10)
w(66,103,0,10)
w(58,104,0,11)
w(0,105,0,11)
w(11,106,0,11)
w(93,107,0,11)
w(0,108,0,11)
w(31,109,0,11)
w(2,110,0,11)
w(55,111,0,11)
w(51,112,0,11)
w(82,113,0,11)
w(95,114,0,11)
w(28,115,0,11)
w(43,116,0,11)
w(55,117,0,11)
w(73,118,0,11)
r(96,524,0,12)
r(79,522,0,12)
r(3,83,0,12)
r(62,287,0,12)
r(66,531,0,12)
w(41,119,0,12)
w(41,120,0,12)
w(8,121,0,12)
w(20,122,0,12)
w(36,123,0,12)
w(85,124,0,12)
w(30,125,0,12)
w(53,126,0,12)
w(92,127,0,12)
w(22,128,0,12)
r(23,291,0,13)
r(83,293,0,13)
r(23,291,0,13)
r(28,115,0,13)
r(3,83,0,13)
r(2,301,0,13)
w(13,129,0,13)
w(30,130,0,13)
w(36,131,0,13)
w(5,132,0,13)
w(25,133,0,13)
w(24,134,0,13)
w(11,135,0,13)
w(42,136,0,13)
w(31,137,0,13)
r(19,0,1,14)
r(92,0,1,14)
r(21,0,1,14)
r(70,0,1,14)
r(22,0,1,14)
r(22,0,1,14)
r(43,0,1,14)
r(20,0,1,14)
r(12,0,1,14)
r(79,0,1,14)
r(35,0,1,14)
r(70,0,1,14)
r(31,6,1,14)
r(53,7,1,14)
r(33,0,1,14)
r(14,0,1,15)
r(5,0,1,15)
r(35,0,1,15)
r(71,0,1,15)
r(40,0,1,15)
r(75,0,1,15)
r(38,0,1,15)
r(28,0,1,15)
r(84,0,1,15)
r(21,0,1,15)
r(38,0,1,15)
r(81,0,1,15)
r(72,0,1,15)
r(7,0,1,15)
r(95,0,1,15)
r(31,6,1,16)
r(41,0,1,16)
r(6,0,1,16)
r(30,0,1,16)
r(54,5,1,16)
r(83,0,1,16)
w(62,226,1,16)
w(57,227,1,16)
w(50,228,1,16)
w(32,229,1,16)
w(17,230,1,16)
w(27,231,1,16)
w(34,232,1,16)
w(64,233,1,16)
w(36,234,1,16)
r(3,0,1,17)
r(2,19,1,17)
r(39,0,1,17)
r(60,0,1,17)
r(92,0,1,17)
r(75,0,1,17)
r(44,0,1,17)
w(80,235,1,17)
w(53,236,1,17)
w(12,237,1,17)
w(70,238,1,17)
w(70,239,1,17)
w(54,240,1,17)
w(95,241,1,17)
w(54,242,1,17)
r(15,1,1,18)
r(90,0,1,18)
r(8,0,1,18)
r(98,464,1,18)
r(3,0,1,18)
r(66,455,1,18)
r(25,459,1,18)
w(96,243,1,18)
w(86,244,1,18)
w(47,245,1,18)
w(74,246,1,18)
w(14,247,1,18)
w(44,248,1,18)
w(23,249,1,18)
w(50,250,1,18)
r(5,0,1,19)
r(31,32,1,19)
r(95,241,1,19)
r(11,43,1,19)
r(32,18,1,19)
r(33,478,1,19)
r(98,464,1,19)
r(33,478,1,19)
r(18,2,1,19)
w(28,251,1,19)
w(8,252,1,19)
w(78,253,1,19)
w(85,254,1,19)
w(47,255,1,19)
w(68,256,1,19)
r(29,52,1,20)
r(23,51,1,20)
r(24,0,1,20)
r(97,0,1,20)
r(2,19,1,20)
r(4,49,1,20)
r(39,0,1,20)
w(58,257,1,20)
w(63,258,1,20)
w(72,259,1,20)
w(35,260,1,20)
w(85,261,1,20)
w(83,262,1,20)
w(51,263,1,20)
w(55,264,1,20)
r(65,0,1,21)
r(12,76,1,21)
r(60,0,1,21)
r(99,0,1,21)
r(39,0,1,21)
r(43,67,1,21)
r(36,234,1,21)
w(61,265,1,21)
w(13,266,1,21)
w(87,267,1,21)
w(30,268,1,21)
w(71,269,1,21)
w(99,270,1,21)
w(39,271,1,21)
w(72,272,1,21)
r(99,270,1,22)
r(37,469,1,22)
r(68,256,1,22)
r(64,485,1,22)
r(28,251,1,22)
r(5,0,1,22)
r(51,77,1,22)
w(44,273,1,22)
w(85,274,1,22)
w(88,275,1,22)
w(82,276,1,22)
w(32,277,1,22)
w(46,278,1,22)
w(70,279,1,22)
w(30,280,1,22)
r(12,76,1,23)
r(56,460,1,23)
r(93,56,1,23)
r(4,507,1,23)
r(6,510,1,23)
r(33,101,1,23)
r(47,512,1,23)
r(52,99,1,23)
r(57,475,1,23)
r(50,506,1,23)
r(99,270,1,23)
r(3,83,1,23)
r(39,271,1,23)
r(63,258,1,23)
r(47,512,1,23)
w(66,281,1,24)
w(19,282,1,24)
w(5,283,1,24)
w(9,284,1,24)
w(88,285,1,24)
w(27,286,1,24)
w(62,287,1,24)
w(37,288,1,24)
w(94,289,1,24)
w(81,290,1,24)
w(23,291,1,24)
w(1,292,1,24)
w(83,293,1,24)
w(19,294,1,24)
w(36,295,1,24)
r(75,102,1,25)
r(10,0,1,25)
r(4,529,1,25)
r(52,99,1,25)
r(34,517,1,25)
r(71,523,1,25)
w(42,296,1,25)
w(19,297,1,25)
w(55,298,1,25)
w(14,299,1,25)
w(38,300,1,25)
w(2,301,1,25)
w(32,302,1,25)
w(70,303,1,25)
w(73,304,1,25)
r(48,493,1,26)
r(95,114,1,26)
r(80,495,1,26)
r(43,116,1,26)
r(11,106,1,26)
r(98,484,1,26)
r(52,99,1,26)
r(37,288,1,26)
r(91,27,1,26)
r(94,289,1,26)
r(51,112,1,26)
r(61,265,1,26)
r(16,521,1,26)
r(33,101,1,26)
r(52,99,1,26)
r(83,293,1,27)
r(77,520,1,27)
r(26,481,1,27)
r(63,258,1,27)
r(84,53,1,27)
r(6,510,1,27)
r(1,292,1,27)
r(47,512,1,27)
r(29,52,1,27)
r(88,285,1,27)
w(83,305,1,27)
w(59,306,1,27)
w(29,307,1,27)
w(81,308,1,27)
w(86,309,1,27)
r(38,0,2,28)
r(9,0,2,28)
r(61,0,2,28)
r(34,8,2,28)
r(99,0,2,28)
r(99,0,2,28)
r(34,8,2,28)
r(77,0,2,28)
r(25,0,2,28)
r(30,0,2,28)
r(46,0,2,28)
r(59,0,2,28)
r(47,0,2,28)
r(92,0,2,28)
r(39,0,2,28)
r(89,0,2,29)
r(38,0,2,29)
r(8,0,2,29)
r(4,0,2,29)
r(1,0,2,29)
r(6,0,2,29)
r(20,0,2,29)
r(79,0,2,29)
r(38,0,2,29)
r(71,0,2,29)
r(69,0,2,29)
r(76,0,2,29)
r(12,0,2,29)
r(4,0,2,29)
r(87,0,2,29)
r(28,34,2,30)
r(70,239,2,30)
r(73,0,2,30)
r(64,233,2,30)
r(24,0,2,30)
r(69,0,2,30)
w(75,458,2,30)
w(25,459,2,30)
w(56,460,2,30)
w(42,461,2,30)
w(22,462,2,30)
w(4,463,2,30)
w(98,464,2,30)
w(74,465,2,30)
w(78,466,2,30)
w(23,467,2,31)
w(28,468,2,31)
w(37,469,2,31)
w(26,470,2,31)
w(88,471,2,31)
w(54,472,2,31)
w(47,473,2,31)
w(54,474,2,31)
w(57,475,2,31)
w(34,476,2,31)
w(87,477,2,31)
w(33,478,2,31)
w(71,479,2,31)
w(47,480,2,31)
w(26,481,2,31)
r(68,0,2,32)
r(13,0,2,32)
r(84,0,2,32)
r(52,37,2,32)
r(12,237,2,32)
r(18,2,2,32)
w(88,482,2,32)
w(85,483,2,32)
w(98,484,2,32)
w(64,485,2,32)
w(77,486,2,32)
w(16,487,2,32)
w(55,488,2,32)
w(92,489,2,32)
w(77,490,2,32)
r(84,53,2,33)
r(18,2,2,33)
r(61,456,2,33)
r(37,469,2,33)
r(52,37,2,33)
r(23,51,2,33)
r(32,18,2,33)
r(21,22,2,33)
r(51,42,2,33)
r(83,0,2,33)
w(52,491,2,33)
w(44,492,2,33)
w(48,493,2,33)
w(95,494,2,33)
w(80,495,2,33)
w(19,496,2,34)
w(1,497,2,34)
w(35,498,2,34)
w(31,499,2,34)
w(23,500,2,34)
w(61,501,2,34)
w(95,502,2,34)
w(99,503,2,34)
w(72,504,2,34)
w(49,505,2,34)
w(50,506,2,34)
w(4,507,2,34)
w(39,508,2,34)
w(44,509,2,34)
w(6,510,2,34)
r(33,71,2,35)
r(54,66,2,35)
r(75,458,2,35)
r(47,255,2,35)
r(24,69,2,35)
r(43,67,2,35)
r(15,73,2,35)
r(12,76,2,35)
w(23,511,2,35)
w(47,512,2,35)
w(88,513,2,35)
w(94,514,2,35)
w(69,515,2,35)
w(90,516,2,35)
w(34,517,2,35)
r(81,0,2,36)
r(49,505,2,36)
r(54,66,2,36)
r(34,517,2,36)
r(15,73,2,36)
r(51,77,2,36)
r(37,469,2,36)
w(69,518,2,36)
w(55,519,2,36)
w(77,520,2,36)
w(16,521,2,36)
w(79,522,2,36)
w(71,523,2,36)
w(96,524,2,36)
w(69,525,2,36)
r(79,522,2,37)
r(44,273,2,37)
r(60,0,2,37)
r(83,262,2,37)
r(95,502,2,37)
r(59,23,2,37)
r(37,469,2,37)
r(14,59,2,37)
r(87,267,2,37)
w(0,526,2,37)
w(55,527,2,37)
w(45,528,2,37)
w(4,529,2,37)
w(74,530,2,37)
w(66,531,2,37)
r(9,284,2,38)
r(27,286,2,38)
r(67,58,2,38)
r(55,298,2,38)
r(10,0,2,38)
r(18,79,2,38)
r(70,303,2,38)
r(53,236,2,38)
r(31,109,2,38)
r(82,113,2,38)
r(82,113,2,38)
r(8,252,2,38)
r(84,53,2,38)
r(31,109,2,38)
r(68,256,2,38)
r(72,100,2,39)
r(53,126,2,39)
r(92,127,2,39)
r(24,69,2,39)
r(79,522,2,39)
r(30,125,2,39)
r(51,112,2,39)
r(17,72,2,39)
r(22,128,2,39)
r(81,290,2,39)
w(55,532,2,39)
w(50,533,2,39)
w(90,534,2,39)
w(27,535,2,39)
w(36,536,2,39)
r(52,99,2,40)
r(8,121,2,40)
r(47,512,2,40)
r(37,288,2,40)
r(84,53,2,40)
r(13,129,2,40)
r(13,129,2,40)
r(44,273,2,40)
r(6,510,2,40)
w(2,537,2,40)
w(1,538,2,40)
w(81,539,2,40)
w(49,540,2,40)
w(0,541,2,40)
w(8,542,2,40)
