r(17,2225,4,6,150)
r(1,2298,4,6,151)
r(3,2277,4,6,152)
r(1,2298,4,6,153)
r(0,2296,4,6,154)
r(2,2299,4,6,155)
r(13,2084,4,6,156)
r(6,2283,4,6,157)
r(0,2296,4,6,158)
r(2,2299,4,6,159)
r(0,2296,4,6,160)
r(4,2294,4,6,161)
r(0,2296,4,6,162)
r(2,2299,4,6,163)
r(5,2282,4,6,164)
r(2,2299,4,6,165)
r(1,2298,4,6,166)
r(16,2284,4,6,167)
r(1,2298,4,6,168)
r(10,2171,4,6,169)
r(0,2296,4,6,170)
r(0,2296,4,6,171)
r(0,2296,4,6,172)
r(13,2084,4,6,173)
r(0,2296,4,6,174)
r(6,2283,4,7,175)
r(4,2294,4,7,176)
r(13,2084,4,7,177)
r(4,2294,4,7,178)
r(0,2296,4,7,179)
r(0,2296,4,7,180)
r(10,2171,4,7,181)
r(8,2252,4,7,182)
r(0,2296,4,7,183)
r(2,2299,4,7,184)
r(5,2282,4,7,185)
r(2,2299,4,7,186)
r(2,2299,4,7,187)
r(2,2299,4,7,188)
r(6,2283,4,7,189)
r(17,2225,4,7,190)
r(18,2212,4,7,191)
r(0,2296,4,7,192)
r(19,2098,4,7,193)
r(7,2297,4,7,194)
r(1,2298,4,7,195)
r(3,2277,4,7,196)
r(0,2296,4,7,197)
r(1,2298,4,7,198)
r(1,2298,4,7,199)
w(4,8102,4,8,200)
w(8,8103,4,8,201)
w(1,8104,4,8,202)
w(19,8105,4,8,203)
w(2,8106,4,8,204)
w(1,8107,4,8,205)
w(4,8108,4,8,206)
w(15,8109,4,8,207)
w(0,8110,4,8,208)
w(1,8111,4,8,209)
w(0,8112,4,8,210)
w(4,8113,4,8,211)
w(10,8114,4,8,212)
w(19,8115,4,8,213)
w(0,8116,4,8,214)
w(9,8117,4,8,215)
w(15,8118,4,8,216)
w(0,8119,4,8,217)
w(0,8120,4,8,218)
w(0,8121,4,8,219)
w(1,8122,4,8,220)
w(0,8123,4,8,221)
w(4,8124,4,8,222)
w(5,8125,4,8,223)
w(11,8126,4,8,224)
r(0,8123,4,9,225)
r(1,8122,4,9,226)
r(1,8122,4,9,227)
r(1,8122,4,9,228)
r(14,2278,4,9,229)
r(17,2225,4,9,230)
r(8,8103,4,9,231)
r(4,8124,4,9,232)
r(2,8106,4,9,233)
r(4,8124,4,9,234)
r(9,8117,4,9,235)
r(0,8123,4,9,236)
w(14,8127,4,9,237)
w(0,8128,4,9,238)
w(0,8129,4,9,239)
w(0,8130,4,9,240)
w(0,8131,4,9,241)
w(2,8132,4,9,242)
w(4,8133,4,9,243)
w(2,8134,4,9,244)
w(1,8135,4,9,245)
w(10,8136,4,9,246)
w(1,8137,4,9,247)
w(0,8138,4,9,248)
w(1,8139,4,9,249)
w(0,8140,4,10,250)
w(1,8141,4,10,251)
w(2,8142,4,10,252)
w(4,8143,4,10,253)
w(8,8144,4,10,254)
w(3,8145,4,10,255)
w(7,8146,4,10,256)
w(17,8147,4,10,257)
w(0,8148,4,10,258)
w(0,8149,4,10,259)
w(1,8150,4,10,260)
w(8,8151,4,10,261)
w(1,8152,4,10,262)
w(1,8153,4,10,263)
w(11,8154,4,10,264)
w(11,8155,4,10,265)
w(1,8156,4,10,266)
w(0,8157,4,10,267)
w(2,8158,4,10,268)
w(4,8159,4,10,269)
w(12,8160,4,10,270)
w(6,8161,4,10,271)
w(8,8162,4,10,272)
w(0,8163,4,10,273)
w(1,8164,4,10,274)
r(5,10092,4,11,275)
r(4,8159,4,11,276)
r(3,10084,4,11,277)
r(0,10091,4,11,278)
r(0,10091,4,11,279)
r(5,10092,4,11,280)
r(0,10091,4,11,281)
r(3,10084,4,11,282)
r(0,10091,4,11,283)
r(17,8147,4,11,284)
r(1,10082,4,11,285)
r(0,10091,4,11,286)
r(1,10082,4,11,287)
r(8,8162,4,11,288)
r(0,10091,4,11,289)
r(4,8159,4,11,290)
r(0,10091,4,11,291)
r(4,8159,4,11,292)
r(7,8146,4,11,293)
r(8,8162,4,11,294)
r(5,10092,4,11,295)
r(15,96,4,11,296)
r(2,10093,4,11,297)
r(0,10091,4,11,298)
r(0,10091,4,11,299)
r(17,8147,4,12,300)
r(0,10091,4,12,301)
r(5,10092,4,12,302)
r(0,10091,4,12,303)
r(10,10087,4,12,304)
r(2,10093,4,12,305)
r(2,10093,4,12,306)
r(15,96,4,12,307)
r(4,8159,4,12,308)
r(8,8162,4,12,309)
r(0,10091,4,12,310)
r(19,8115,4,12,311)
r(10,10087,4,12,312)
r(2,10093,4,12,313)
r(5,10092,4,12,314)
r(4,8159,4,12,315)
w(0,8165,4,12,316)
w(2,8166,4,12,317)
w(2,8167,4,12,318)
w(3,8168,4,12,319)
w(8,8169,4,12,320)
w(10,8170,4,12,321)
w(13,8171,4,12,322)
w(0,8172,4,12,323)
w(9,8173,4,12,324)
r(2,8167,4,13,325)
r(0,8172,4,13,326)
r(8,8169,4,13,327)
r(0,8172,4,13,328)
r(8,8169,4,13,329)
r(8,8169,4,13,330)
r(0,8172,4,13,331)
r(1,10082,4,13,332)
r(12,8160,4,13,333)
r(13,8171,4,13,334)
r(1,10082,4,13,335)
r(0,8172,4,13,336)
r(0,8172,4,13,337)
r(16,10089,4,13,338)
r(7,8146,4,13,339)
r(5,10092,4,13,340)
r(2,8167,4,13,341)
r(0,8172,4,13,342)
r(0,8172,4,13,343)
r(2,8167,4,13,344)
r(1,10082,4,13,345)
r(4,105,4,13,346)
r(6,8161,4,13,347)
r(0,8172,4,13,348)
r(4,105,4,13,349)
r(3,10099,4,14,350)
r(3,10099,4,14,351)
r(0,10100,4,14,352)
r(19,8115,4,14,353)
r(0,10100,4,14,354)
r(9,10097,4,14,355)
r(2,10107,4,14,356)
r(0,10100,4,14,357)
r(12,8160,4,14,358)
r(6,10105,4,14,359)
r(1,10082,4,14,360)
r(0,10100,4,14,361)
r(4,10108,4,14,362)
r(5,10092,4,14,363)
r(13,10106,4,14,364)
r(1,10082,4,14,365)
r(4,10108,4,14,366)
r(1,10082,4,14,367)
r(0,10100,4,14,368)
r(0,10100,4,14,369)
r(12,8160,4,14,370)
r(0,10100,4,14,371)
r(0,10100,4,14,372)
r(1,10082,4,14,373)
r(0,10100,4,14,374)
r(1,10082,4,15,375)
r(8,121,4,15,376)
r(7,132,4,15,377)
r(0,135,4,15,378)
r(0,135,4,15,379)
r(5,134,4,15,380)
r(9,10097,4,15,381)
r(0,135,4,15,382)
r(10,10103,4,15,383)
r(3,122,4,15,384)
r(17,8147,4,15,385)
r(6,128,4,15,386)
r(0,135,4,15,387)
r(0,135,4,15,388)
w(0,8174,4,15,389)
w(7,8175,4,15,390)
w(14,8176,4,15,391)
w(3,8177,4,15,392)
w(0,8178,4,15,393)
w(13,8179,4,15,394)
w(0,8180,4,15,395)
w(19,8181,4,15,396)
w(17,8182,4,15,397)
w(0,8183,4,15,398)
w(7,8184,4,15,399)
r(1,10082,4,16,400)
r(0,8183,4,16,401)
r(2,131,4,16,402)
r(1,10082,4,16,403)
r(16,10089,4,16,404)
r(12,112,4,16,405)
r(0,8183,4,16,406)
r(19,8181,4,16,407)
r(14,8176,4,16,408)
r(2,131,4,16,409)
r(0,8183,4,16,410)
r(0,8183,4,16,411)
r(8,121,4,16,412)
r(5,134,4,16,413)
r(0,8183,4,16,414)
r(0,8183,4,16,415)
r(1,10082,4,16,416)
r(13,8179,4,16,417)
r(8,121,4,16,418)
r(4,111,4,16,419)
r(9,10097,4,16,420)
r(1,10082,4,16,421)
r(5,134,4,16,422)
r(7,8184,4,16,423)
r(2,131,4,16,424)
r(10,10103,4,17,425)
r(7,10115,4,17,426)
r(0,10118,4,17,427)
r(0,10118,4,17,428)
r(5,134,4,17,429)
r(2,131,4,17,430)
r(13,8179,4,17,431)
r(0,10118,4,17,432)
r(8,121,4,17,433)
r(8,121,4,17,434)
r(14,8176,4,17,435)
r(14,8176,4,17,436)
r(0,10118,4,17,437)
r(2,131,4,17,438)
r(8,121,4,17,439)
r(0,10118,4,17,440)
r(17,8182,4,17,441)
r(0,10118,4,17,442)
r(7,10115,4,17,443)
r(10,10103,4,17,444)
r(2,131,4,17,445)
r(6,10111,4,17,446)
r(8,121,4,17,447)
r(18,124,4,17,448)
r(2,131,4,17,449)
r(1,154,4,18,450)
r(2,153,4,18,451)
r(1,154,4,18,452)
r(1,154,4,18,453)
r(0,159,4,18,454)
r(5,134,4,18,455)
r(1,154,4,18,456)
r(0,159,4,18,457)
r(0,159,4,18,458)
r(2,153,4,18,459)
r(0,159,4,18,460)
r(7,160,4,18,461)
r(5,134,4,18,462)
r(10,141,4,18,463)
r(16,152,4,18,464)
r(5,134,4,18,465)
r(0,159,4,18,466)
r(5,134,4,18,467)
r(0,159,4,18,468)
r(2,153,4,18,469)
r(7,160,4,18,470)
w(17,8185,4,18,471)
w(1,8186,4,18,472)
w(1,8187,4,18,473)
w(3,8188,4,18,474)
r(9,10131,4,19,475)
r(15,123,4,19,476)
r(3,8188,4,19,477)
r(2,10127,4,19,478)
r(0,10129,4,19,479)
r(0,10129,4,19,480)
r(2,10127,4,19,481)
r(9,10131,4,19,482)
r(3,8188,4,19,483)
r(2,10127,4,19,484)
r(1,8187,4,19,485)
r(0,10129,4,19,486)
r(11,10109,4,19,487)
w(0,8189,4,19,488)
w(7,8190,4,19,489)
w(9,8191,4,19,490)
w(4,8192,4,19,491)
w(0,8193,4,19,492)
w(1,8194,4,19,493)
w(0,8195,4,19,494)
w(2,8196,4,19,495)
w(12,8197,4,19,496)
w(2,8198,4,19,497)
w(7,8199,4,19,498)
w(3,8200,4,19,499)
r(0,10150,4,20,500)
r(4,8192,4,20,501)
r(0,10150,4,20,502)
r(12,8197,4,20,503)
r(2,8198,4,20,504)
r(0,10150,4,20,505)
r(0,10150,4,20,506)
r(0,10150,4,20,507)
r(3,166,4,20,508)
r(2,8198,4,20,509)
r(0,10150,4,20,510)
r(4,8192,4,20,511)
r(4,8192,4,20,512)
r(0,10150,4,20,513)
r(2,8198,4,20,514)
r(3,166,4,20,515)
r(4,8192,4,20,516)
r(14,10141,4,20,517)
r(1,10154,4,20,518)
r(0,10150,4,20,519)
r(1,10154,4,20,520)
r(7,8199,4,20,521)
r(1,10154,4,20,522)
r(0,10150,4,20,523)
r(18,124,4,20,524)
r(1,230,4,23,575)
r(10,10188,4,23,576)
r(5,204,4,23,577)
r(0,232,4,23,578)
r(18,178,4,23,579)
r(16,221,4,23,580)
r(1,230,4,23,581)
r(0,232,4,23,582)
r(5,204,4,23,583)
r(0,232,4,23,584)
r(16,221,4,23,585)
w(0,8242,4,23,586)
w(17,8243,4,23,587)
w(4,8244,4,23,588)
w(0,8245,4,23,589)
w(18,8246,4,23,590)
w(14,8247,4,23,591)
w(0,8248,4,23,592)
w(0,8249,4,23,593)
w(0,8250,4,23,594)
w(0,8251,4,23,595)
w(3,8252,4,23,596)
w(1,8253,4,23,597)
w(1,8254,4,23,598)
w(13,8255,4,23,599)
r(10,10188,4,24,600)
r(2,225,4,24,601)
r(1,8254,4,24,602)
r(12,208,4,24,603)
r(0,10218,4,24,604)
r(4,10216,4,24,605)
r(11,8225,4,24,606)
r(8,211,4,24,607)
r(15,10155,4,24,608)
w(1,8256,4,24,609)
w(12,8257,4,24,610)
w(3,8258,4,24,611)
w(0,8259,4,24,612)
w(0,8260,4,24,613)
w(10,8261,4,24,614)
w(5,8262,4,24,615)
w(4,8263,4,24,616)
w(0,8264,4,24,617)
w(0,8265,4,24,618)
w(0,8266,4,24,619)
w(1,8267,4,24,620)
w(1,8268,4,24,621)
w(6,8269,4,24,622)
w(0,8270,4,24,623)
w(9,8271,4,24,624)
w(2,8272,4,25,625)
w(4,8273,4,25,626)
w(1,8274,4,25,627)
w(6,8275,4,25,628)
w(0,8276,4,25,629)
w(12,8277,4,25,630)
w(14,8278,4,25,631)
w(0,8279,4,25,632)
w(1,8280,4,25,633)
w(5,8281,4,25,634)
w(8,8282,4,25,635)
w(0,8283,4,25,636)
w(0,8284,4,25,637)
w(2,8285,4,25,638)
w(2,8286,4,25,639)
w(8,8287,4,25,640)
w(14,8288,4,25,641)
w(0,8289,4,25,642)
w(7,8290,4,25,643)
w(19,8291,4,25,644)
w(6,8292,4,25,645)
w(0,8293,4,25,646)
w(9,8294,4,25,647)
w(2,8295,4,25,648)
w(0,8296,4,25,649)
r(4,8273,4,26,650)
r(1,247,4,26,651)
r(4,8273,4,26,652)
r(1,247,4,26,653)
r(0,250,4,26,654)
r(2,245,4,26,655)
r(1,247,4,26,656)
r(7,8290,4,26,657)
r(0,250,4,26,658)
r(2,245,4,26,659)
r(4,8273,4,26,660)
r(1,247,4,26,661)
r(19,8291,4,26,662)
w(0,8297,4,26,663)
w(0,8298,4,26,664)
w(0,8299,4,26,665)
w(11,8300,4,26,666)
w(1,8301,4,26,667)
w(0,8302,4,26,668)
w(1,8303,4,26,669)
w(7,8304,4,26,670)
w(4,8305,4,26,671)
w(0,8306,4,26,672)
w(0,8307,4,26,673)
w(8,8308,4,26,674)
r(11,8319,4,28,700)
r(0,8316,4,28,701)
r(0,8316,4,28,702)
r(4,276,4,28,703)
r(11,8319,4,28,704)
r(1,275,4,28,705)
r(8,274,4,28,706)
r(4,276,4,28,707)
r(10,8318,4,28,708)
r(1,275,4,28,709)
r(0,8316,4,28,710)
r(11,8319,4,28,711)
r(0,8316,4,28,712)
r(14,251,4,28,713)
r(2,8315,4,28,714)
r(0,8316,4,28,715)
r(0,8316,4,28,716)
r(4,276,4,28,717)
r(6,8292,4,28,718)
r(9,8320,4,28,719)
r(19,264,4,28,720)
r(1,275,4,28,721)
r(4,276,4,28,722)
r(0,8316,4,28,723)
r(4,276,4,28,724)
r(2,277,4,29,725)
r(3,8312,4,29,726)
r(1,289,4,29,727)
r(0,290,4,29,728)
r(8,288,4,29,729)
r(10,284,4,29,730)
r(2,277,4,29,731)
r(0,290,4,29,732)
r(2,277,4,29,733)
r(7,271,4,29,734)
w(0,8321,4,29,735)
w(10,8322,4,29,736)
w(0,8323,4,29,737)
w(1,8324,4,29,738)
w(4,8325,4,29,739)
w(0,8326,4,29,740)
w(0,8327,4,29,741)
w(3,8328,4,29,742)
w(2,8329,4,29,743)
w(1,8330,4,29,744)
w(0,8331,4,29,745)
w(4,8332,4,29,746)
w(0,8333,4,29,747)
w(1,8334,4,29,748)
w(0,8335,4,29,749)
