r(8,4032,4,1,25)
r(1,4054,4,1,26)
r(4,6,4,1,27)
r(4,6,4,1,28)
r(2,17,4,1,29)
r(3,4052,4,1,30)
r(19,0,4,1,31)
r(2,17,4,1,32)
r(0,4055,4,1,33)
r(3,4052,4,1,34)
r(0,4055,4,1,35)
r(1,4054,4,1,36)
r(1,4054,4,1,37)
r(0,4055,4,1,38)
r(7,4023,4,1,39)
r(6,12,4,1,40)
r(3,4052,4,1,41)
r(6,12,4,1,42)
r(12,4045,4,1,43)
r(0,4055,4,1,44)
r(3,4052,4,1,45)
r(1,4054,4,1,46)
r(0,4055,4,1,47)
r(0,4055,4,1,48)
r(0,4055,4,1,49)
r(3,4097,4,4,100)
r(6,4105,4,4,101)
r(1,99,4,4,102)
r(14,41,4,4,103)
r(0,94,4,4,104)
r(0,94,4,4,105)
r(11,88,4,4,106)
r(12,73,4,4,107)
r(0,94,4,4,108)
r(5,57,4,4,109)
r(2,95,4,4,110)
r(11,88,4,4,111)
r(0,94,4,4,112)
r(9,74,4,4,113)
r(1,99,4,4,114)
r(6,4105,4,4,115)
r(11,88,4,4,116)
r(14,41,4,4,117)
r(0,94,4,4,118)
r(10,4084,4,4,119)
r(0,94,4,4,120)
r(6,4105,4,4,121)
r(2,95,4,4,122)
r(2,95,4,4,123)
r(3,4097,4,4,124)
r(8,98,4,5,125)
r(0,94,4,5,126)
r(0,94,4,5,127)
r(1,99,4,5,128)
r(1,99,4,5,129)
r(7,4089,4,5,130)
r(0,94,4,5,131)
r(11,88,4,5,132)
r(0,94,4,5,133)
r(2,95,4,5,134)
r(11,88,4,5,135)
r(0,94,4,5,136)
r(17,4104,4,5,137)
r(5,57,4,5,138)
r(8,98,4,5,139)
r(0,94,4,5,140)
r(8,98,4,5,141)
r(5,57,4,5,142)
r(0,94,4,5,143)
r(1,99,4,5,144)
r(1,99,4,5,145)
r(0,94,4,5,146)
r(6,4105,4,5,147)
r(0,94,4,5,148)
r(0,94,4,5,149)
r(9,4107,4,6,150)
r(4,97,4,6,151)
r(7,4122,4,6,152)
r(2,95,4,6,153)
r(0,4119,4,6,154)
r(1,4124,4,6,155)
r(5,4123,4,6,156)
r(6,4110,4,6,157)
r(2,95,4,6,158)
r(5,4123,4,6,159)
r(7,4122,4,6,160)
r(13,101,4,6,161)
r(2,95,4,6,162)
r(18,100,4,6,163)
r(0,4119,4,6,164)
r(1,4124,4,6,165)
r(2,95,4,6,166)
r(9,4107,4,6,167)
r(5,4123,4,6,168)
r(2,95,4,6,169)
r(8,4113,4,6,170)
r(10,4084,4,6,171)
r(15,64,4,6,172)
r(0,4119,4,6,173)
r(3,4121,4,6,174)
r(7,4186,4,8,200)
r(1,4183,4,8,201)
r(6,4176,4,8,202)
r(3,139,4,8,203)
r(2,4180,4,8,204)
r(0,4187,4,8,205)
r(3,139,4,8,206)
r(0,4187,4,8,207)
r(2,4180,4,8,208)
r(2,4180,4,8,209)
r(0,4187,4,8,210)
r(1,4183,4,8,211)
r(0,4187,4,8,212)
r(0,4187,4,8,213)
r(1,4183,4,8,214)
r(8,4113,4,8,215)
r(16,4133,4,8,216)
r(0,4187,4,8,217)
r(1,4183,4,8,218)
r(0,4187,4,8,219)
r(10,130,4,8,220)
r(19,4143,4,8,221)
r(14,115,4,8,222)
r(0,4187,4,8,223)
r(9,4107,4,8,224)
r(3,280,4,11,275)
r(2,279,4,11,276)
r(4,278,4,11,277)
r(0,281,4,11,278)
r(2,279,4,11,279)
r(0,281,4,11,280)
r(1,277,4,11,281)
r(0,281,4,11,282)
r(2,279,4,11,283)
r(3,280,4,11,284)
r(2,279,4,11,285)
r(1,277,4,11,286)
r(0,281,4,11,287)
r(10,236,4,11,288)
r(3,280,4,11,289)
r(5,4330,4,11,290)
r(0,281,4,11,291)
r(3,280,4,11,292)
r(5,4330,4,11,293)
r(15,264,4,11,294)
r(7,4319,4,11,295)
r(0,281,4,11,296)
r(1,277,4,11,297)
r(12,234,4,11,298)
r(9,251,4,11,299)
r(1,6131,4,12,300)
r(2,279,4,12,301)
r(0,6137,4,12,302)
r(4,6134,4,12,303)
r(3,6124,4,12,304)
r(3,6124,4,12,305)
r(15,6135,4,12,306)
r(1,6131,4,12,307)
r(0,6137,4,12,308)
r(0,6137,4,12,309)
r(0,6137,4,12,310)
r(4,6134,4,12,311)
r(8,6132,4,12,312)
r(18,6115,4,12,313)
r(0,6137,4,12,314)
r(0,6137,4,12,315)
r(1,6131,4,12,316)
r(1,6131,4,12,317)
r(0,6137,4,12,318)
r(1,6131,4,12,319)
r(1,6131,4,12,320)
r(8,6132,4,12,321)
r(2,279,4,12,322)
r(0,6137,4,12,323)
r(0,6137,4,12,324)
w(1,8111,4,13,325)
w(9,8112,4,13,326)
w(1,8113,4,13,327)
w(10,8114,4,13,328)
w(14,8115,4,13,329)
w(2,8116,4,13,330)
w(5,8117,4,13,331)
w(2,8118,4,13,332)
w(3,8119,4,13,333)
w(6,8120,4,13,334)
w(0,8121,4,13,335)
w(4,8122,4,13,336)
w(7,8123,4,13,337)
w(0,8124,4,13,338)
w(7,8125,4,13,339)
w(3,8126,4,13,340)
w(11,8127,4,13,341)
w(19,8128,4,13,342)
w(10,8129,4,13,343)
w(10,8130,4,13,344)
w(1,8131,4,13,345)
w(0,8132,4,13,346)
w(0,8133,4,13,347)
w(3,8134,4,13,348)
w(0,8135,4,13,349)
r(0,6143,4,14,350)
r(0,6143,4,14,351)
r(3,8134,4,14,352)
r(0,6143,4,14,353)
r(1,6145,4,14,354)
r(1,6145,4,14,355)
r(1,6145,4,14,356)
r(2,6138,4,14,357)
r(4,8122,4,14,358)
r(9,8112,4,14,359)
r(0,6143,4,14,360)
w(1,8136,4,14,361)
w(9,8137,4,14,362)
w(12,8138,4,14,363)
w(17,8139,4,14,364)
w(9,8140,4,14,365)
w(15,8141,4,14,366)
w(0,8142,4,14,367)
w(6,8143,4,14,368)
w(5,8144,4,14,369)
w(9,8145,4,14,370)
w(5,8146,4,14,371)
w(0,8147,4,14,372)
w(2,8148,4,14,373)
w(6,8149,4,14,374)
w(2,8150,4,15,375)
w(1,8151,4,15,376)
w(8,8152,4,15,377)
w(5,8153,4,15,378)
w(0,8154,4,15,379)
w(1,8155,4,15,380)
w(1,8156,4,15,381)
w(5,8157,4,15,382)
w(10,8158,4,15,383)
w(1,8159,4,15,384)
w(5,8160,4,15,385)
w(0,8161,4,15,386)
w(4,8162,4,15,387)
w(5,8163,4,15,388)
w(1,8164,4,15,389)
w(15,8165,4,15,390)
w(1,8166,4,15,391)
w(2,8167,4,15,392)
w(4,8168,4,15,393)
w(0,8169,4,15,394)
w(2,8170,4,15,395)
w(4,8171,4,15,396)
w(0,8172,4,15,397)
w(14,8173,4,15,398)
w(3,8174,4,15,399)
r(3,8174,4,16,400)
r(0,8172,4,16,401)
r(1,8166,4,16,402)
r(0,8172,4,16,403)
r(0,8172,4,16,404)
r(0,8172,4,16,405)
r(0,8172,4,16,406)
r(10,8158,4,16,407)
r(0,8172,4,16,408)
r(16,6149,4,16,409)
r(0,8172,4,16,410)
r(0,8172,4,16,411)
w(0,8175,4,16,412)
w(1,8176,4,16,413)
w(0,8177,4,16,414)
w(1,8178,4,16,415)
w(14,8179,4,16,416)
w(5,8180,4,16,417)
w(1,8181,4,16,418)
w(19,8182,4,16,419)
w(0,8183,4,16,420)
w(0,8184,4,16,421)
w(5,8185,4,16,422)
w(3,8186,4,16,423)
w(0,8187,4,16,424)
r(7,8125,4,17,425)
r(0,8187,4,17,426)
r(4,10119,4,17,427)
r(0,8187,4,17,428)
r(0,8187,4,17,429)
r(0,8187,4,17,430)
r(3,8186,4,17,431)
r(0,8187,4,17,432)
r(0,8187,4,17,433)
r(2,10120,4,17,434)
r(16,10109,4,17,435)
r(4,10119,4,17,436)
r(2,10120,4,17,437)
w(15,8188,4,17,438)
w(0,8189,4,17,439)
w(3,8190,4,17,440)
w(1,8191,4,17,441)
w(5,8192,4,17,442)
w(3,8193,4,17,443)
w(0,8194,4,17,444)
w(1,8195,4,17,445)
w(11,8196,4,17,446)
w(0,8197,4,17,447)
w(3,8198,4,17,448)
w(6,8199,4,17,449)
r(13,10107,4,18,450)
r(0,8197,4,18,451)
r(9,6179,4,18,452)
r(2,10120,4,18,453)
r(0,8197,4,18,454)
r(12,6190,4,18,455)
r(0,8197,4,18,456)
r(12,6190,4,18,457)
r(5,8192,4,18,458)
r(2,10120,4,18,459)
r(1,8195,4,18,460)
r(7,8125,4,18,461)
r(17,6195,4,18,462)
r(16,10109,4,18,463)
r(1,8195,4,18,464)
r(19,8182,4,18,465)
r(0,8197,4,18,466)
r(3,8198,4,18,467)
r(10,10115,4,18,468)
r(1,8195,4,18,469)
r(0,8197,4,18,470)
r(9,6179,4,18,471)
r(0,8197,4,18,472)
r(0,8197,4,18,473)
r(17,6195,4,18,474)
r(1,6201,4,19,475)
r(2,10145,4,19,476)
r(1,6201,4,19,477)
r(7,6207,4,19,478)
r(11,10144,4,19,479)
r(19,8182,4,19,480)
r(15,8188,4,19,481)
r(7,6207,4,19,482)
r(0,6206,4,19,483)
r(10,10127,4,19,484)
r(8,8152,4,19,485)
r(12,10137,4,19,486)
r(4,10140,4,19,487)
r(9,6179,4,19,488)
r(0,6206,4,19,489)
r(9,6179,4,19,490)
r(3,10142,4,19,491)
r(10,10127,4,19,492)
r(13,10107,4,19,493)
r(0,6206,4,19,494)
r(0,6206,4,19,495)
r(1,6201,4,19,496)
r(1,6201,4,19,497)
r(0,6206,4,19,498)
r(2,10145,4,19,499)
w(2,8200,4,20,500)
w(0,8201,4,20,501)
w(9,8202,4,20,502)
w(3,8203,4,20,503)
w(6,8204,4,20,504)
w(11,8205,4,20,505)
w(3,8206,4,20,506)
w(2,8207,4,20,507)
w(0,8208,4,20,508)
w(0,8209,4,20,509)
w(9,8210,4,20,510)
w(1,8211,4,20,511)
w(1,8212,4,20,512)
w(8,8213,4,20,513)
w(1,8214,4,20,514)
w(0,8215,4,20,515)
w(18,8216,4,20,516)
w(11,8217,4,20,517)
w(0,8218,4,20,518)
w(2,8219,4,20,519)
w(1,8220,4,20,520)
w(7,8221,4,20,521)
w(0,8222,4,20,522)
w(0,8223,4,20,523)
w(0,8224,4,20,524)
r(2,8243,4,22,550)
r(11,8228,4,22,551)
r(2,8243,4,22,552)
r(0,8245,4,22,553)
r(4,8249,4,22,554)
r(6,8241,4,22,555)
r(2,8243,4,22,556)
r(4,8249,4,22,557)
r(7,8247,4,22,558)
r(5,6228,4,22,559)
r(0,8245,4,22,560)
r(1,8248,4,22,561)
r(5,6228,4,22,562)
w(18,8250,4,22,563)
w(0,8251,4,22,564)
w(11,8252,4,22,565)
w(0,8253,4,22,566)
w(2,8254,4,22,567)
w(2,8255,4,22,568)
w(5,8256,4,22,569)
w(0,8257,4,22,570)
w(6,8258,4,22,571)
w(0,8259,4,22,572)
w(7,8260,4,22,573)
w(6,8261,4,22,574)
r(4,10214,4,23,575)
r(3,6240,4,23,576)
r(19,10215,4,23,577)
r(0,10221,4,23,578)
r(0,10221,4,23,579)
r(2,10211,4,23,580)
r(2,10211,4,23,581)
r(3,6240,4,23,582)
r(0,10221,4,23,583)
r(0,10221,4,23,584)
r(4,10214,4,23,585)
r(5,8256,4,23,586)
r(3,6240,4,23,587)
r(0,10221,4,23,588)
r(6,8261,4,23,589)
r(19,10215,4,23,590)
r(14,10192,4,23,591)
r(7,10217,4,23,592)
r(2,10211,4,23,593)
r(17,10133,4,23,594)
r(1,10219,4,23,595)
r(8,10209,4,23,596)
r(2,10211,4,23,597)
r(0,10221,4,23,598)
r(0,10221,4,23,599)
r(0,10221,4,24,600)
r(6,8261,4,24,601)
r(2,10211,4,24,602)
r(0,10221,4,24,603)
r(12,10213,4,24,604)
r(3,6240,4,24,605)
r(5,8256,4,24,606)
r(3,6240,4,24,607)
r(2,10211,4,24,608)
r(0,10221,4,24,609)
r(12,10213,4,24,610)
r(1,10219,4,24,611)
r(13,10177,4,24,612)
r(19,10215,4,24,613)
r(0,10221,4,24,614)
r(5,8256,4,24,615)
r(0,10221,4,24,616)
r(1,10219,4,24,617)
r(1,10219,4,24,618)
r(5,8256,4,24,619)
r(0,10221,4,24,620)
r(2,10211,4,24,621)
r(1,10219,4,24,622)
r(8,10209,4,24,623)
r(1,10219,4,24,624)
r(13,10177,4,25,625)
r(1,10219,4,25,626)
r(18,10212,4,25,627)
r(6,8261,4,25,628)
r(12,10213,4,25,629)
r(1,10219,4,25,630)
r(0,10221,4,25,631)
r(4,10214,4,25,632)
r(6,8261,4,25,633)
r(16,10189,4,25,634)
r(0,10221,4,25,635)
w(0,8262,4,25,636)
w(2,8263,4,25,637)
w(10,8264,4,25,638)
w(0,8265,4,25,639)
w(0,8266,4,25,640)
w(7,8267,4,25,641)
w(3,8268,4,25,642)
w(0,8269,4,25,643)
w(4,8270,4,25,644)
w(15,8271,4,25,645)
w(1,8272,4,25,646)
w(0,8273,4,25,647)
w(0,8274,4,25,648)
w(7,8275,4,25,649)
r(12,10213,4,26,650)
r(2,8263,4,26,651)
r(2,8263,4,26,652)
r(5,8256,4,26,653)
r(13,10237,4,26,654)
r(8,10209,4,26,655)
r(9,10231,4,26,656)
r(5,8256,4,26,657)
r(10,8264,4,26,658)
w(5,8276,4,26,659)
w(13,8277,4,26,660)
w(0,8278,4,26,661)
w(2,8279,4,26,662)
w(3,8280,4,26,663)
w(0,8281,4,26,664)
w(6,8282,4,26,665)
w(2,8283,4,26,666)
w(1,8284,4,26,667)
w(6,8285,4,26,668)
w(0,8286,4,26,669)
w(0,8287,4,26,670)
w(0,8288,4,26,671)
w(3,8289,4,26,672)
w(0,8290,4,26,673)
w(0,8291,4,26,674)
r(5,6268,4,27,675)
r(0,6264,4,27,676)
r(9,6255,4,27,677)
r(11,8252,4,27,678)
r(7,8275,4,27,679)
r(1,8284,4,27,680)
r(6,8285,4,27,681)
r(15,8271,4,27,682)
r(0,6264,4,27,683)
r(10,6266,4,27,684)
r(2,6267,4,27,685)
r(3,6265,4,27,686)
r(0,6264,4,27,687)
r(0,6264,4,27,688)
r(1,8284,4,27,689)
r(1,8284,4,27,690)
r(7,8275,4,27,691)
r(4,10252,4,27,692)
r(12,6257,4,27,693)
r(0,6264,4,27,694)
r(6,8285,4,27,695)
r(0,6264,4,27,696)
r(0,6264,4,27,697)
r(0,6264,4,27,698)
r(2,6267,4,27,699)
