r(5,4330,5,5,125)
r(0,281,5,5,126)
r(4,278,5,5,127)
r(2,279,5,5,128)
r(0,281,5,5,129)
r(4,278,5,5,130)
r(0,281,5,5,131)
r(9,251,5,5,132)
r(0,281,5,5,133)
r(15,264,5,5,134)
r(0,281,5,5,135)
r(1,277,5,5,136)
w(5,10078,5,5,137)
w(1,10079,5,5,138)
w(15,10080,5,5,139)
w(0,10081,5,5,140)
w(6,10082,5,5,141)
w(0,10083,5,5,142)
w(11,10084,5,5,143)
w(6,10085,5,5,144)
w(4,10086,5,5,145)
w(7,10087,5,5,146)
w(0,10088,5,5,147)
w(2,10089,5,5,148)
w(2,10090,5,5,149)
r(12,10099,5,7,175)
r(3,6166,5,7,176)
r(5,6167,5,7,177)
r(2,6169,5,7,178)
r(8,6132,5,7,179)
r(18,6162,5,7,180)
r(0,6170,5,7,181)
w(4,10103,5,7,182)
w(0,10104,5,7,183)
w(4,10105,5,7,184)
w(2,10106,5,7,185)
w(13,10107,5,7,186)
w(0,10108,5,7,187)
w(16,10109,5,7,188)
w(4,10110,5,7,189)
w(2,10111,5,7,190)
w(1,10112,5,7,191)
w(2,10113,5,7,192)
w(1,10114,5,7,193)
w(10,10115,5,7,194)
w(0,10116,5,7,195)
w(0,10117,5,7,196)
w(2,10118,5,7,197)
w(4,10119,5,7,198)
w(2,10120,5,7,199)
r(8,8152,5,8,200)
r(0,8187,5,8,201)
r(2,10120,5,8,202)
r(13,10107,5,8,203)
r(4,10119,5,8,204)
r(1,8181,5,8,205)
r(1,8181,5,8,206)
r(0,8187,5,8,207)
r(17,6195,5,8,208)
r(0,8187,5,8,209)
r(8,8152,5,8,210)
r(16,10109,5,8,211)
r(1,8181,5,8,212)
r(2,10120,5,8,213)
r(10,10115,5,8,214)
r(2,10120,5,8,215)
r(1,8181,5,8,216)
r(1,8181,5,8,217)
r(7,8125,5,8,218)
r(17,6195,5,8,219)
r(5,8185,5,8,220)
r(2,10120,5,8,221)
r(2,10120,5,8,222)
r(1,8181,5,8,223)
r(1,8181,5,8,224)
w(2,10121,5,9,225)
w(10,10122,5,9,226)
w(0,10123,5,9,227)
w(6,10124,5,9,228)
w(1,10125,5,9,229)
w(1,10126,5,9,230)
w(10,10127,5,9,231)
w(3,10128,5,9,232)
w(4,10129,5,9,233)
w(0,10130,5,9,234)
w(0,10131,5,9,235)
w(3,10132,5,9,236)
w(17,10133,5,9,237)
w(6,10134,5,9,238)
w(1,10135,5,9,239)
w(18,10136,5,9,240)
w(12,10137,5,9,241)
w(2,10138,5,9,242)
w(7,10139,5,9,243)
w(4,10140,5,9,244)
w(5,10141,5,9,245)
w(3,10142,5,9,246)
w(5,10143,5,9,247)
w(11,10144,5,9,248)
w(2,10145,5,9,249)
r(0,6206,5,10,250)
r(1,6201,5,10,251)
r(1,6201,5,10,252)
r(0,6206,5,10,253)
r(0,6206,5,10,254)
r(0,6206,5,10,255)
r(14,8179,5,10,256)
r(9,6179,5,10,257)
r(3,10142,5,10,258)
r(5,10143,5,10,259)
r(0,6206,5,10,260)
r(10,10127,5,10,261)
w(1,10146,5,10,262)
w(1,10147,5,10,263)
w(3,10148,5,10,264)
w(2,10149,5,10,265)
w(10,10150,5,10,266)
w(2,10151,5,10,267)
w(2,10152,5,10,268)
w(0,10153,5,10,269)
w(7,10154,5,10,270)
w(5,10155,5,10,271)
w(6,10156,5,10,272)
w(0,10157,5,10,273)
w(0,10158,5,10,274)
r(0,10158,5,11,275)
r(0,10158,5,11,276)
r(4,10140,5,11,277)
r(0,10158,5,11,278)
r(1,10147,5,11,279)
r(2,10152,5,11,280)
r(0,10158,5,11,281)
r(1,10147,5,11,282)
r(7,10154,5,11,283)
r(5,10155,5,11,284)
r(12,10137,5,11,285)
r(6,10156,5,11,286)
w(0,10159,5,11,287)
w(0,10160,5,11,288)
w(7,10161,5,11,289)
w(14,10162,5,11,290)
w(3,10163,5,11,291)
w(0,10164,5,11,292)
w(13,10165,5,11,293)
w(10,10166,5,11,294)
w(4,10167,5,11,295)
w(7,10168,5,11,296)
w(1,10169,5,11,297)
w(0,10170,5,11,298)
w(2,10171,5,11,299)
r(8,8213,5,12,300)
r(7,6213,5,12,301)
r(4,6225,5,12,302)
r(0,6231,5,12,303)
r(0,6231,5,12,304)
r(0,6231,5,12,305)
r(12,10137,5,12,306)
r(12,10137,5,12,307)
r(7,6213,5,12,308)
r(18,8216,5,12,309)
r(0,6231,5,12,310)
r(9,6218,5,12,311)
r(8,8213,5,12,312)
r(1,6223,5,12,313)
w(12,10172,5,12,314)
w(0,10173,5,12,315)
w(0,10174,5,12,316)
w(0,10175,5,12,317)
w(4,10176,5,12,318)
w(13,10177,5,12,319)
w(0,10178,5,12,320)
w(0,10179,5,12,321)
w(1,10180,5,12,322)
w(16,10181,5,12,323)
w(4,10182,5,12,324)
w(0,10183,5,13,325)
w(1,10184,5,13,326)
w(14,10185,5,13,327)
w(2,10186,5,13,328)
w(1,10187,5,13,329)
w(1,10188,5,13,330)
w(16,10189,5,13,331)
w(0,10190,5,13,332)
w(1,10191,5,13,333)
w(14,10192,5,13,334)
w(0,10193,5,13,335)
w(0,10194,5,13,336)
w(3,10195,5,13,337)
w(3,10196,5,13,338)
w(5,10197,5,13,339)
w(0,10198,5,13,340)
w(12,10199,5,13,341)
w(18,10200,5,13,342)
w(9,10201,5,13,343)
w(0,10202,5,13,344)
w(2,10203,5,13,345)
w(1,10204,5,13,346)
w(1,10205,5,13,347)
w(4,10206,5,13,348)
w(1,10207,5,13,349)
r(4,10206,5,14,350)
r(14,10192,5,14,351)
r(2,10203,5,14,352)
r(10,6232,5,14,353)
r(1,10207,5,14,354)
r(9,10201,5,14,355)
r(7,8247,5,14,356)
r(0,10202,5,14,357)
r(3,10196,5,14,358)
r(8,8213,5,14,359)
r(0,10202,5,14,360)
w(4,10208,5,14,361)
w(8,10209,5,14,362)
w(1,10210,5,14,363)
w(2,10211,5,14,364)
w(18,10212,5,14,365)
w(12,10213,5,14,366)
w(4,10214,5,14,367)
w(19,10215,5,14,368)
w(7,10216,5,14,369)
w(7,10217,5,14,370)
w(0,10218,5,14,371)
w(1,10219,5,14,372)
w(10,10220,5,14,373)
w(0,10221,5,14,374)
w(2,10222,5,15,375)
w(18,10223,5,15,376)
w(0,10224,5,15,377)
w(15,10225,5,15,378)
w(1,10226,5,15,379)
w(0,10227,5,15,380)
w(17,10228,5,15,381)
w(13,10229,5,15,382)
w(0,10230,5,15,383)
w(9,10231,5,15,384)
w(14,10232,5,15,385)
w(0,10233,5,15,386)
w(1,10234,5,15,387)
w(1,10235,5,15,388)
w(0,10236,5,15,389)
w(13,10237,5,15,390)
w(4,10238,5,15,391)
w(7,10239,5,15,392)
w(2,10240,5,15,393)
w(10,10241,5,15,394)
w(15,10242,5,15,395)
w(19,10243,5,15,396)
w(1,10244,5,15,397)
w(6,10245,5,15,398)
w(7,10246,5,15,399)
r(0,8274,5,16,400)
r(7,8275,5,16,401)
r(0,8274,5,16,402)
r(2,8263,5,16,403)
r(5,8256,5,16,404)
r(5,8256,5,16,405)
r(0,8274,5,16,406)
r(1,8272,5,16,407)
r(2,8263,5,16,408)
r(19,10243,5,16,409)
r(0,8274,5,16,410)
r(10,8264,5,16,411)
r(6,10245,5,16,412)
r(11,8252,5,16,413)
r(14,10232,5,16,414)
r(4,8270,5,16,415)
r(15,8271,5,16,416)
r(5,8256,5,16,417)
r(8,10209,5,16,418)
r(0,8274,5,16,419)
r(5,8256,5,16,420)
r(2,8263,5,16,421)
r(7,8275,5,16,422)
r(4,8270,5,16,423)
r(0,8274,5,16,424)
r(1,8272,5,17,425)
r(2,8263,5,17,426)
r(0,8274,5,17,427)
r(6,10245,5,17,428)
r(2,8263,5,17,429)
r(1,8272,5,17,430)
r(0,8274,5,17,431)
r(0,8274,5,17,432)
r(0,8274,5,17,433)
r(7,8275,5,17,434)
r(0,8274,5,17,435)
r(9,10231,5,17,436)
w(0,10247,5,17,437)
w(0,10248,5,17,438)
w(1,10249,5,17,439)
w(3,10250,5,17,440)
w(1,10251,5,17,441)
w(4,10252,5,17,442)
w(3,10253,5,17,443)
w(2,10254,5,17,444)
w(0,10255,5,17,445)
w(0,10256,5,17,446)
w(0,10257,5,17,447)
w(0,10258,5,17,448)
w(0,10259,5,17,449)
r(0,8291,5,18,450)
r(1,8284,5,18,451)
r(0,8291,5,18,452)
r(1,8284,5,18,453)
r(1,8284,5,18,454)
r(2,8283,5,18,455)
r(14,10232,5,18,456)
r(19,10243,5,18,457)
r(14,10232,5,18,458)
r(12,6257,5,18,459)
r(0,8291,5,18,460)
r(0,8291,5,18,461)
r(0,8291,5,18,462)
w(12,10260,5,18,463)
w(13,10261,5,18,464)
w(8,10262,5,18,465)
w(19,10263,5,18,466)
w(0,10264,5,18,467)
w(12,10265,5,18,468)
w(16,10266,5,18,469)
w(0,10267,5,18,470)
w(2,10268,5,18,471)
w(0,10269,5,18,472)
w(4,10270,5,18,473)
w(2,10271,5,18,474)
r(0,10269,5,19,475)
r(2,10271,5,19,476)
r(7,8275,5,19,477)
r(8,10262,5,19,478)
r(0,10269,5,19,479)
r(4,10270,5,19,480)
r(5,6268,5,19,481)
r(13,10261,5,19,482)
r(2,10271,5,19,483)
r(8,10262,5,19,484)
r(2,10271,5,19,485)
r(6,8285,5,19,486)
w(3,10272,5,19,487)
w(12,10273,5,19,488)
w(4,10274,5,19,489)
w(15,10275,5,19,490)
w(10,10276,5,19,491)
w(3,10277,5,19,492)
w(5,10278,5,19,493)
w(4,10279,5,19,494)
w(1,10280,5,19,495)
w(3,10281,5,19,496)
w(0,10282,5,19,497)
w(0,10283,5,19,498)
w(0,10284,5,19,499)
r(1,10280,5,20,500)
r(0,10284,5,20,501)
r(1,10280,5,20,502)
r(11,8252,5,20,503)
r(9,6285,5,20,504)
r(0,10284,5,20,505)
r(4,10279,5,20,506)
r(3,10281,5,20,507)
r(3,10281,5,20,508)
r(0,10284,5,20,509)
r(2,6287,5,20,510)
r(13,6272,5,20,511)
r(0,10284,5,20,512)
r(3,10281,5,20,513)
r(2,6287,5,20,514)
r(0,10284,5,20,515)
r(12,10273,5,20,516)
r(1,10280,5,20,517)
r(13,6272,5,20,518)
r(0,10284,5,20,519)
r(2,6287,5,20,520)
r(14,10232,5,20,521)
r(2,6287,5,20,522)
r(10,10276,5,20,523)
r(0,10284,5,20,524)
r(17,10228,5,21,525)
r(9,6285,5,21,526)
r(0,10284,5,21,527)
r(0,10284,5,21,528)
r(2,6287,5,21,529)
r(0,10284,5,21,530)
r(4,10279,5,21,531)
r(0,10284,5,21,532)
r(0,10284,5,21,533)
r(11,8252,5,21,534)
w(0,10285,5,21,535)
w(16,10286,5,21,536)
w(0,10287,5,21,537)
w(3,10288,5,21,538)
w(3,10289,5,21,539)
w(1,10290,5,21,540)
w(1,10291,5,21,541)
w(6,10292,5,21,542)
w(1,10293,5,21,543)
w(0,10294,5,21,544)
w(4,10295,5,21,545)
w(6,10296,5,21,546)
w(0,10297,5,21,547)
w(0,10298,5,21,548)
w(1,10299,5,21,549)
r(0,10298,5,22,550)
r(2,6299,5,22,551)
r(0,10298,5,22,552)
r(0,10298,5,22,553)
r(0,10298,5,22,554)
r(0,10298,5,22,555)
r(0,10298,5,22,556)
r(0,10298,5,22,557)
w(6,10300,5,22,558)
w(7,10301,5,22,559)
w(0,10302,5,22,560)
w(7,10303,5,22,561)
w(6,10304,5,22,562)
w(5,10305,5,22,563)
w(5,10306,5,22,564)
w(2,10307,5,22,565)
w(1,10308,5,22,566)
w(1,10309,5,22,567)
w(2,10310,5,22,568)
w(1,10311,5,22,569)
w(3,10312,5,22,570)
w(2,10313,5,22,571)
w(11,10314,5,22,572)
w(0,10315,5,22,573)
w(3,10316,5,22,574)
r(5,10306,5,23,575)
r(4,6313,5,23,576)
r(19,10263,5,23,577)
r(12,10273,5,23,578)
r(2,10313,5,23,579)
r(1,10311,5,23,580)
r(19,10263,5,23,581)
r(16,10286,5,23,582)
r(1,10311,5,23,583)
w(1,10317,5,23,584)
w(0,10318,5,23,585)
w(0,10319,5,23,586)
w(3,10320,5,23,587)
w(0,10321,5,23,588)
w(1,10322,5,23,589)
w(2,10323,5,23,590)
w(2,10324,5,23,591)
w(6,10325,5,23,592)
w(0,10326,5,23,593)
w(1,10327,5,23,594)
w(0,10328,5,23,595)
w(10,10329,5,23,596)
w(2,10330,5,23,597)
w(9,10331,5,23,598)
w(0,10332,5,23,599)
r(8,6311,5,24,600)
r(3,6325,5,24,601)
r(16,10286,5,24,602)
r(1,10327,5,24,603)
r(2,10330,5,24,604)
r(7,10303,5,24,605)
r(1,10327,5,24,606)
r(4,6313,5,24,607)
r(4,6313,5,24,608)
r(0,6324,5,24,609)
r(1,10327,5,24,610)
w(1,10333,5,24,611)
w(1,10334,5,24,612)
w(6,10335,5,24,613)
w(1,10336,5,24,614)
w(0,10337,5,24,615)
w(5,10338,5,24,616)
w(1,10339,5,24,617)
w(1,10340,5,24,618)
w(17,10341,5,24,619)
w(0,10342,5,24,620)
w(17,10343,5,24,621)
w(10,10344,5,24,622)
w(0,10345,5,24,623)
w(16,10346,5,24,624)
w(0,10347,5,25,625)
w(16,10348,5,25,626)
w(1,10349,5,25,627)
w(15,10350,5,25,628)
w(12,10351,5,25,629)
w(3,10352,5,25,630)
w(0,10353,5,25,631)
w(0,10354,5,25,632)
w(0,10355,5,25,633)
w(2,10356,5,25,634)
w(3,10357,5,25,635)
w(1,10358,5,25,636)
w(0,10359,5,25,637)
w(19,10360,5,25,638)
w(0,10361,5,25,639)
w(0,10362,5,25,640)
w(0,10363,5,25,641)
w(0,10364,5,25,642)
w(7,10365,5,25,643)
w(0,10366,5,25,644)
w(7,10367,5,25,645)
w(3,10368,5,25,646)
w(17,10369,5,25,647)
w(0,10370,5,25,648)
w(3,10371,5,25,649)
w(9,10372,5,26,650)
w(16,10373,5,26,651)
w(4,10374,5,26,652)
w(2,10375,5,26,653)
w(0,10376,5,26,654)
w(7,10377,5,26,655)
w(2,10378,5,26,656)
w(1,10379,5,26,657)
w(8,10380,5,26,658)
w(2,10381,5,26,659)
w(0,10382,5,26,660)
w(0,10383,5,26,661)
w(6,10384,5,26,662)
w(0,10385,5,26,663)
w(9,10386,5,26,664)
w(0,10387,5,26,665)
w(2,10388,5,26,666)
w(14,10389,5,26,667)
w(14,10390,5,26,668)
w(5,10391,5,26,669)
w(1,10392,5,26,670)
w(13,10393,5,26,671)
w(1,10394,5,26,672)
w(1,10395,5,26,673)
w(2,10396,5,26,674)
