w(2,236,1,5,50)
w(3,237,1,5,51)
w(5,238,1,5,52)
w(9,239,1,5,53)
w(3,240,1,5,54)
w(8,241,1,5,55)
w(4,242,1,5,56)
w(9,243,1,5,57)
w(3,244,1,5,58)
w(1,245,1,5,59)
r(2,236,1,6,60)
r(0,448,1,6,61)
r(2,236,1,6,62)
r(5,238,1,6,63)
r(8,241,1,6,64)
r(9,243,1,6,65)
r(6,31,1,6,66)
r(7,440,1,6,67)
r(5,238,1,6,68)
r(9,243,1,6,69)
r(0,448,1,7,70)
r(7,440,1,7,71)
r(1,245,1,7,72)
r(3,244,1,7,73)
r(5,238,1,7,74)
r(8,241,1,7,75)
r(6,31,1,7,76)
w(0,246,1,7,77)
w(1,247,1,7,78)
w(5,248,1,7,79)
w(3,249,1,8,80)
w(8,250,1,8,81)
w(3,251,1,8,82)
w(5,252,1,8,83)
w(0,253,1,8,84)
w(0,254,1,8,85)
w(0,255,1,8,86)
w(6,256,1,8,87)
w(2,257,1,8,88)
w(2,258,1,8,89)
w(7,259,1,9,90)
w(3,260,1,9,91)
w(2,261,1,9,92)
w(8,262,1,9,93)
w(8,263,1,9,94)
w(9,264,1,9,95)
w(3,265,1,9,96)
w(1,266,1,9,97)
w(6,267,1,9,98)
w(3,268,1,9,99)
r(0,255,1,10,100)
r(1,266,1,10,101)
r(0,255,1,10,102)
r(2,261,1,10,103)
w(3,269,1,10,104)
w(2,270,1,10,105)
w(2,271,1,10,106)
w(6,272,1,10,107)
w(4,273,1,10,108)
w(3,274,1,10,109)
r(7,259,1,11,110)
r(5,252,1,11,111)
r(3,274,1,11,112)
r(2,271,1,11,113)
w(1,275,1,11,114)
w(3,276,1,11,115)
w(3,277,1,11,116)
w(4,278,1,11,117)
w(9,279,1,11,118)
w(8,280,1,11,119)
r(5,252,1,12,120)
r(9,279,1,12,121)
w(2,281,1,12,122)
w(8,282,1,12,123)
w(3,283,1,12,124)
w(0,284,1,12,125)
w(2,285,1,12,126)
w(2,286,1,12,127)
w(3,287,1,12,128)
w(2,288,1,12,129)
w(6,289,1,13,130)
w(8,290,1,13,131)
w(7,291,1,13,132)
w(4,292,1,13,133)
w(6,293,1,13,134)
w(9,294,1,13,135)
w(2,295,1,13,136)
w(7,296,1,13,137)
w(7,297,1,13,138)
w(8,298,1,13,139)
