r(3,439,0,0)
r(4,440,0,0)
r(5,429,0,0)
r(0,438,0,0)
w(2,1,0,0)
w(3,2,0,0)
w(2,3,0,0)
w(8,4,0,0)
w(5,5,0,0)
w(9,6,0,0)
r(7,444,0,1)
r(5,450,0,1)
r(4,452,0,1)
r(2,3,0,1)
r(1,454,0,1)
r(0,453,0,1)
r(0,453,0,1)
r(7,444,0,1)
r(0,453,0,1)
r(7,444,0,1)
w(7,7,0,2)
w(2,8,0,2)
w(6,9,0,2)
w(1,10,0,2)
w(2,11,0,2)
w(1,12,0,2)
w(6,13,0,2)
w(4,14,0,2)
w(6,15,0,2)
w(3,16,0,2)
w(3,17,0,3)
w(6,18,0,3)
w(8,19,0,3)
w(0,20,0,3)
w(2,21,0,3)
w(1,22,0,3)
w(3,23,0,3)
w(2,24,0,3)
w(6,25,0,3)
w(9,26,0,3)
r(2,208,0,4)
r(2,208,0,4)
r(7,7,0,4)
r(8,206,0,4)
w(6,27,0,4)
w(7,28,0,4)
w(1,29,0,4)
w(5,30,0,4)
w(6,31,0,4)
w(3,32,0,4)
r(7,28,0,5)
r(1,29,0,5)
r(0,210,0,5)
r(5,30,0,5)
r(2,211,0,5)
w(2,33,0,5)
w(5,34,0,5)
w(3,35,0,5)
w(4,36,0,5)
w(2,37,0,5)
r(3,218,0,6)
r(6,217,0,6)
r(2,215,0,6)
r(5,219,0,6)
r(7,28,0,6)
r(4,216,0,6)
r(4,216,0,6)
w(3,38,0,6)
w(6,39,0,6)
w(7,40,0,6)
r(2,223,0,7)
r(3,38,0,7)
r(2,223,0,7)
r(8,206,0,7)
r(5,219,0,7)
r(7,224,0,7)
w(3,41,0,7)
w(5,42,0,7)
w(4,43,0,7)
w(9,44,0,7)
r(8,234,0,8)
r(1,221,0,8)
r(3,41,0,8)
w(4,45,0,8)
w(2,46,0,8)
w(3,47,0,8)
w(5,48,0,8)
w(4,49,0,8)
w(0,50,0,8)
w(1,51,0,8)
r(3,2,1,9)
r(1,454,1,9)
r(0,453,1,9)
r(7,444,1,9)
r(7,444,1,9)
w(0,201,1,9)
w(7,202,1,9)
w(2,203,1,9)
w(2,204,1,9)
w(5,205,1,9)
r(8,455,1,10)
r(8,455,1,10)
r(4,14,1,10)
r(5,456,1,10)
r(1,12,1,10)
r(6,457,1,10)
r(0,201,1,10)
r(4,14,1,10)
r(2,11,1,10)
r(1,12,1,10)
r(1,22,1,11)
r(9,26,1,11)
r(8,19,1,11)
r(7,7,1,11)
r(0,20,1,11)
w(8,206,1,11)
w(0,207,1,11)
w(2,208,1,11)
w(0,209,1,11)
w(0,210,1,11)
r(1,22,1,12)
r(0,210,1,12)
r(8,206,1,12)
r(9,26,1,12)
r(2,208,1,12)
r(7,7,1,12)
r(5,456,1,12)
r(7,7,1,12)
r(7,7,1,12)
r(3,23,1,12)
r(2,208,1,13)
r(7,7,1,13)
r(7,7,1,13)
r(5,456,1,13)
r(5,456,1,13)
r(9,26,1,13)
r(9,26,1,13)
r(4,14,1,13)
w(2,211,1,13)
w(6,212,1,13)
r(5,34,1,14)
r(8,206,1,14)
r(7,28,1,14)
w(6,213,1,14)
w(3,214,1,14)
w(2,215,1,14)
w(4,216,1,14)
w(6,217,1,14)
w(3,218,1,14)
w(5,219,1,14)
r(2,215,1,15)
r(6,39,1,15)
r(0,210,1,15)
r(4,216,1,15)
r(2,215,1,15)
w(4,220,1,15)
w(1,221,1,15)
w(6,222,1,15)
w(2,223,1,15)
w(7,224,1,15)
r(5,42,1,16)
r(9,44,1,16)
r(2,223,1,16)
r(7,224,1,16)
r(3,41,1,16)
r(5,42,1,16)
r(8,206,1,16)
r(9,44,1,16)
r(2,223,1,16)
r(1,221,1,16)
w(8,225,1,17)
w(4,226,1,17)
w(7,227,1,17)
w(9,228,1,17)
w(2,229,1,17)
w(2,230,1,17)
w(0,231,1,17)
w(8,232,1,17)
w(9,233,1,17)
w(8,234,1,17)
r(0,0,2,18)
r(7,0,2,18)
r(8,0,2,18)
r(4,0,2,18)
r(2,0,2,18)
w(5,401,2,18)
w(3,402,2,18)
w(6,403,2,18)
w(1,404,2,18)
w(9,405,2,18)
w(4,406,2,19)
w(3,407,2,19)
w(8,408,2,19)
w(8,409,2,19)
w(5,410,2,19)
w(3,411,2,19)
w(0,412,2,19)
w(9,413,2,19)
w(9,414,2,19)
w(7,415,2,19)
w(4,416,2,20)
w(0,417,2,20)
w(3,418,2,20)
w(4,419,2,20)
w(9,420,2,20)
w(6,421,2,20)
w(9,422,2,20)
w(4,423,2,20)
w(6,424,2,20)
w(7,425,2,20)
r(9,422,2,21)
r(9,422,2,21)
r(5,410,2,21)
r(9,422,2,21)
w(1,426,2,21)
w(5,427,2,21)
w(5,428,2,21)
w(5,429,2,21)
w(1,430,2,21)
w(9,431,2,21)
r(8,409,2,22)
r(2,0,2,22)
r(2,0,2,22)
r(7,425,2,22)
r(3,418,2,22)
r(1,430,2,22)
r(4,423,2,22)
r(1,430,2,22)
r(0,417,2,22)
r(3,418,2,22)
r(6,424,2,23)
r(6,424,2,23)
r(8,409,2,23)
r(3,418,2,23)
r(7,425,2,23)
r(8,409,2,23)
w(4,432,2,23)
w(9,433,2,23)
w(1,434,2,23)
w(8,435,2,23)
r(1,434,2,24)
r(5,429,2,24)
r(0,417,2,24)
r(4,432,2,24)
r(2,0,2,24)
w(4,436,2,24)
w(6,437,2,24)
w(0,438,2,24)
w(3,439,2,24)
w(4,440,2,24)
r(5,429,2,25)
r(6,437,2,25)
r(4,440,2,25)
r(3,439,2,25)
r(0,438,2,25)
r(2,0,2,25)
w(8,441,2,25)
w(8,442,2,25)
w(6,443,2,25)
w(7,444,2,25)
w(1,445,2,26)
w(4,446,2,26)
w(6,447,2,26)
w(1,448,2,26)
w(1,449,2,26)
w(5,450,2,26)
w(0,451,2,26)
w(4,452,2,26)
w(0,453,2,26)
w(1,454,2,26)
