r(3,2,1,0,0)
r(1,454,1,0,1)
r(0,453,1,0,2)
r(7,444,1,0,3)
r(7,444,1,0,4)
w(0,201,1,0,5)
w(7,202,1,0,6)
w(2,203,1,0,7)
w(2,204,1,0,8)
w(5,205,1,0,9)
r(8,455,1,1,10)
r(8,455,1,1,11)
r(4,14,1,1,12)
r(5,456,1,1,13)
r(1,12,1,1,14)
r(6,457,1,1,15)
r(0,201,1,1,16)
r(4,14,1,1,17)
r(2,11,1,1,18)
r(1,12,1,1,19)
r(1,22,1,2,20)
r(9,26,1,2,21)
r(8,19,1,2,22)
r(7,7,1,2,23)
r(0,20,1,2,24)
w(8,206,1,2,25)
w(0,207,1,2,26)
w(2,208,1,2,27)
w(0,209,1,2,28)
w(0,210,1,2,29)
r(1,22,1,3,30)
r(0,210,1,3,31)
r(8,206,1,3,32)
r(9,26,1,3,33)
r(2,208,1,3,34)
r(7,7,1,3,35)
r(5,456,1,3,36)
r(7,7,1,3,37)
r(7,7,1,3,38)
r(3,23,1,3,39)
r(2,208,1,4,40)
r(7,7,1,4,41)
r(7,7,1,4,42)
r(5,456,1,4,43)
r(5,456,1,4,44)
r(9,26,1,4,45)
r(9,26,1,4,46)
r(4,14,1,4,47)
w(2,211,1,4,48)
w(6,212,1,4,49)
r(5,34,1,5,50)
r(8,206,1,5,51)
r(7,28,1,5,52)
w(6,213,1,5,53)
w(3,214,1,5,54)
w(2,215,1,5,55)
w(4,216,1,5,56)
w(6,217,1,5,57)
w(3,218,1,5,58)
w(5,219,1,5,59)
r(2,215,1,6,60)
r(6,39,1,6,61)
r(0,210,1,6,62)
r(4,216,1,6,63)
r(2,215,1,6,64)
w(4,220,1,6,65)
w(1,221,1,6,66)
w(6,222,1,6,67)
w(2,223,1,6,68)
w(7,224,1,6,69)
r(5,42,1,7,70)
r(9,44,1,7,71)
r(2,223,1,7,72)
r(7,224,1,7,73)
r(3,41,1,7,74)
r(5,42,1,7,75)
r(8,206,1,7,76)
r(9,44,1,7,77)
r(2,223,1,7,78)
r(1,221,1,7,79)
w(8,225,1,8,80)
w(4,226,1,8,81)
w(7,227,1,8,82)
w(9,228,1,8,83)
w(2,229,1,8,84)
w(2,230,1,8,85)
w(0,231,1,8,86)
w(8,232,1,8,87)
w(9,233,1,8,88)
w(8,234,1,8,89)
