r(4,435,1,0,0)
r(9,430,1,0,1)
r(4,435,1,0,2)
r(1,433,1,0,3)
w(1,201,1,0,4)
w(4,202,1,0,5)
w(4,203,1,0,6)
w(5,204,1,0,7)
w(9,205,1,0,8)
w(0,206,1,0,9)
w(7,207,1,1,10)
w(2,208,1,1,11)
w(5,209,1,1,12)
w(2,210,1,1,13)
w(3,211,1,1,14)
w(2,212,1,1,15)
w(4,213,1,1,16)
w(2,214,1,1,17)
w(3,215,1,1,18)
w(2,216,1,1,19)
r(8,424,1,2,20)
r(5,209,1,2,21)
r(2,216,1,2,22)
r(5,209,1,2,23)
r(3,215,1,2,24)
r(0,206,1,2,25)
r(7,207,1,2,26)
r(5,209,1,2,27)
r(2,216,1,2,28)
r(3,215,1,2,29)
w(8,217,1,3,30)
w(4,218,1,3,31)
w(1,219,1,3,32)
w(7,220,1,3,33)
w(1,221,1,3,34)
w(6,222,1,3,35)
w(9,223,1,3,36)
w(9,224,1,3,37)
w(9,225,1,3,38)
w(0,226,1,3,39)
r(2,216,1,4,40)
r(7,220,1,4,41)
r(3,215,1,4,42)
r(2,216,1,4,43)
w(8,227,1,4,44)
w(6,228,1,4,45)
w(0,229,1,4,46)
w(1,230,1,4,47)
w(1,231,1,4,48)
w(7,232,1,4,49)
r(4,218,1,5,50)
r(4,218,1,5,51)
r(2,216,1,5,52)
r(7,232,1,5,53)
r(4,218,1,5,54)
r(3,215,1,5,55)
r(5,209,1,5,56)
w(3,233,1,5,57)
w(6,234,1,5,58)
w(1,235,1,5,59)
r(4,218,1,6,60)
r(2,216,1,6,61)
r(2,216,1,6,62)
r(1,235,1,6,63)
r(2,216,1,6,64)
r(8,227,1,6,65)
r(6,234,1,6,66)
r(8,227,1,6,67)
r(1,235,1,6,68)
r(3,233,1,6,69)
r(9,225,1,7,70)
r(2,216,1,7,71)
r(4,218,1,7,72)
r(4,218,1,7,73)
r(7,232,1,7,74)
w(1,236,1,7,75)
w(5,237,1,7,76)
w(6,238,1,7,77)
w(4,239,1,7,78)
w(0,240,1,7,79)
r(3,233,1,8,80)
r(3,233,1,8,81)
r(0,240,1,8,82)
r(3,233,1,8,83)
r(2,216,1,8,84)
r(8,227,1,8,85)
r(5,237,1,8,86)
r(5,237,1,8,87)
r(6,238,1,8,88)
r(2,216,1,8,89)
