r(40,0,0,0)
r(97,0,0,0)
r(6,0,0,0)
r(90,0,0,0)
r(18,0,0,0)
r(61,235,0,0)
r(14,0,0,0)
r(37,0,0,0)
w(34,10,0,0)
w(34,11,0,0)
w(21,12,0,0)
w(70,13,0,0)
w(18,14,0,0)
w(98,15,0,0)
w(73,16,0,0)
r(46,0,0,1)
r(1,0,0,1)
r(29,0,0,1)
r(97,0,0,1)
r(34,11,0,1)
r(0,242,0,1)
r(59,462,0,1)
r(29,0,0,1)
r(44,0,0,1)
r(20,0,0,1)
r(73,16,0,1)
r(94,0,0,1)
r(24,0,0,1)
r(48,243,0,1)
r(36,0,0,1)
w(78,17,0,2)
w(4,18,0,2)
w(3,19,0,2)
w(29,20,0,2)
w(58,21,0,2)
w(50,22,0,2)
w(8,23,0,2)
w(64,24,0,2)
w(85,25,0,2)
w(78,26,0,2)
w(47,27,0,2)
w(70,28,0,2)
w(11,29,0,2)
w(23,30,0,2)
w(51,31,0,2)
r(81,232,0,3)
r(52,0,0,3)
r(39,240,0,3)
r(83,456,0,3)
r(32,0,0,3)
r(42,0,0,3)
r(17,0,0,3)
r(96,0,0,3)
r(74,459,0,3)
r(72,0,0,3)
r(1,0,0,3)
r(73,16,0,3)
r(51,31,0,3)
r(36,0,0,3)
r(73,16,0,3)
w(29,32,0,4)
w(39,33,0,4)
w(29,34,0,4)
w(4,35,0,4)
w(5,36,0,4)
w(4,37,0,4)
w(71,38,0,4)
w(57,39,0,4)
w(22,40,0,4)
w(33,41,0,4)
w(83,42,0,4)
w(67,43,0,4)
w(23,44,0,4)
w(82,45,0,4)
w(54,46,0,4)
r(54,46,0,5)
r(49,0,0,5)
r(27,236,0,5)
r(62,0,0,5)
r(91,0,0,5)
w(2,47,0,5)
w(89,48,0,5)
w(37,49,0,5)
w(3,50,0,5)
w(99,51,0,5)
w(38,52,0,5)
w(98,53,0,5)
w(42,54,0,5)
w(64,55,0,5)
w(96,56,0,5)
r(89,48,0,6)
r(50,310,0,6)
r(22,40,0,6)
r(60,298,0,6)
r(35,304,0,6)
r(71,38,0,6)
r(93,306,0,6)
w(2,74,0,6)
w(4,75,0,6)
w(20,76,0,6)
w(5,77,0,6)
w(89,78,0,6)
w(3,79,0,6)
w(78,80,0,6)
w(42,81,0,6)
r(2,74,0,7)
r(62,0,0,7)
r(29,287,0,7)
r(41,508,0,7)
r(97,285,0,7)
r(20,76,0,7)
r(33,296,0,7)
r(6,279,0,7)
r(76,0,0,7)
w(30,82,0,7)
w(20,83,0,7)
w(98,84,0,7)
w(40,85,0,7)
w(40,86,0,7)
w(40,87,0,7)
r(76,0,0,8)
r(53,0,0,8)
r(85,25,0,8)
r(32,0,0,8)
r(9,0,0,8)
r(67,43,0,8)
r(62,0,0,8)
r(5,77,0,8)
r(13,318,0,8)
w(32,88,0,8)
w(51,89,0,8)
w(40,90,0,8)
w(53,91,0,8)
w(53,92,0,8)
w(42,93,0,8)
r(12,537,0,9)
r(51,556,0,9)
r(79,297,0,9)
r(61,551,0,9)
r(82,267,0,9)
r(2,74,0,9)
r(51,556,0,9)
r(10,289,0,9)
r(20,83,0,9)
r(33,296,0,9)
r(83,548,0,9)
r(30,82,0,9)
r(76,0,0,9)
r(31,0,0,9)
r(18,560,0,9)
r(19,550,0,10)
r(54,521,0,10)
r(75,511,0,10)
r(36,526,0,10)
r(97,547,0,10)
r(48,243,0,10)
r(37,315,0,10)
r(84,244,0,10)
r(4,75,0,10)
r(35,304,0,10)
r(98,84,0,10)
w(57,1,0,10)
w(73,2,0,10)
w(54,3,0,10)
w(6,4,0,10)
r(25,286,0,11)
r(86,316,0,11)
r(53,92,0,11)
r(87,231,0,11)
r(93,573,0,11)
r(95,577,0,11)
r(58,569,0,11)
r(8,581,0,11)
r(55,571,0,11)
r(35,304,0,11)
r(85,558,0,11)
r(33,296,0,11)
r(41,508,0,11)
r(44,0,0,11)
r(39,524,0,11)
r(66,543,0,12)
r(62,544,0,12)
r(80,319,0,12)
r(95,577,0,12)
r(13,561,0,12)
r(75,579,0,12)
r(68,574,0,12)
r(9,0,0,12)
w(53,5,0,12)
w(82,6,0,12)
w(1,7,0,12)
w(78,8,0,12)
w(64,9,0,12)
w(80,10,0,12)
w(24,11,0,12)
r(7,305,0,13)
r(15,553,0,13)
r(65,568,0,13)
r(95,577,0,13)
r(12,537,0,13)
r(16,567,0,13)
r(48,243,0,13)
r(29,287,0,13)
r(76,0,0,13)
w(41,12,0,13)
w(64,13,0,13)
w(41,14,0,13)
w(47,15,0,13)
w(15,16,0,13)
w(46,17,0,13)
r(93,0,1,14)
r(46,0,1,14)
r(63,0,1,14)
r(82,0,1,14)
r(5,0,1,14)
w(77,226,1,14)
w(28,227,1,14)
w(64,228,1,14)
w(55,229,1,14)
w(77,230,1,14)
w(87,231,1,14)
w(81,232,1,14)
w(7,233,1,14)
w(15,234,1,14)
w(61,235,1,14)
w(27,236,1,15)
w(51,237,1,15)
w(48,238,1,15)
w(71,239,1,15)
w(39,240,1,15)
w(41,241,1,15)
w(0,242,1,15)
w(48,243,1,15)
w(84,244,1,15)
w(57,245,1,15)
w(68,246,1,15)
w(23,247,1,15)
w(13,248,1,15)
w(41,249,1,15)
w(69,250,1,15)
r(92,0,1,16)
r(82,0,1,16)
r(58,0,1,16)
r(14,0,1,16)
r(87,231,1,16)
r(43,0,1,16)
r(10,0,1,16)
r(45,461,1,16)
r(34,11,1,16)
r(88,0,1,16)
r(19,0,1,16)
r(54,0,1,16)
r(60,0,1,16)
r(99,0,1,16)
r(41,249,1,16)
r(4,18,1,17)
r(66,0,1,17)
r(92,0,1,17)
r(52,0,1,17)
r(86,0,1,17)
r(1,0,1,17)
r(71,239,1,17)
r(69,250,1,17)
r(61,235,1,17)
r(66,0,1,17)
r(3,19,1,17)
r(81,232,1,17)
r(65,0,1,17)
r(20,0,1,17)
r(32,0,1,17)
r(87,231,1,18)
r(2,0,1,18)
r(17,0,1,18)
r(25,0,1,18)
r(66,0,1,18)
r(80,0,1,18)
r(35,0,1,18)
r(35,0,1,18)
r(86,0,1,18)
r(2,0,1,18)
r(86,0,1,18)
r(55,229,1,18)
r(69,250,1,18)
r(34,11,1,18)
r(52,0,1,18)
r(14,0,1,19)
r(57,39,1,19)
r(51,31,1,19)
r(42,0,1,19)
r(21,12,1,19)
r(37,0,1,19)
r(2,0,1,19)
r(11,29,1,19)
r(34,11,1,19)
r(97,0,1,19)
r(14,0,1,19)
r(33,41,1,19)
r(79,455,1,19)
r(67,43,1,19)
r(74,459,1,19)
r(75,0,1,20)
r(24,0,1,20)
r(8,23,1,20)
r(95,0,1,20)
r(43,0,1,20)
r(5,36,1,20)
r(6,0,1,20)
r(82,45,1,20)
w(45,261,1,20)
w(75,262,1,20)
w(47,263,1,20)
w(75,264,1,20)
w(81,265,1,20)
w(19,266,1,20)
w(82,267,1,20)
r(65,0,1,21)
r(62,0,1,21)
r(54,46,1,21)
r(79,455,1,21)
r(40,0,1,21)
r(13,248,1,21)
r(42,54,1,21)
w(29,268,1,21)
w(25,269,1,21)
w(64,270,1,21)
w(58,271,1,21)
w(10,272,1,21)
w(29,273,1,21)
w(60,274,1,21)
w(54,275,1,21)
w(40,276,1,22)
w(34,277,1,22)
w(45,278,1,22)
w(6,279,1,22)
w(3,280,1,22)
w(57,281,1,22)
w(72,282,1,22)
w(43,283,1,22)
w(61,284,1,22)
w(97,285,1,22)
w(25,286,1,22)
w(29,287,1,22)
w(12,288,1,22)
w(10,289,1,22)
w(55,290,1,22)
r(7,233,1,23)
r(83,42,1,23)
r(52,0,1,23)
r(39,33,1,23)
r(18,14,1,23)
r(20,0,1,23)
r(50,22,1,23)
r(66,0,1,23)
w(3,291,1,23)
w(20,292,1,23)
w(57,293,1,23)
w(40,294,1,23)
w(15,295,1,23)
w(33,296,1,23)
w(79,297,1,23)
r(67,43,1,24)
r(7,233,1,24)
r(9,0,1,24)
r(8,23,1,24)
r(2,47,1,24)
r(22,40,1,24)
r(55,290,1,24)
r(89,48,1,24)
r(5,36,1,24)
r(95,0,1,24)
w(60,298,1,24)
w(83,299,1,24)
w(81,300,1,24)
w(51,301,1,24)
w(90,302,1,24)
r(96,56,1,25)
r(22,40,1,25)
r(55,290,1,25)
r(5,510,1,25)
r(87,231,1,25)
r(8,23,1,25)
r(27,236,1,25)
r(15,295,1,25)
w(59,303,1,25)
w(35,304,1,25)
w(7,305,1,25)
w(93,306,1,25)
w(27,307,1,25)
w(46,308,1,25)
w(83,309,1,25)
r(69,250,1,26)
r(49,0,1,26)
r(3,291,1,26)
r(19,266,1,26)
r(30,0,1,26)
w(50,310,1,26)
w(91,311,1,26)
w(27,312,1,26)
w(88,313,1,26)
w(51,314,1,26)
w(37,315,1,26)
w(86,316,1,26)
w(36,317,1,26)
w(13,318,1,26)
w(80,319,1,26)
r(11,0,2,27)
r(5,0,2,27)
r(7,0,2,27)
w(27,451,2,27)
w(79,452,2,27)
w(70,453,2,27)
w(70,454,2,27)
w(79,455,2,27)
w(83,456,2,27)
w(16,457,2,27)
w(47,458,2,27)
w(74,459,2,27)
w(4,460,2,27)
w(45,461,2,27)
w(59,462,2,27)
r(4,37,2,28)
r(68,246,2,28)
r(39,33,2,28)
r(55,290,2,28)
r(13,248,2,28)
r(25,286,2,28)
r(98,53,2,28)
r(99,51,2,28)
r(29,287,2,28)
r(1,0,2,28)
w(41,508,2,28)
w(2,509,2,28)
w(5,510,2,28)
w(75,511,2,28)
w(21,512,2,28)
r(61,284,2,29)
r(87,231,2,29)
r(28,227,2,29)
r(48,243,2,29)
r(82,267,2,29)
r(98,53,2,29)
r(73,16,2,29)
r(49,0,2,29)
w(81,520,2,29)
w(54,521,2,29)
w(28,522,2,29)
w(18,523,2,29)
w(39,524,2,29)
w(43,525,2,29)
w(36,526,2,29)
r(89,78,2,30)
r(68,246,2,30)
r(1,0,2,30)
r(61,284,2,30)
r(88,313,2,30)
r(87,231,2,30)
r(75,511,2,30)
w(69,527,2,30)
w(65,528,2,30)
w(17,529,2,30)
w(8,530,2,30)
w(45,531,2,30)
w(23,532,2,30)
w(69,533,2,30)
w(66,534,2,30)
r(53,92,2,31)
r(20,83,2,31)
r(18,523,2,31)
r(77,230,2,31)
r(87,231,2,31)
r(3,79,2,31)
r(35,304,2,31)
w(95,535,2,31)
w(95,536,2,31)
w(12,537,2,31)
w(23,538,2,31)
w(3,539,2,31)
w(18,540,2,31)
w(71,541,2,31)
w(70,542,2,31)
r(90,302,2,32)
r(24,0,2,32)
r(88,313,2,32)
r(16,457,2,32)
r(58,271,2,32)
r(8,530,2,32)
r(37,315,2,32)
w(66,543,2,32)
w(62,544,2,32)
w(81,545,2,32)
w(67,546,2,32)
w(97,547,2,32)
w(83,548,2,32)
w(40,549,2,32)
w(19,550,2,32)
w(61,551,2,33)
w(78,552,2,33)
w(15,553,2,33)
w(14,554,2,33)
w(58,555,2,33)
w(51,556,2,33)
w(26,557,2,33)
w(85,558,2,33)
w(63,559,2,33)
w(18,560,2,33)
w(13,561,2,33)
w(50,562,2,33)
w(92,563,2,33)
w(5,564,2,33)
w(28,565,2,33)
r(83,548,2,34)
r(43,525,2,34)
r(10,289,2,34)
r(80,319,2,34)
r(51,556,2,34)
r(18,560,2,34)
r(92,563,2,34)
r(29,287,2,34)
r(40,549,2,34)
r(59,303,2,34)
w(91,566,2,34)
w(16,567,2,34)
w(65,568,2,34)
w(58,569,2,34)
w(52,570,2,34)
w(55,571,2,35)
w(24,572,2,35)
w(93,573,2,35)
w(68,574,2,35)
w(10,575,2,35)
w(8,576,2,35)
w(95,577,2,35)
w(70,578,2,35)
w(75,579,2,35)
w(8,580,2,35)
w(8,581,2,35)
w(79,582,2,35)
w(2,583,2,35)
w(40,584,2,35)
w(37,585,2,35)
r(54,3,2,36)
r(19,550,2,36)
r(54,3,2,36)
r(54,3,2,36)
r(75,27,2,36)
r(6,4,2,36)
r(34,277,2,36)
r(41,14,2,36)
r(84,244,2,36)
w(42,451,2,36)
w(48,452,2,36)
w(23,453,2,36)
w(32,454,2,36)
w(44,455,2,36)
w(56,456,2,36)
r(97,23,2,37)
r(79,582,2,37)
r(62,544,2,37)
r(8,581,2,37)
r(10,575,2,37)
r(37,585,2,37)
w(23,457,2,37)
w(14,458,2,37)
w(46,459,2,37)
w(27,460,2,37)
w(29,461,2,37)
w(62,462,2,37)
w(0,463,2,37)
w(90,464,2,37)
w(40,465,2,37)
r(12,32,2,38)
r(13,29,2,38)
r(16,567,2,38)
r(76,0,2,38)
r(18,560,2,38)
r(11,29,2,38)
r(95,30,2,38)
r(75,27,2,38)
r(95,30,2,38)
r(52,570,2,38)
r(91,566,2,38)
r(53,5,2,38)
r(55,571,2,38)
r(86,316,2,38)
r(28,565,2,38)
w(21,466,2,39)
w(13,467,2,39)
w(32,468,2,39)
w(20,469,2,39)
w(16,470,2,39)
w(82,471,2,39)
w(49,472,2,39)
w(10,473,2,39)
w(72,474,2,39)
w(54,475,2,39)
w(89,476,2,39)
w(55,477,2,39)
w(53,478,2,39)
w(19,479,2,39)
w(60,480,2,39)
r(82,471,2,40)
r(64,13,2,40)
r(77,230,2,40)
r(40,465,2,40)
r(11,29,2,40)
r(90,464,2,40)
r(32,468,2,40)
w(33,481,2,40)
w(63,482,2,40)
w(71,483,2,40)
w(10,484,2,40)
w(67,485,2,40)
w(33,486,2,40)
w(30,487,2,40)
w(58,488,2,40)
