w(82,451,2,0,0)
w(64,452,2,0,1)
w(40,453,2,0,2)
w(59,454,2,0,3)
w(36,455,2,0,4)
w(37,456,2,0,5)
w(82,457,2,0,6)
w(98,458,2,0,7)
w(75,459,2,0,8)
w(3,460,2,0,9)
w(68,461,2,0,10)
w(29,462,2,0,11)
w(50,463,2,0,12)
w(45,464,2,0,13)
w(26,465,2,0,14)
w(82,466,2,1,15)
w(9,467,2,1,16)
w(18,468,2,1,17)
w(34,469,2,1,18)
w(41,470,2,1,19)
w(30,471,2,1,20)
w(46,472,2,1,21)
w(60,473,2,1,22)
w(91,474,2,1,23)
w(35,475,2,1,24)
w(29,476,2,1,25)
w(15,477,2,1,26)
w(97,478,2,1,27)
w(51,479,2,1,28)
w(14,480,2,1,29)
w(80,481,2,2,30)
w(18,482,2,2,31)
w(96,483,2,2,32)
w(55,484,2,2,33)
w(59,485,2,2,34)
w(9,486,2,2,35)
w(84,487,2,2,36)
w(48,488,2,2,37)
w(66,489,2,2,38)
w(46,490,2,2,39)
w(40,491,2,2,40)
w(97,492,2,2,41)
w(58,493,2,2,42)
w(14,494,2,2,43)
w(48,495,2,2,44)
r(26,465,2,3,45)
r(18,482,2,3,46)
r(86,0,2,3,47)
r(82,466,2,3,48)
r(64,452,2,3,49)
r(72,0,2,3,50)
r(37,456,2,3,51)
r(56,0,2,3,52)
r(14,494,2,3,53)
r(29,476,2,3,54)
r(63,0,2,3,55)
w(98,496,2,3,56)
w(26,497,2,3,57)
w(69,498,2,3,58)
w(90,499,2,3,59)
r(35,475,2,4,60)
r(96,483,2,4,61)
r(11,0,2,4,62)
r(5,9,2,4,63)
r(4,0,2,4,64)
r(4,0,2,4,65)
w(71,500,2,4,66)
w(25,501,2,4,67)
w(18,502,2,4,68)
w(21,503,2,4,69)
w(66,504,2,4,70)
w(61,505,2,4,71)
w(1,506,2,4,72)
w(77,507,2,4,73)
w(35,508,2,4,74)
r(59,485,2,5,75)
r(27,0,2,5,76)
r(48,495,2,5,77)
r(88,0,2,5,78)
r(87,0,2,5,79)
r(46,490,2,5,80)
r(73,0,2,5,81)
r(73,0,2,5,82)
r(51,479,2,5,83)
r(82,466,2,5,84)
r(18,502,2,5,85)
r(12,0,2,5,86)
r(65,0,2,5,87)
r(43,0,2,5,88)
r(10,0,2,5,89)
w(12,509,2,6,90)
w(43,510,2,6,91)
w(56,511,2,6,92)
w(40,512,2,6,93)
w(83,513,2,6,94)
w(92,514,2,6,95)
w(1,515,2,6,96)
w(84,516,2,6,97)
w(8,517,2,6,98)
w(48,518,2,6,99)
w(49,519,2,6,100)
w(36,520,2,6,101)
w(82,521,2,6,102)
w(29,522,2,6,103)
w(43,523,2,6,104)
r(42,0,2,7,105)
r(69,498,2,7,106)
r(79,0,2,7,107)
r(93,0,2,7,108)
r(2,0,2,7,109)
r(86,0,2,7,110)
r(12,509,2,7,111)
r(17,0,2,7,112)
r(60,473,2,7,113)
r(48,518,2,7,114)
r(2,0,2,7,115)
r(18,502,2,7,116)
r(31,0,2,7,117)
r(30,471,2,7,118)
r(4,0,2,7,119)
w(68,524,2,8,120)
w(45,525,2,8,121)
w(84,526,2,8,122)
w(11,527,2,8,123)
w(42,528,2,8,124)
w(38,529,2,8,125)
w(62,530,2,8,126)
w(3,531,2,8,127)
w(44,532,2,8,128)
w(91,533,2,8,129)
w(70,534,2,8,130)
w(83,535,2,8,131)
w(84,536,2,8,132)
w(33,537,2,8,133)
w(54,538,2,8,134)
r(72,0,2,9,135)
r(19,0,2,9,136)
r(93,0,2,9,137)
r(74,0,2,9,138)
r(27,0,2,9,139)
r(93,0,2,9,140)
r(64,452,2,9,141)
r(64,452,2,9,142)
r(14,494,2,9,143)
r(99,0,2,9,144)
r(99,0,2,9,145)
r(33,537,2,9,146)
r(28,0,2,9,147)
r(48,518,2,9,148)
r(89,0,2,9,149)
w(63,539,2,10,150)
w(66,540,2,10,151)
w(87,541,2,10,152)
w(17,542,2,10,153)
w(93,543,2,10,154)
w(6,544,2,10,155)
w(32,545,2,10,156)
w(66,546,2,10,157)
w(4,547,2,10,158)
w(26,548,2,10,159)
w(51,549,2,10,160)
w(53,550,2,10,161)
w(10,551,2,10,162)
w(46,552,2,10,163)
w(38,553,2,10,164)
r(1,515,2,11,165)
r(33,537,2,11,166)
r(50,463,2,11,167)
r(52,0,2,11,168)
r(27,0,2,11,169)
r(57,0,2,11,170)
r(41,470,2,11,171)
w(47,554,2,11,172)
w(43,555,2,11,173)
w(43,556,2,11,174)
w(42,557,2,11,175)
w(93,558,2,11,176)
w(93,559,2,11,177)
w(69,560,2,11,178)
w(18,561,2,11,179)
r(70,534,2,12,180)
r(33,537,2,12,181)
r(72,0,2,12,182)
r(7,7,2,12,183)
r(87,541,2,12,184)
r(22,0,2,12,185)
w(85,562,2,12,186)
w(64,563,2,12,187)
w(27,564,2,12,188)
w(14,565,2,12,189)
w(94,566,2,12,190)
w(44,567,2,12,191)
w(90,568,2,12,192)
w(92,569,2,12,193)
w(12,570,2,12,194)
w(80,571,2,13,195)
w(12,572,2,13,196)
w(60,573,2,13,197)
w(14,574,2,13,198)
w(93,575,2,13,199)
w(90,576,2,13,200)
w(86,577,2,13,201)
w(70,578,2,13,202)
w(48,579,2,13,203)
w(45,580,2,13,204)
w(60,581,2,13,205)
w(20,582,2,13,206)
w(87,583,2,13,207)
w(71,584,2,13,208)
w(66,585,2,13,209)
